File: C:\MED-PC IV\DATA\!2025-05-21_14h06m.Subject T10



Start Date: 05/21/25
End Date: 05/21/25
Subject: T10
Experiment: OralFentSA
Group: One
Box: 4
Start Time: 14:06:11
End Time: 17:06:15
MSN: Golden_Liq_SelfAdmin
F:       0.000
G:    1106.000
H:   10800.010
I:       0.000
J:       0.000
K:       0.000
L:       0.000
M:       0.000
N:       0.000
O:       0.000
P:       0.000
Q:       0.000
R:       0.000
S:       0.000
U:       0.000
V:       0.000
W:       0.000
X:       0.000
Y:       0.000
Z:       0.000
A:
     0:        0.000        0.000      180.000        4.000        0.000
     5:        5.000        0.000        5.000        0.000        0.000
    10:        1.000        0.000       10.000  3000000.000       25.000
    15:        7.000      640.000        0.000        0.000        0.000
    20:        0.000
B:
     0:        0.000        0.000        0.000      400.000        0.000
     5:      500.000        0.000      500.000        0.000        0.000
    10:        0.000        0.000     1000.000 300000000.00        0.000
    15:        0.000        0.000        0.000        0.000        0.000
    20:        0.000
C:
     0:       19.000       20.000        0.000      110.000      651.000
     5:    10030.070        7.310       19.000      222.210       11.695
    10:      110.000        3.000        0.000        0.000        0.000
    15:        0.000        0.000        0.000        0.000        0.000
    20:        0.000
D:
     0:        9.590        3.750       57.980        4.340        2.540
     5:        2.680        5.410       10.380        3.630       38.790
    10:        1.100        5.140        1.760        8.120       25.010
    15:       21.520        6.150        7.010        7.310
E:
     0:       19.000       11.000       26.000       27.000        6.000
     5:        6.000        6.000        6.000        6.000        6.000
    10:        6.000        6.000        6.000        6.000        6.000
    15:        6.000        6.000        6.000        6.000        6.000
    20:        6.000        6.000        2.000        4.000       22.000
    25:       24.000       12.000       13.000        8.000        5.000
    30:       17.000       21.000       22.000       21.000       22.000
    35:       21.000       22.000       21.000       22.000       18.000
    40:       14.000       10.000       21.000       22.000       21.000
    45:       22.000       21.000       22.000       21.000       22.000
    50:        6.000       19.000       11.000        6.000        6.000
    55:        6.000        6.000        6.000        6.000        6.000
    60:        6.000        6.000        6.000        6.000        6.000
    65:        6.000        2.000        4.000       22.000       24.000
    70:       12.000       13.000        8.000        5.000       17.000
    75:       21.000       22.000       21.000       22.000       21.000
    80:       22.000       21.000       22.000        6.000       18.000
    85:       14.000       10.000       21.000       22.000       21.000
    90:       22.000       21.000       22.000       21.000       22.000
    95:       21.000       22.000       21.000       22.000       21.000
   100:       22.000       21.000       22.000       21.000       22.000
   105:       21.000       22.000       21.000       22.000       21.000
   110:       22.000       21.000       22.000       21.000       22.000
   115:       21.000       22.000       21.000       22.000       21.000
   120:       22.000       21.000       22.000       21.000       22.000
   125:       21.000       22.000       21.000       22.000       19.000
   130:       11.000        2.000        4.000       22.000       24.000
   135:       12.000       13.000        8.000        5.000       17.000
   140:       21.000       22.000       21.000       22.000       18.000
   145:       14.000       10.000       21.000       22.000       21.000
   150:       22.000       21.000       22.000       21.000       22.000
   155:       21.000       22.000       19.000       11.000        6.000
   160:        6.000        6.000        6.000        6.000        6.000
   165:        6.000        6.000        2.000        4.000       22.000
   170:       24.000       12.000       13.000        8.000        5.000
   175:       17.000       21.000       22.000       21.000       22.000
   180:       21.000       22.000       21.000       22.000       21.000
   185:       22.000       21.000       22.000       18.000        6.000
   190:       14.000       10.000        6.000        6.000        6.000
   195:       19.000       11.000        6.000        6.000        6.000
   200:        6.000        6.000        6.000        6.000        6.000
   205:        6.000        6.000        2.000        4.000       22.000
   210:       24.000       12.000       13.000        8.000        5.000
   215:       17.000       21.000       22.000       21.000       22.000
   220:       21.000       22.000        6.000       18.000       14.000
   225:       10.000       19.000       11.000        6.000        6.000
   230:        6.000        6.000        6.000        6.000        6.000
   235:        6.000        6.000        2.000        4.000       22.000
   240:       24.000       12.000       13.000        8.000        5.000
   245:       17.000       21.000       22.000       21.000       22.000
   250:       21.000       22.000        6.000       18.000       14.000
   255:       10.000        6.000       19.000       11.000        6.000
   260:        6.000        6.000        6.000        6.000        6.000
   265:        6.000        6.000        6.000        6.000        6.000
   270:        6.000        6.000        6.000        6.000        6.000
   275:        6.000        6.000        6.000        6.000        6.000
   280:        6.000        6.000        6.000        6.000        6.000
   285:        6.000        6.000        6.000        6.000        6.000
   290:        6.000        6.000        6.000        6.000        6.000
   295:        6.000        6.000        6.000        6.000        6.000
   300:        6.000        6.000        6.000        6.000        6.000
   305:        6.000        6.000        6.000        6.000        6.000
   310:        6.000        6.000        6.000        6.000        6.000
   315:        6.000        6.000        6.000        6.000        6.000
   320:        6.000        6.000        6.000        6.000        6.000
   325:        6.000        6.000        6.000        6.000        6.000
   330:        6.000        6.000        6.000        6.000        6.000
   335:        6.000        6.000        6.000        6.000        6.000
   340:        6.000        6.000        6.000        6.000        6.000
   345:        6.000        6.000        6.000        6.000        6.000
   350:        6.000        6.000        6.000        6.000        6.000
   355:        6.000        6.000        6.000        6.000        6.000
   360:        6.000        6.000        6.000        6.000        6.000
   365:        6.000        6.000        6.000        6.000        6.000
   370:        6.000        6.000        6.000        6.000        6.000
   375:        6.000        6.000        6.000        6.000        6.000
   380:        6.000        6.000        6.000        6.000        6.000
   385:        6.000        6.000        6.000        6.000        6.000
   390:        6.000        6.000        6.000        6.000        6.000
   395:        2.000        4.000       22.000       24.000       12.000
   400:       13.000        8.000        5.000       17.000       21.000
   405:       22.000       18.000       14.000       10.000        6.000
   410:       19.000       11.000        6.000        6.000        6.000
   415:        6.000        2.000        4.000       22.000       24.000
   420:       12.000       13.000        8.000        5.000       17.000
   425:       21.000       22.000       21.000       22.000       21.000
   430:       22.000       21.000       22.000       18.000       14.000
   435:       10.000       19.000       11.000        6.000        6.000
   440:        6.000        6.000        6.000        6.000        6.000
   445:        6.000        6.000        6.000        6.000        6.000
   450:        6.000        6.000        6.000        6.000        6.000
   455:        6.000        6.000        6.000        6.000        6.000
   460:        6.000        6.000        6.000        6.000        6.000
   465:        6.000        6.000        6.000        6.000        6.000
   470:        6.000        6.000        6.000        6.000        6.000
   475:        6.000        6.000        6.000        6.000        6.000
   480:        6.000        6.000        6.000        6.000        6.000
   485:        6.000        6.000        6.000        6.000        6.000
   490:        6.000        6.000        6.000        6.000        6.000
   495:        6.000        6.000        6.000        6.000        6.000
   500:        6.000        6.000        6.000        6.000        6.000
   505:        6.000        6.000        6.000        6.000        6.000
   510:        6.000        6.000        2.000        4.000       22.000
   515:       24.000       12.000       13.000        8.000        5.000
   520:       17.000       21.000       22.000       21.000       22.000
   525:       21.000       22.000       21.000       22.000       21.000
   530:       22.000       21.000       22.000        6.000       18.000
   535:        6.000       14.000       10.000        6.000        6.000
   540:        6.000       19.000       11.000        6.000        6.000
   545:        2.000        4.000       22.000       24.000       12.000
   550:       13.000        8.000        5.000       17.000       21.000
   555:       22.000       21.000       22.000       21.000       22.000
   560:       21.000       22.000       21.000       22.000       21.000
   565:       22.000       21.000       22.000       18.000       14.000
   570:       10.000       19.000       11.000       23.000        6.000
   575:        6.000        6.000        6.000        6.000        6.000
   580:        6.000        6.000        6.000        6.000        6.000
   585:        6.000        6.000        6.000        6.000        6.000
   590:        6.000        2.000        4.000       22.000       24.000
   595:       12.000       13.000        8.000        5.000       17.000
   600:       21.000       22.000        6.000        6.000       18.000
   605:       14.000       10.000        6.000       19.000       11.000
   610:        6.000        6.000        6.000        6.000        6.000
   615:        6.000        6.000        6.000        6.000        6.000
   620:        6.000        6.000        6.000        6.000        6.000
   625:        6.000        6.000        6.000        6.000        6.000
   630:        6.000        6.000        2.000        4.000       22.000
   635:       24.000       12.000       13.000        8.000        5.000
   640:       17.000       21.000       22.000       21.000       22.000
   645:       18.000       14.000       10.000        6.000       19.000
   650:       11.000        6.000        6.000        6.000        6.000
   655:        6.000        6.000        6.000        6.000        6.000
   660:        6.000        6.000        6.000        6.000        6.000
   665:        6.000        6.000        6.000        6.000        6.000
   670:        6.000        6.000        6.000        6.000        6.000
   675:        6.000        6.000        6.000        6.000        6.000
   680:        6.000        6.000        6.000        6.000        6.000
   685:        6.000        6.000        6.000        6.000        6.000
   690:        6.000        6.000        6.000        6.000        6.000
   695:        6.000        6.000        6.000        6.000        6.000
   700:        6.000        6.000        6.000        6.000        6.000
   705:        6.000        6.000        6.000        6.000        6.000
   710:        6.000        6.000        6.000        6.000        6.000
   715:        6.000        6.000        6.000        6.000        6.000
   720:        6.000        6.000        6.000        6.000        6.000
   725:        6.000        6.000        6.000        6.000        6.000
   730:        6.000        6.000        6.000        6.000        6.000
   735:        6.000        6.000        6.000        6.000        6.000
   740:        6.000        6.000        6.000        6.000        6.000
   745:        2.000        4.000       22.000       24.000       12.000
   750:       13.000        8.000        5.000       17.000       21.000
   755:       22.000        6.000        6.000       18.000       14.000
   760:       10.000        6.000        6.000        6.000        6.000
   765:       19.000       11.000        6.000        6.000        6.000
   770:        6.000        6.000        6.000        6.000        6.000
   775:        6.000        6.000        6.000        6.000        6.000
   780:        6.000        6.000        6.000        6.000        6.000
   785:        6.000       23.000        6.000        6.000        6.000
   790:        2.000        4.000       22.000       24.000       12.000
   795:       13.000        8.000        5.000       17.000       18.000
   800:       14.000       10.000        6.000       19.000       11.000
   805:        6.000        6.000        6.000        6.000        6.000
   810:        6.000        6.000        6.000        6.000        6.000
   815:        6.000        6.000        6.000        6.000        6.000
   820:        6.000        6.000        2.000        4.000       22.000
   825:       24.000       12.000       13.000        8.000        5.000
   830:       17.000       21.000       22.000       21.000       22.000
   835:       21.000       22.000       18.000       14.000       10.000
   840:       19.000       11.000        6.000        6.000        6.000
   845:        6.000        6.000        6.000        6.000        6.000
   850:        6.000        6.000        6.000        6.000        6.000
   855:        6.000        6.000        6.000        6.000        6.000
   860:        6.000        6.000        6.000        6.000        6.000
   865:        6.000        6.000        6.000        6.000        2.000
   870:        4.000       22.000       24.000       12.000       13.000
   875:        8.000        5.000       17.000       21.000       22.000
   880:       21.000       22.000       21.000       22.000       21.000
   885:       22.000       21.000       22.000       21.000       22.000
   890:       18.000       14.000       10.000       19.000       11.000
   895:        6.000        6.000        6.000        6.000        6.000
   900:        6.000        6.000        6.000        6.000        6.000
   905:        6.000        6.000        6.000        6.000        6.000
   910:        6.000        6.000        6.000        6.000        6.000
   915:        6.000        6.000        6.000        6.000        6.000
   920:        6.000        6.000        6.000        6.000        6.000
   925:        6.000        6.000        6.000        6.000        6.000
   930:        6.000        6.000        6.000        6.000        6.000
   935:        6.000        6.000        6.000        6.000        6.000
   940:        6.000        6.000        6.000        6.000        6.000
   945:        6.000        6.000        6.000        6.000        6.000
   950:        6.000        6.000        6.000        6.000        6.000
   955:        6.000        6.000        6.000        6.000        6.000
   960:        6.000        6.000        6.000        6.000        6.000
   965:        6.000        6.000        6.000        6.000        6.000
   970:        6.000        6.000        6.000        6.000        6.000
   975:        6.000        6.000        6.000        6.000        6.000
   980:        6.000       23.000        6.000        2.000        4.000
   985:       22.000       24.000       12.000       13.000        8.000
   990:        5.000       17.000       18.000       14.000       10.000
   995:        6.000        6.000        6.000        6.000        6.000
  1000:        6.000       19.000       11.000        6.000        6.000
  1005:        2.000        4.000       22.000       24.000       12.000
  1010:       13.000        8.000        5.000       17.000       21.000
  1015:       22.000       21.000       22.000       21.000       22.000
  1020:       21.000       22.000       21.000       22.000       21.000
  1025:       22.000       21.000       22.000       21.000       22.000
  1030:       18.000       14.000       10.000        6.000        6.000
  1035:       19.000       11.000        6.000        6.000        6.000
  1040:        6.000        6.000        6.000        6.000        6.000
  1045:        6.000        6.000        6.000        6.000        6.000
  1050:        6.000        6.000        6.000        6.000        2.000
  1055:        4.000       22.000       24.000       12.000       13.000
  1060:        8.000        5.000       17.000       18.000       14.000
  1065:       10.000        6.000       19.000       11.000        6.000
  1070:        6.000        6.000        6.000        6.000        6.000
  1075:        6.000        6.000        6.000        6.000        6.000
  1080:        6.000        6.000        6.000        6.000        6.000
  1085:        6.000        6.000        6.000        6.000        6.000
  1090:        6.000        6.000        6.000        6.000        6.000
  1095:        6.000        6.000        6.000        6.000        6.000
  1100:        6.000        6.000        6.000        6.000        6.000
  1105:        6.000      100.000
T:
     0:        0.000        0.000        0.000        0.000       16.460
     5:       16.610       17.410       17.680       19.160       20.270
    10:       26.040       60.820       60.960       91.820       92.940
    15:       93.550       93.670       93.710       93.750       94.060
    20:       94.440      103.560      108.730      108.730      108.730
    25:      108.740      108.740      108.740      108.740      108.740
    30:      108.740      108.920      108.920      110.780      110.780
    35:      110.850      110.850      111.050      111.050      112.740
    40:      113.740      113.740      114.290      114.290      114.320
    45:      114.320      114.350      114.350      115.800      115.800
    50:      118.330      118.730      118.740      119.600      129.340
    55:      131.080      131.430      131.540      131.860      132.270
    60:      132.330      132.400      132.840      149.530      149.670
    65:      149.740      153.020      153.020      153.020      153.030
    70:      153.030      153.030      153.030      153.030      153.030
    75:      153.140      153.140      153.170      153.170      153.210
    80:      153.210      153.450      153.450      156.780      157.030
    85:      158.030      158.030      160.050      160.050      160.080
    90:      160.080      160.230      160.230      160.350      160.350
    95:      160.370      160.370      160.780      160.780      160.910
   100:      160.910      160.930      160.930      160.950      160.950
   105:      160.980      160.980      161.000      161.000      161.160
   110:      161.160      161.580      161.580      161.650      161.650
   115:      161.680      161.680      161.870      161.870      161.900
   120:      161.900      161.910      161.910      162.010      162.010
   125:      162.030      162.030      162.800      162.800      163.020
   130:      163.030      167.440      167.440      167.440      167.450
   135:      167.450      167.450      167.450      167.450      167.450
   140:      167.500      167.500      167.830      167.830      171.450
   145:      172.450      172.450      172.650      172.650      172.690
   150:      172.690      172.750      172.750      172.780      172.780
   155:      173.390      173.390      177.440      177.450      225.430
   160:      276.760      284.750      286.850      286.880      291.190
   165:      291.440      293.560      296.760      296.760      296.760
   170:      296.770      296.770      296.770      296.770      296.770
   175:      296.770      296.820      296.820      296.840      296.840
   180:      297.520      297.520      297.710      297.710      297.750
   185:      297.750      297.870      297.870      300.770      301.110
   190:      301.770      301.770      303.490      304.070      304.720
   195:      306.760      306.770      306.840      307.240      307.320
   200:      307.440      307.970      310.540      313.150      373.850
   205:      418.340      419.150      509.830      509.830      509.830
   210:      509.840      509.840      509.840      509.840      509.840
   215:      509.840      510.230      510.230      510.360      510.360
   220:      510.630      510.630      512.380      513.840      514.840
   225:      514.840      519.830      519.840      526.890      583.150
   230:      583.570      591.780      591.920      598.420      631.960
   235:      635.500      686.200      694.220      694.220      694.220
   240:      694.230      694.230      694.230      694.230      694.230
   245:      694.230      694.260      694.260      694.340      694.340
   250:      695.310      695.310      696.910      698.230      699.230
   255:      699.230      701.500      704.220      704.230      707.340
   260:      710.270      711.700      714.900      715.020      721.180
   265:      723.510      725.670      725.730      727.380      727.570
   270:      727.580      727.740      728.260      729.470      729.770
   275:      730.880      731.070      731.190      731.530      732.210
   280:      732.390      732.850      732.960      734.340      734.480
   285:      735.150      735.580      736.650      736.710      738.470
   290:      739.470      740.150      740.170      740.520      740.980
   295:      741.420      741.640      741.780      741.930      743.190
   300:      743.200      743.280      743.570      743.720      745.900
   305:      746.260      747.140      747.260      749.030      749.220
   310:      749.720      751.900      759.610      760.440      760.580
   315:      760.620      760.630      765.230      765.340      765.780
   320:      766.120      797.290      797.580      799.320      822.350
   325:      823.250      846.310      933.930     1107.300     1128.780
   330:     1143.710     1164.670     1169.650     1177.310     1260.860
   335:     1266.650     1267.010     1267.320     1274.700     1276.360
   340:     1277.000     1277.790     1277.930     1278.870     1279.270
   345:     1279.700     1279.750     1279.900     1284.670     1284.930
   350:     1285.180     1288.940     1295.610     1296.000     1296.020
   355:     1296.400     1298.440     1299.180     1299.870     1300.130
   360:     1300.320     1300.850     1300.880     1300.900     1302.520
   365:     1302.640     1348.070     1348.090     1350.300     1350.820
   370:     1350.910     1395.070     1416.370     1640.440     1745.440
   375:     2143.850     2153.500     2156.650     2162.320     2163.350
   380:     2164.290     2164.350     2164.530     2165.640     2166.310
   385:     2166.680     2167.130     2167.500     2168.270     2168.670
   390:     2171.480     2197.300     2197.780     2227.830     2295.840
   395:     2313.290     2313.290     2313.290     2313.300     2313.300
   400:     2313.300     2313.300     2313.300     2313.300     2313.820
   405:     2313.820     2317.300     2318.300     2318.300     2318.710
   410:     2323.290     2323.300     2327.600     2327.870     2327.960
   415:     2329.380     2331.640     2331.640     2331.640     2331.650
   420:     2331.650     2331.650     2331.650     2331.650     2331.650
   425:     2332.140     2332.140     2333.070     2333.070     2333.110
   430:     2333.110     2333.390     2333.390     2335.650     2336.650
   435:     2336.650     2341.640     2341.650     2342.030     2346.670
   440:     2355.380     2362.730     2377.420     2430.490     2464.530
   445:     2648.040     2739.390     2749.510     2750.800     2755.340
   450:     2755.630     2778.980     2780.650     2795.470     2807.170
   455:     2809.450     2814.200     2853.160     2893.080     2896.240
   460:     3027.790     3028.440     3302.140     3472.370     3494.910
   465:     3506.750     3533.900     3979.910     3980.910     3981.590
   470:     3988.430     3991.280     3992.000     3992.670     3992.730
   475:     3995.770     3996.080     3999.670     4000.210     4000.470
   480:     4001.650     4002.570     4002.970     4003.020     4004.550
   485:     4030.510     4031.270     4033.640     4089.690     4113.800
   490:     4138.360     4141.760     4143.060     4143.160     4148.810
   495:     4149.110     4149.160     4149.920     4151.000     4151.080
   500:     4151.290     4152.020     4152.980     4153.670     4153.710
   505:     4153.740     4153.940     4153.970     4154.350     4154.780
   510:     4154.870     4172.380     4174.510     4174.510     4174.510
   515:     4174.520     4174.520     4174.520     4174.520     4174.520
   520:     4174.520     4174.940     4174.940     4175.200     4175.200
   525:     4175.980     4175.980     4176.010     4176.010     4176.040
   530:     4176.040     4176.520     4176.520     4178.150     4178.520
   535:     4178.960     4179.520     4179.520     4182.370     4183.550
   540:     4183.600     4184.510     4184.520     4185.850     4187.450
   545:     4189.780     4189.780     4189.780     4189.790     4189.790
   550:     4189.790     4189.790     4189.790     4189.790     4190.010
   555:     4190.010     4191.150     4191.150     4191.190     4191.190
   560:     4191.270     4191.270     4192.610     4192.610     4192.710
   565:     4192.710     4193.330     4193.330     4193.790     4194.790
   570:     4194.790     4199.780     4199.790     4220.810     4228.580
   575:     4238.860     4243.590     4245.990     4273.400     4325.770
   580:     4334.250     4348.370     4348.530     4349.590     4350.960
   585:     4365.070     4369.450     4373.600     4376.000     4376.840
   590:     4378.620     4381.950     4381.950     4381.950     4381.960
   595:     4381.960     4381.960     4381.960     4381.960     4381.960
   600:     4382.330     4382.330     4383.060     4383.890     4385.960
   605:     4386.960     4386.960     4388.050     4391.950     4391.960
   610:     4393.970     4395.400     4418.320     4844.610     4847.090
   615:     4847.350     4975.300     5065.210     5175.600     5232.030
   620:     5249.680     5254.020     5431.730     5473.240     5558.160
   625:     5612.910     5617.290     5718.180     5723.710     5724.480
   630:     5724.880     5727.250     5728.910     5728.910     5728.910
   635:     5728.920     5728.920     5728.920     5728.920     5728.920
   640:     5728.920     5728.950     5728.950     5729.290     5729.290
   645:     5732.920     5733.920     5733.920     5734.060     5738.910
   650:     5738.920     5798.110     5798.180     5798.400     5799.440
   655:     5800.930     5801.030     5801.090     5801.290     5801.480
   660:     5801.500     5801.660     5802.660     5802.890     5816.740
   665:     6033.410     6033.620     6105.140     6105.220     6105.240
   670:     6114.970     6117.860     6117.880     6118.090     6126.900
   675:     6127.450     6132.650     6132.760     6133.300     6133.520
   680:     6135.790     6139.040     6142.690     6142.740     6143.320
   685:     6147.420     6150.530     6152.000     6152.450     6152.640
   690:     6161.510     6163.490     6164.380     6164.930     6207.290
   695:     6252.670     6258.850     6264.900     6265.130     6364.730
   700:     6365.050     6365.290     6365.890     6366.980     6367.120
   705:     6367.220     6370.020     6370.610     6377.240     6388.890
   710:     6389.150     6391.460     6402.710     6714.300     6714.630
   715:     6716.210     6717.490     6718.000     6727.850     6728.360
   720:     6729.430     6734.580     6735.030     6736.480     6736.890
   725:     6739.030     6746.800     6747.020     6747.580     6748.660
   730:     6750.120     6750.720     6751.760     6751.990     6752.830
   735:     6753.910     6754.720     6759.360     6759.900     6760.050
   740:     6760.300     6766.550     6773.470     6779.050     6780.830
   745:     6783.670     6783.670     6783.670     6783.680     6783.680
   750:     6783.680     6783.680     6783.680     6783.680     6783.980
   755:     6783.980     6785.440     6786.430     6787.680     6788.680
   760:     6788.680     6789.080     6790.390     6790.700     6792.790
   765:     6793.670     6793.680     6793.760     6798.430     6799.550
   770:     6799.570     6810.970     6811.480     6811.960     6812.680
   775:     6812.920     6813.420     6813.640     6813.890     6814.910
   780:     6816.280     6816.430     6816.980     6817.050     6817.140
   785:     6817.210     6863.900     6868.710     6957.220     6957.890
   790:     6962.530     6962.530     6962.530     6962.540     6962.540
   795:     6962.540     6962.540     6962.540     6962.540     6966.540
   800:     6967.540     6967.540     6970.660     6972.530     6972.540
   805:     6978.250     7015.300     7085.190     7089.110     7129.130
   810:     7160.830     7224.160     7236.550     7261.030     7477.870
   815:     8154.960     8155.800     8201.050     8224.510     8225.230
   820:     8294.110     8294.160     8300.460     8300.460     8300.460
   825:     8300.470     8300.470     8300.470     8300.470     8300.470
   830:     8300.470     8300.500     8300.500     8300.530     8300.530
   835:     8300.830     8300.830     8304.470     8305.470     8305.470
   840:     8310.460     8310.470     8325.480     8325.840     8325.890
   845:     8364.390     8373.890     8378.340     8383.980     8393.450
   850:     8393.890     8396.790     8397.370     8397.420     8397.450
   855:     8397.520     8397.950     8612.100     8612.850     8620.650
   860:     8630.680     8637.440     8637.870     8689.320     8689.970
   865:     8694.520     8710.640     8717.100     8717.510     8719.500
   870:     8719.500     8719.500     8719.510     8719.510     8719.510
   875:     8719.510     8719.510     8719.510     8719.570     8719.570
   880:     8719.770     8719.770     8722.520     8722.520     8722.590
   885:     8722.590     8722.620     8722.620     8722.810     8722.810
   890:     8723.510     8724.510     8724.510     8729.500     8729.510
   895:     8741.030     8742.470     8745.450     8745.480     8749.460
   900:     8751.220     8760.300     8775.280     8871.280     8881.710
   905:     8906.760     8908.830     8917.570     8920.310     8920.630
   910:     8921.160     8928.180     8960.880     8979.130     8979.360
   915:     9009.230     9011.460     9015.090     9015.160     9015.690
   920:     9015.750     9018.720     9019.020     9019.180     9020.120
   925:     9044.830     9063.500     9066.920     9110.880     9512.650
   930:     9514.990     9526.240     9539.090     9539.560     9545.340
   935:     9551.520     9551.960     9552.070     9559.510     9568.970
   940:     9579.160     9601.260     9606.210     9615.800     9616.020
   945:     9619.750     9620.210     9623.840     9624.160     9641.940
   950:     9642.440     9643.300     9644.690     9645.770     9646.430
   955:     9647.550     9648.240     9649.190     9651.300     9651.330
   960:     9651.360     9651.760     9653.780     9656.650     9659.180
   965:     9659.810     9659.870     9659.920     9659.940     9669.890
   970:     9672.820     9674.960     9678.630     9679.380     9679.920
   975:     9679.950     9698.770     9701.710     9705.650     9730.640
   980:     9775.460     9790.700     9823.020     9829.100     9829.100
   985:     9829.100     9829.110     9829.110     9829.110     9829.110
   990:     9829.110     9829.110     9833.110     9834.110     9834.110
   995:     9835.260     9835.420     9837.250     9837.280     9837.360
  1000:     9837.430     9839.100     9839.110     9841.210     9842.470
  1005:     9845.260     9845.260     9845.260     9845.270     9845.270
  1010:     9845.270     9845.270     9845.270     9845.270     9845.320
  1015:     9845.320     9845.470     9845.470     9845.680     9845.680
  1020:     9846.560     9846.560     9846.600     9846.600     9846.630
  1025:     9846.630     9847.870     9847.870     9849.130     9849.130
  1030:     9849.270     9850.270     9850.270     9852.280     9853.550
  1035:     9855.260     9855.270     9861.850     9864.350     9864.450
  1040:     9864.490     9869.840     9900.840     9909.960     9941.810
  1045:     9941.890     9942.070     9942.780     9964.820     9984.440
  1050:     9997.020    10009.390    10028.050    10028.230    10030.060
  1055:    10030.060    10030.060    10030.070    10030.070    10030.070
  1060:    10030.070    10030.070    10030.070    10034.070    10035.070
  1065:    10035.070    10037.380    10040.060    10040.070    10040.690
  1070:    10040.800    10042.780    10046.090    10050.010    10050.130
  1075:    10094.920    10096.500    10111.290    10113.040    10113.950
  1080:    10113.980    10133.670    10133.940    10190.930    10191.350
  1085:    10191.610    10191.650    10194.320    10202.780    10270.580
  1090:    10275.650    10275.840    10278.610    10278.910    10294.220
  1095:    10296.040    10352.270    10388.110    10388.400    10453.450
  1100:    10472.810    10766.380    10785.730    10787.590    10787.690
  1105:    10799.020    10800.010
