File: C:\MED-PC IV\DATA\!2025-08-21_15h54m.Subject T20



Start Date: 08/21/25
End Date: 08/21/25
Subject: T20
Experiment: OralFentSA
Group: One
Box: 1
Start Time: 15:54:42
End Time: 18:54:54
MSN: Golden_Liq_SelfAdmin_LIT
F:       0.000
G:     763.000
H:   10800.010
I:       0.000
J:       0.000
K:       0.000
L:       0.000
M:       0.000
N:       0.000
O:       0.000
P:       0.000
Q:       0.000
R:       0.000
S:       0.000
U:       0.000
V:       0.000
W:       0.000
X:       0.000
Y:       0.000
Z:       0.000
A:
     0:        0.000        0.000      180.000        4.000        0.000
     5:        5.000        0.000        5.000        0.000        0.000
    10:        1.000        0.000       10.000     2400.000       21.000
    15:        4.000      320.000        0.000        0.000        0.000
    20:        0.000
B:
     0:        0.000        0.000        0.000      400.000        0.000
     5:      500.000        0.000      500.000        0.000        0.000
    10:        0.000        0.000     1000.000   240000.000        0.000
    15:        0.000        0.000        0.000        0.000        0.000
    20:        0.000
C:
     0:       13.000       14.000        0.000       18.000      593.000
     5:    10351.690        1.600        9.000      295.120       32.791
    10:       18.000        0.000        8.000        0.000        0.000
    15:        0.000        0.000        0.000        0.000        0.000
    20:        0.000
D:
     0:        3.320        6.670        0.400        1.420        0.210
     5:       32.570        4.240      244.690        1.600
E:
     0:       19.000       11.000       26.000       27.000        6.000
     5:        6.000        6.000        6.000        6.000        6.000
    10:        6.000        6.000        6.000        6.000        6.000
    15:        6.000        6.000        6.000        6.000        6.000
    20:        6.000        6.000        6.000        6.000        6.000
    25:        6.000        6.000        6.000        6.000        6.000
    30:        6.000        6.000        6.000        6.000        6.000
    35:        6.000        6.000        6.000        6.000        6.000
    40:        6.000        6.000        6.000        6.000        6.000
    45:        6.000        6.000        6.000        6.000        6.000
    50:        6.000        6.000        6.000        6.000        6.000
    55:        6.000        6.000        6.000        6.000        6.000
    60:        6.000        6.000        6.000        6.000        6.000
    65:        6.000        6.000        6.000        6.000        6.000
    70:        6.000        6.000        6.000        6.000        6.000
    75:        6.000        6.000        6.000        6.000        6.000
    80:        6.000        6.000        6.000        6.000        6.000
    85:        6.000        6.000        6.000        6.000        6.000
    90:        6.000        6.000        6.000        6.000        6.000
    95:        6.000        6.000        6.000        6.000        6.000
   100:        6.000        6.000        6.000        6.000        6.000
   105:        6.000        6.000        6.000        6.000        6.000
   110:        6.000        6.000        6.000        6.000        6.000
   115:        6.000        6.000        6.000        6.000        6.000
   120:        6.000        6.000        6.000        6.000        6.000
   125:        6.000        6.000        6.000        6.000        6.000
   130:        6.000        6.000        6.000        6.000        6.000
   135:        6.000        6.000        6.000        6.000        6.000
   140:        6.000        6.000        6.000        6.000        6.000
   145:        6.000        6.000        6.000        6.000        6.000
   150:        6.000        6.000        6.000        6.000        6.000
   155:        6.000        6.000        6.000        6.000        6.000
   160:        6.000        6.000        6.000        6.000        6.000
   165:        6.000        6.000        6.000        6.000        6.000
   170:        6.000        6.000        6.000        6.000        6.000
   175:        6.000        6.000        6.000        6.000        6.000
   180:        6.000        6.000        6.000        6.000        6.000
   185:        6.000        6.000        6.000        6.000        6.000
   190:        6.000        6.000        6.000        6.000        6.000
   195:        6.000        6.000        6.000        6.000        6.000
   200:        6.000        6.000        6.000        6.000        6.000
   205:        6.000        6.000        6.000        6.000        6.000
   210:        6.000        6.000        6.000        6.000        6.000
   215:        6.000        6.000        6.000        6.000        6.000
   220:        6.000        6.000        6.000        6.000        6.000
   225:        6.000        6.000        6.000        6.000        6.000
   230:        6.000        6.000        6.000        6.000        6.000
   235:        6.000        6.000        6.000        6.000        6.000
   240:        6.000        6.000        6.000        6.000        6.000
   245:        6.000        6.000        6.000        6.000        6.000
   250:        6.000        6.000        6.000        6.000        6.000
   255:        6.000        6.000        6.000        6.000        6.000
   260:        6.000        6.000        6.000        6.000        6.000
   265:        6.000        6.000        6.000        6.000        6.000
   270:        6.000        6.000        6.000        6.000        6.000
   275:        6.000        6.000        6.000        6.000        6.000
   280:        6.000        6.000        6.000        6.000        6.000
   285:        6.000        6.000        6.000        6.000        6.000
   290:        6.000        6.000        6.000        6.000        6.000
   295:        6.000        6.000        6.000        6.000        6.000
   300:        6.000        6.000        6.000        6.000        6.000
   305:        6.000        6.000        6.000        6.000        6.000
   310:        6.000        6.000        6.000        6.000        6.000
   315:        6.000        6.000        6.000        6.000        6.000
   320:        6.000        6.000        6.000        6.000        6.000
   325:        6.000        6.000        6.000        6.000        6.000
   330:        6.000        6.000        6.000        6.000        6.000
   335:       25.000       24.000       13.000        8.000        5.000
   340:       17.000        6.000       18.000       14.000       10.000
   345:       19.000        6.000        6.000        6.000        6.000
   350:        6.000        6.000        6.000        6.000        6.000
   355:        6.000        6.000        6.000        6.000        6.000
   360:        6.000        6.000        6.000        6.000        6.000
   365:        6.000        6.000        6.000        6.000        6.000
   370:        6.000        6.000        6.000        6.000        6.000
   375:        6.000        6.000        6.000        6.000        6.000
   380:        6.000        6.000        6.000        6.000        6.000
   385:        6.000        6.000        6.000        6.000        6.000
   390:        6.000        6.000        6.000        6.000        6.000
   395:        6.000        6.000        6.000        6.000        6.000
   400:        6.000        6.000        6.000        6.000        6.000
   405:        6.000        6.000        6.000        6.000        6.000
   410:        6.000        6.000        6.000        6.000        6.000
   415:        6.000        6.000        6.000        6.000        6.000
   420:        6.000        6.000        6.000        6.000        6.000
   425:        6.000        6.000        6.000        6.000        6.000
   430:        6.000        6.000        6.000        6.000        6.000
   435:        6.000        6.000        6.000        6.000        6.000
   440:        6.000        6.000        6.000        6.000        6.000
   445:        6.000        6.000        6.000        6.000        6.000
   450:        6.000        6.000        6.000        6.000        6.000
   455:        6.000        6.000        6.000        6.000        6.000
   460:        6.000        6.000        6.000        6.000        6.000
   465:        6.000        6.000       25.000       24.000       13.000
   470:        8.000        5.000       17.000       18.000       14.000
   475:       10.000        6.000        6.000        6.000       19.000
   480:        6.000        6.000        6.000        6.000        6.000
   485:        6.000        6.000        6.000        6.000        6.000
   490:        6.000        6.000       30.000       24.000       13.000
   495:        8.000        5.000       17.000        6.000       18.000
   500:       14.000       10.000        6.000       19.000        6.000
   505:        6.000        6.000        6.000        6.000        6.000
   510:        6.000        6.000        6.000        6.000        6.000
   515:        6.000        6.000        6.000        6.000        6.000
   520:        6.000        6.000        6.000        6.000        6.000
   525:        6.000        6.000        6.000       30.000       24.000
   530:       13.000        8.000        5.000       17.000        6.000
   535:       18.000       14.000       10.000       19.000       30.000
   540:       24.000       13.000        8.000        5.000       17.000
   545:        6.000        6.000        6.000       18.000       14.000
   550:       10.000        6.000       19.000        6.000        6.000
   555:        2.000        4.000       22.000       24.000       13.000
   560:        8.000        5.000       17.000       21.000       22.000
   565:       21.000       22.000       18.000       14.000       10.000
   570:       19.000        2.000        4.000       22.000       24.000
   575:       13.000        8.000        5.000       17.000       21.000
   580:       22.000       21.000       22.000       18.000       14.000
   585:       10.000       21.000       22.000       19.000        2.000
   590:        4.000       22.000       24.000       13.000        8.000
   595:        5.000       17.000       21.000       22.000       18.000
   600:       14.000       10.000       21.000       22.000       21.000
   605:       22.000       19.000        2.000        4.000       22.000
   610:       24.000       13.000        8.000        5.000       17.000
   615:       21.000       22.000       21.000       22.000       21.000
   620:       22.000       18.000       14.000       10.000       21.000
   625:       22.000       19.000        2.000        4.000       22.000
   630:       24.000       13.000        8.000        5.000       17.000
   635:       21.000       22.000       18.000       14.000       10.000
   640:       19.000        6.000        6.000        6.000        6.000
   645:        6.000        6.000        6.000        6.000        6.000
   650:        6.000        6.000        6.000        6.000        6.000
   655:        6.000        6.000       30.000       24.000       13.000
   660:        8.000        5.000       17.000       18.000        6.000
   665:       14.000       10.000       19.000        6.000        6.000
   670:        6.000        6.000        6.000        6.000        6.000
   675:        6.000        6.000        6.000        6.000        6.000
   680:        6.000        6.000        6.000       25.000       24.000
   685:       13.000        8.000        5.000       17.000       18.000
   690:       14.000       10.000       19.000        6.000        6.000
   695:        6.000        6.000        6.000        6.000        6.000
   700:        6.000        6.000        6.000        6.000        6.000
   705:        6.000        6.000        6.000        6.000        6.000
   710:        6.000        6.000        6.000        6.000        6.000
   715:        6.000        6.000        6.000        6.000       25.000
   720:       24.000       13.000        8.000        5.000       17.000
   725:        6.000       18.000       14.000       10.000       19.000
   730:        6.000        6.000        6.000        6.000        6.000
   735:        6.000        6.000        6.000        6.000        6.000
   740:        6.000        6.000        6.000        6.000        6.000
   745:        6.000        6.000        6.000        6.000        6.000
   750:        6.000        6.000        6.000        6.000        6.000
   755:        6.000        6.000        6.000        6.000        6.000
   760:        6.000        6.000        6.000      100.000
T:
     0:        0.000        0.000        0.000        0.000        0.810
     5:        6.790       12.260       13.620       26.170       27.350
    10:       27.450       28.510       40.540      105.700      112.490
    15:      113.400      113.560      113.770      115.530      153.870
    20:      154.120      154.530      154.580      154.740      154.940
    25:      155.070      155.140      155.330      155.510      155.720
    30:      155.910      156.310      156.530      165.750      166.670
    35:      167.040      167.770      168.090      168.260      169.630
    40:      171.110      171.650      173.170      173.230      190.180
    45:      191.430      191.780      237.210      237.690      239.020
    50:      422.140      687.460      687.740      688.450      688.590
    55:      842.700      843.700      846.180      846.300      846.390
    60:      846.950      847.140      850.570      852.250      852.680
    65:      852.910      852.990      854.450      854.580      856.690
    70:      929.120      933.750      933.870      941.250      943.690
    75:      945.910      952.100      956.910      957.130      957.830
    80:      957.940      958.040      958.320      959.770      960.060
    85:      973.830      991.220      994.670      995.270      997.820
    90:      998.620      998.660      999.060      999.220      999.410
    95:     1039.960     1040.140     1049.330     1084.260     1105.760
   100:     1106.820     1118.630     1119.680     1159.900     1163.430
   105:     1165.100     1166.430     1168.050     1168.110     1168.230
   110:     1168.470     1168.570     1170.190     1171.330     1171.710
   115:     1172.100     1246.400     1248.470     1248.990     1249.100
   120:     1249.700     1253.990     1254.800     1254.980     1255.160
   125:     1255.490     1255.620     1256.250     1256.620     1258.050
   130:     1258.850     1258.930     1258.970     1259.040     1259.420
   135:     1259.580     1262.790     1263.810     1263.970     1264.270
   140:     1264.350     1264.790     1266.020     1266.070     1266.100
   145:     1266.510     1266.690     1266.920     1267.620     1268.450
   150:     1283.110     1304.140     1304.270     1304.320     1304.970
   155:     1305.430     1308.300     1311.390     1311.880     1311.900
   160:     1312.190     1312.890     1324.490     1331.340     1331.460
   165:     1353.410     1377.870     1378.070     1386.090     1389.750
   170:     1391.790     1392.660     1396.960     1397.440     1398.190
   175:     1401.540     1405.060     1407.480     1408.620     1409.040
   180:     1409.510     1411.400     1411.720     1418.970     1419.300
   185:     1423.450     1423.480     1434.520     1435.480     1438.430
   190:     1445.630     1448.570     1461.570     1465.180     1467.110
   195:     1476.430     1483.780     1495.420     1495.680     1496.050
   200:     1599.160     1599.720     1600.290     1606.830     1607.240
   205:     1607.310     1634.390     1644.500     1644.680     1651.190
   210:     1654.570     1655.190     1656.300     1669.940     1670.300
   215:     1670.830     1671.350     1675.470     1678.730     1695.100
   220:     1703.400     1709.520     1716.160     1716.720     1717.090
   225:     1766.380     1774.840     1793.320     1799.910     1807.880
   230:     1815.990     1824.120     1824.410     1825.100     1833.050
   235:     1836.790     1838.860     1865.510     1885.760     1910.620
   240:     1911.010     1911.260     1970.410     1984.860     1989.500
   245:     1991.850     1992.740     1995.730     1995.950     2055.170
   250:     2072.010     2074.490     2093.160     2095.760     2095.890
   255:     2100.350     2102.290     2105.130     2105.210     2105.940
   260:     2106.000     2107.330     2107.730     2107.900     2120.460
   265:     2131.730     2134.870     2136.890     2137.500     2138.490
   270:     2140.260     2140.590     2146.740     2146.780     2151.940
   275:     2152.080     2152.210     2154.210     2158.610     2160.350
   280:     2160.390     2160.920     2161.190     2161.270     2162.320
   285:     2162.600     2163.580     2167.810     2168.400     2185.930
   290:     2199.760     2211.040     2242.680     2242.770     2243.840
   295:     2244.040     2261.590     2261.700     2261.990     2287.870
   300:     2291.910     2292.030     2292.100     2293.170     2304.530
   305:     2307.980     2308.100     2308.140     2308.210     2308.590
   310:     2308.720     2308.810     2308.850     2309.000     2309.170
   315:     2310.050     2310.530     2310.630     2311.330     2311.750
   320:     2311.790     2312.140     2312.360     2312.380     2312.770
   325:     2315.770     2319.900     2324.120     2324.930     2342.290
   330:     2358.720     2381.580     2387.040     2392.880     2394.400
   335:     2399.990     2400.000     2400.000     2400.000     2400.000
   340:     2400.000     2403.320     2404.000     2405.000     2405.000
   345:     2409.990     2427.350     2435.440     2435.840     2441.350
   350:     2441.500     2451.570     2459.420     2466.230     2466.580
   355:     2467.210     2472.780     2473.320     2487.350     2492.350
   360:     2496.630     2500.810     2501.870     2502.250     2503.880
   365:     2515.640     2555.800     2558.860     2559.490     2576.990
   370:     2583.840     2584.600     2585.050     2585.220     2591.850
   375:     2592.570     2592.660     2593.000     2594.010     2599.640
   380:     2603.110     2603.340     2650.680     2681.830     2713.140
   385:     2718.210     2840.380     2845.370     2851.330     2851.790
   390:     2852.000     2854.860     2854.970     2855.570     2855.720
   395:     2855.880     2857.840     2858.090     2858.560     2859.120
   400:     2862.870     2863.100     2865.320     2865.540     2865.650
   405:     2865.750     2865.820     2865.960     2866.210     2866.440
   410:     2868.240     2879.060     2879.210     2902.390     2902.880
   415:     2909.730     3176.430     3181.290     3181.480     3190.940
   420:     3271.080     3281.070     3310.700     3333.680     3344.400
   425:     3361.140     3675.330     3700.710     3715.710     3731.540
   430:     3889.920     3910.400     3914.150     3915.180     3916.360
   435:     3956.720     3959.530     3990.880     3993.660     3993.900
   440:     4006.110     4040.350     4051.420     4060.450     4070.600
   445:     4105.040     4112.280     4112.830     4113.750     4135.490
   450:     4146.110     4148.180     4148.490     4412.280     4463.250
   455:     4552.550     4561.940     4564.440     4574.280     4575.340
   460:     4575.730     4576.220     4576.340     4600.180     4619.500
   465:     4735.450     4738.520     4809.990     4810.000     4810.000
   470:     4810.000     4810.000     4810.000     4814.000     4815.000
   475:     4815.000     4816.670     4819.090     4819.800     4819.990
   480:     5109.910     5116.860     5117.070     5130.570     5180.160
   485:     5180.740     5185.420     5190.040     5190.690     5207.870
   490:     5225.300     5251.740     5272.010     5272.010     5272.010
   495:     5272.010     5272.010     5272.010     5272.410     5276.010
   500:     5277.010     5277.010     5279.670     5282.000     5290.370
   505:     5293.180     5293.460     5296.230     5296.500     5296.690
   510:     5298.110     5298.240     5298.390     5298.830     5299.010
   515:     5301.090     5304.470     5304.580     5304.730     5304.830
   520:     5304.870     5343.580     5349.280     5349.510     5351.050
   525:     5352.760     5353.470     5354.090     5402.940     5402.940
   530:     5402.940     5402.940     5402.940     5402.940     5404.360
   535:     5406.940     5407.940     5407.940     5412.930     5421.090
   540:     5421.090     5421.090     5421.090     5421.090     5421.090
   545:     5421.300     5424.600     5424.650     5425.090     5426.090
   550:     5426.090     5428.870     5431.080     5440.850     5454.920
   555:     5477.760     5477.760     5477.760     5477.770     5477.770
   560:     5477.770     5477.770     5477.770     5478.620     5478.620
   565:     5479.330     5479.330     5481.770     5482.770     5482.770
   570:     5487.760     5491.600     5491.600     5491.600     5491.610
   575:     5491.610     5491.610     5491.610     5491.610     5492.240
   580:     5492.240     5492.800     5492.800     5495.610     5496.610
   585:     5496.610     5500.970     5500.970     5501.600     5503.180
   590:     5503.180     5503.180     5503.190     5503.190     5503.190
   595:     5503.190     5503.190     5504.270     5504.270     5507.190
   600:     5508.190     5508.190     5510.510     5510.510     5511.730
   605:     5511.730     5513.180     5514.780     5514.780     5514.780
   610:     5514.790     5514.790     5514.790     5514.790     5514.790
   615:     5515.830     5515.830     5516.040     5516.040     5516.240
   620:     5516.240     5518.790     5519.790     5519.790     5521.990
   625:     5521.990     5524.780     5531.680     5531.680     5531.680
   630:     5531.690     5531.690     5531.690     5531.690     5531.690
   635:     5532.820     5532.820     5535.690     5536.690     5536.690
   640:     5541.680     5564.260     5585.740     5616.690     5633.560
   645:     5665.020     5675.080     5682.320     5697.920     5719.600
   650:     5744.030     5744.200     5761.220     5761.650     5777.960
   655:     5787.790     5795.190     6133.430     6133.430     6133.430
   660:     6133.430     6133.430     6133.430     6137.430     6137.670
   665:     6138.430     6138.430     6143.420     6218.950     6219.130
   670:     6560.870     6592.790     7002.250     7066.820     7353.580
   675:     7501.900     7809.620     7814.670     7815.570     7817.810
   680:     7817.910     7864.410     7872.470     7941.680     7941.690
   685:     7941.690     7941.690     7941.690     7941.690     7945.690
   690:     7946.690     7946.690     7951.680     8186.380     8362.470
   695:     8501.340     8682.540     8894.920     8917.320     9076.550
   700:     9076.670     9084.190     9195.920     9196.930     9246.450
   705:     9246.990     9249.590     9339.530     9340.550     9341.030
   710:     9341.220     9342.090     9348.850     9602.760     9604.240
   715:     9753.780     9827.080     9973.980     9991.250    10351.680
   720:    10351.690    10351.690    10351.690    10351.690    10351.690
   725:    10353.290    10355.690    10356.690    10356.690    10361.680
   730:    10372.830    10511.350    10614.040    10616.610    10641.140
   735:    10650.060    10652.620    10662.680    10663.330    10694.640
   740:    10697.300    10697.480    10702.910    10703.640    10705.290
   745:    10706.480    10710.010    10710.490    10710.610    10710.660
   750:    10710.750    10710.780    10711.720    10748.110    10750.840
   755:    10751.080    10751.200    10752.420    10752.630    10770.170
   760:    10770.280    10796.670    10799.050    10800.010
