File: C:\MED-PC IV\DATA\!2025-09-12_13h25m.Subject T18



Start Date: 09/12/25
End Date: 09/12/25
Subject: T18
Experiment: OralFentSA
Group: One
Box: 6
Start Time: 13:25:08
End Time: 16:25:11
MSN: Golden_Liq_SelfAdmin_EXT_LIT
F:       0.000
G:    1221.000
H:   10800.010
I:       0.000
J:       0.000
K:       0.000
L:       0.000
M:       0.000
N:       0.000
O:       0.000
P:       0.000
Q:       0.000
R:       0.000
S:       0.000
U:       0.000
V:       0.000
W:       0.000
X:       0.000
Y:       0.000
Z:       0.000
A:
     0:        0.000        0.000      180.000        4.000        0.000
     5:        5.000        0.000        5.000        0.000        0.000
    10:        1.000        0.000       10.000 100000000.00       23.000
    15:       20.000      640.000        0.000        0.000        0.000
    20:        0.000
B:
     0:        0.000        0.000        0.000        0.000        0.000
     5:        0.000        0.000        0.000        0.000        0.000
    10:        0.000        0.000     1000.000 10000000000.        0.000
    15:        0.000        0.000        0.000        0.000        0.000
    20:        0.000
C:
     0:        0.000        8.000        0.000        7.000     1176.000
     5:     9664.970       23.020        5.000       83.270       16.654
    10:        7.000        6.000        0.000        0.000        0.000
    15:        0.000        0.000        0.000        0.000        0.000
    20:        0.000
D:
     0:       22.980       20.720        4.120       12.430       23.020
E:
     0:       19.000       11.000       26.000       27.000        6.000
     5:        6.000        6.000        6.000        6.000        6.000
    10:        6.000        6.000        6.000        6.000        6.000
    15:        6.000        6.000        6.000        6.000        6.000
    20:        6.000        6.000        6.000        6.000        6.000
    25:        6.000       23.000        6.000        6.000        6.000
    30:        6.000        6.000        6.000        6.000        6.000
    35:        6.000        6.000        6.000        6.000        6.000
    40:        6.000        6.000        6.000        6.000        6.000
    45:        6.000        6.000        6.000        6.000        6.000
    50:        6.000        6.000        6.000        6.000        6.000
    55:        6.000        6.000        6.000        6.000        6.000
    60:        6.000        6.000        6.000        6.000        6.000
    65:        6.000        6.000        6.000        6.000        6.000
    70:        6.000        6.000        6.000        6.000        6.000
    75:        6.000        6.000        6.000        6.000        6.000
    80:        6.000        6.000        6.000        6.000        6.000
    85:        6.000        6.000        6.000        6.000        6.000
    90:        6.000        6.000        6.000        6.000        6.000
    95:        6.000        6.000        6.000        6.000        6.000
   100:        6.000        6.000        6.000        6.000        6.000
   105:        6.000        6.000        6.000        6.000        6.000
   110:        6.000        6.000        6.000        6.000        6.000
   115:        6.000        6.000        6.000        6.000        6.000
   120:        6.000        6.000        6.000        6.000        6.000
   125:        6.000        6.000        6.000        6.000        6.000
   130:        6.000        6.000        6.000        6.000        6.000
   135:        6.000        6.000        6.000        6.000        6.000
   140:        6.000        6.000        6.000        6.000        6.000
   145:        6.000        6.000        6.000        6.000        6.000
   150:        6.000        6.000        6.000        6.000        6.000
   155:        6.000        6.000        6.000        6.000        6.000
   160:        6.000        6.000        6.000        6.000        6.000
   165:       23.000        6.000        6.000        6.000        6.000
   170:        6.000        6.000        6.000        6.000        6.000
   175:        6.000        6.000        6.000        6.000        6.000
   180:        6.000        6.000        6.000        6.000        6.000
   185:        6.000        6.000        6.000        6.000        6.000
   190:        6.000        6.000        6.000        6.000        6.000
   195:        6.000        6.000        6.000        6.000        6.000
   200:        6.000        6.000        6.000        6.000        6.000
   205:        6.000        6.000        6.000        6.000        6.000
   210:        6.000        6.000        6.000        6.000        6.000
   215:        6.000        6.000        6.000        6.000        6.000
   220:        6.000        6.000        6.000        6.000        6.000
   225:        6.000        6.000        6.000        6.000        6.000
   230:        6.000        6.000        6.000        6.000        6.000
   235:        6.000        6.000        6.000        6.000        6.000
   240:        6.000        6.000        6.000        6.000        6.000
   245:        6.000        6.000        6.000        6.000        6.000
   250:        6.000        6.000        6.000        6.000        6.000
   255:        6.000        6.000        6.000        6.000        6.000
   260:        6.000        6.000        6.000        6.000        6.000
   265:        6.000        6.000        6.000        6.000        6.000
   270:        6.000        6.000        6.000        6.000        6.000
   275:        6.000        6.000        6.000        6.000        6.000
   280:        6.000        6.000        6.000        6.000        6.000
   285:        6.000        6.000        6.000        6.000        6.000
   290:        6.000        6.000        6.000        6.000        6.000
   295:        6.000        6.000        6.000        6.000        6.000
   300:        6.000        2.000        4.000       22.000       24.000
   305:       19.000        6.000        6.000        6.000        6.000
   310:        6.000        6.000        6.000        6.000        6.000
   315:        6.000        6.000        6.000        6.000        6.000
   320:        6.000        6.000        6.000        6.000        6.000
   325:        6.000        6.000        6.000        6.000        6.000
   330:        6.000        6.000        6.000        6.000        6.000
   335:        6.000        6.000        6.000        6.000        6.000
   340:        6.000        6.000        6.000        6.000        6.000
   345:        6.000        6.000        6.000        6.000        6.000
   350:        6.000        6.000        6.000        6.000        6.000
   355:        6.000        6.000        6.000        6.000        6.000
   360:        6.000        6.000        6.000        6.000        6.000
   365:        6.000        6.000        6.000        6.000        6.000
   370:        6.000        6.000        6.000        6.000        6.000
   375:        6.000        6.000        6.000        6.000        6.000
   380:        6.000        6.000        6.000        6.000        6.000
   385:        6.000        6.000        6.000        6.000        6.000
   390:        6.000        6.000        6.000        6.000        6.000
   395:        6.000        6.000        6.000        6.000        6.000
   400:        6.000        6.000        6.000        6.000        6.000
   405:        6.000        6.000        6.000        6.000        6.000
   410:        6.000        6.000        6.000        6.000        6.000
   415:        6.000        6.000        6.000        6.000        6.000
   420:        6.000        6.000        6.000        6.000        6.000
   425:        6.000        6.000        6.000        6.000        6.000
   430:        6.000        6.000        6.000        6.000        6.000
   435:        6.000        6.000        6.000        6.000        6.000
   440:        6.000        6.000        6.000        6.000        6.000
   445:        6.000        6.000        6.000        6.000        6.000
   450:        6.000        6.000        6.000        6.000        6.000
   455:        6.000        6.000        6.000        6.000        6.000
   460:        6.000        6.000        6.000        6.000        2.000
   465:        4.000       22.000       24.000       19.000        2.000
   470:        4.000       22.000       24.000       19.000        6.000
   475:        6.000        6.000        6.000        6.000        6.000
   480:        6.000        6.000        6.000        6.000        6.000
   485:        6.000        6.000        6.000        6.000        6.000
   490:        6.000        6.000        6.000        6.000        6.000
   495:        6.000        6.000        6.000        6.000        6.000
   500:        6.000        6.000        6.000        6.000        6.000
   505:        6.000        6.000        6.000        6.000        6.000
   510:        6.000        6.000        6.000        6.000        6.000
   515:        6.000        6.000        6.000        6.000        6.000
   520:        6.000        6.000        6.000        6.000        6.000
   525:        6.000        6.000        6.000        6.000        6.000
   530:        6.000        6.000        6.000        6.000        6.000
   535:        6.000        6.000        6.000        6.000        6.000
   540:        6.000        6.000        6.000        6.000        6.000
   545:        6.000        6.000        6.000        6.000        6.000
   550:        6.000        6.000        6.000        6.000        6.000
   555:        6.000        6.000        6.000        6.000        6.000
   560:        6.000        6.000        6.000        6.000        6.000
   565:        6.000        6.000        6.000        6.000        6.000
   570:        6.000        6.000        6.000        6.000        6.000
   575:        6.000        6.000        6.000        6.000        6.000
   580:        6.000        6.000        6.000        6.000        6.000
   585:        6.000        6.000        6.000        6.000        6.000
   590:        6.000        6.000        6.000        6.000        6.000
   595:        6.000        6.000        6.000        6.000        6.000
   600:        6.000        6.000        6.000        6.000        6.000
   605:        6.000        6.000        6.000        6.000        6.000
   610:        6.000        6.000        6.000        6.000        6.000
   615:        6.000        6.000        6.000        6.000        6.000
   620:        6.000        6.000        6.000        6.000        6.000
   625:        6.000        6.000        6.000        6.000        6.000
   630:        6.000        6.000        6.000        6.000        6.000
   635:        6.000        6.000        6.000        6.000        6.000
   640:        6.000        6.000        6.000        6.000        6.000
   645:        6.000        6.000        6.000        6.000        6.000
   650:        6.000        6.000        6.000        6.000        6.000
   655:        6.000        6.000        6.000        6.000        6.000
   660:        6.000        6.000        6.000        6.000        6.000
   665:        6.000        6.000        6.000        6.000        6.000
   670:        6.000        6.000        6.000        6.000        6.000
   675:        6.000        6.000        6.000        6.000       23.000
   680:        6.000        6.000        6.000        6.000        6.000
   685:        6.000        6.000        6.000        6.000        6.000
   690:        6.000        6.000        6.000        6.000        6.000
   695:        6.000        6.000        6.000        6.000        6.000
   700:        6.000        6.000        6.000        6.000        6.000
   705:        6.000        6.000        6.000        6.000        6.000
   710:        6.000        6.000        6.000        6.000        6.000
   715:        6.000        6.000        6.000        6.000        6.000
   720:        6.000        6.000        6.000        6.000        6.000
   725:        6.000        6.000        6.000        6.000        6.000
   730:        6.000        6.000        6.000        6.000        6.000
   735:        6.000        6.000        6.000        6.000        6.000
   740:        6.000        6.000        6.000        6.000        6.000
   745:        6.000        6.000        6.000        6.000        6.000
   750:        6.000        6.000        6.000        6.000        6.000
   755:        6.000        6.000        6.000        6.000        6.000
   760:        6.000        6.000        6.000        6.000        6.000
   765:        6.000        6.000        6.000        6.000        6.000
   770:        6.000        6.000        6.000        6.000        6.000
   775:        6.000        6.000        6.000        6.000        6.000
   780:        6.000        6.000        6.000        6.000        6.000
   785:        6.000        6.000        6.000        6.000        6.000
   790:        6.000        6.000        6.000        6.000        6.000
   795:        6.000        6.000        6.000        6.000        6.000
   800:        6.000        6.000        6.000        6.000        6.000
   805:        6.000        6.000        6.000        6.000        6.000
   810:        6.000        6.000        6.000        6.000        6.000
   815:        6.000        6.000        6.000        6.000        6.000
   820:        6.000        6.000        6.000        6.000        6.000
   825:        6.000        6.000        6.000        6.000        6.000
   830:        6.000        6.000        6.000        6.000        2.000
   835:        4.000       22.000       24.000        6.000       19.000
   840:        6.000        6.000        6.000        6.000        6.000
   845:        6.000        6.000        6.000        6.000        6.000
   850:        6.000        6.000        6.000        6.000        6.000
   855:        6.000        6.000        6.000        6.000        6.000
   860:        6.000        6.000        6.000        6.000        6.000
   865:        6.000        6.000        6.000        6.000        6.000
   870:        6.000        6.000        6.000        6.000        6.000
   875:        6.000        6.000        6.000        6.000        6.000
   880:        6.000        6.000        6.000        6.000        6.000
   885:        6.000        6.000        6.000        6.000        6.000
   890:        6.000        6.000        2.000        4.000       22.000
   895:       24.000       19.000        6.000        6.000        6.000
   900:        6.000        6.000        6.000        6.000        6.000
   905:        6.000        6.000        6.000        6.000        6.000
   910:        6.000        6.000        6.000        6.000        6.000
   915:        6.000        6.000        6.000        6.000        6.000
   920:        6.000        6.000        6.000        6.000        6.000
   925:        6.000        6.000        6.000        6.000        6.000
   930:        6.000        6.000        6.000        6.000        6.000
   935:        6.000        6.000        6.000        6.000        6.000
   940:        6.000        6.000        6.000        6.000        6.000
   945:        6.000        6.000        6.000        6.000        6.000
   950:        6.000        6.000        6.000        6.000        6.000
   955:        6.000        6.000        6.000        6.000        6.000
   960:        6.000        6.000        6.000        6.000        6.000
   965:        6.000        6.000        6.000        6.000        6.000
   970:        6.000        6.000        6.000        6.000        6.000
   975:        6.000        6.000        6.000        6.000        6.000
   980:        6.000        6.000        6.000        6.000        6.000
   985:        6.000        6.000        6.000        6.000        6.000
   990:        6.000        6.000        6.000        6.000        6.000
   995:        6.000        6.000        6.000        6.000        6.000
  1000:        6.000        6.000        6.000        6.000        6.000
  1005:        6.000        6.000        6.000        6.000        6.000
  1010:        6.000        6.000        6.000        6.000        6.000
  1015:        6.000        6.000        6.000        6.000        6.000
  1020:        6.000        6.000        6.000        6.000        6.000
  1025:        6.000        6.000        6.000        6.000        6.000
  1030:        6.000        6.000        6.000        6.000        6.000
  1035:        6.000        6.000        6.000        6.000        6.000
  1040:        6.000        6.000        6.000        6.000        6.000
  1045:        6.000        6.000        6.000        6.000        6.000
  1050:        6.000        6.000        6.000        6.000        6.000
  1055:        6.000        6.000        6.000        6.000        6.000
  1060:        6.000        6.000        6.000        6.000        6.000
  1065:        6.000        6.000        6.000        6.000        6.000
  1070:        6.000        6.000        6.000        6.000        6.000
  1075:        6.000        6.000        6.000        6.000        6.000
  1080:        6.000        6.000        6.000        6.000        6.000
  1085:        6.000        6.000        6.000        6.000        6.000
  1090:        6.000        6.000        6.000        6.000        6.000
  1095:        6.000        6.000        6.000        6.000        6.000
  1100:        6.000        6.000        6.000        6.000        6.000
  1105:        6.000        6.000        6.000        6.000        6.000
  1110:        6.000        6.000        6.000        6.000        6.000
  1115:        6.000        6.000        6.000        6.000        6.000
  1120:        6.000        6.000        6.000        6.000        6.000
  1125:        6.000        6.000        6.000        2.000        4.000
  1130:       22.000       24.000       19.000        2.000        4.000
  1135:       22.000       24.000       19.000        6.000        6.000
  1140:        6.000        6.000        6.000        6.000        6.000
  1145:        6.000        6.000        6.000        6.000        6.000
  1150:        6.000        6.000        6.000        6.000        6.000
  1155:        6.000        6.000        6.000        6.000        6.000
  1160:        6.000        6.000        6.000        6.000        6.000
  1165:        6.000        6.000        6.000        6.000       23.000
  1170:        6.000        6.000        6.000        6.000        6.000
  1175:        6.000        6.000        6.000        6.000        6.000
  1180:        6.000        6.000        6.000        6.000        6.000
  1185:        6.000        6.000        6.000        6.000        6.000
  1190:        6.000        6.000        6.000        6.000        6.000
  1195:        6.000        6.000        6.000        6.000        6.000
  1200:        6.000        6.000        6.000        6.000        6.000
  1205:        6.000        6.000        6.000        6.000        6.000
  1210:        6.000        6.000        6.000        6.000        6.000
  1215:        6.000        6.000        6.000        6.000       23.000
  1220:       23.000      100.000
T:
     0:        0.000        0.000        0.000        0.000       11.790
     5:       55.470       57.560       62.440       62.890       62.930
    10:       65.770       75.860      127.120      128.730      128.920
    15:      147.050      147.130      149.940      150.170      150.450
    20:      151.530      151.930      152.210      207.960      208.010
    25:      212.680      230.290      239.150      240.630      241.060
    30:      244.300      264.770      267.910      269.930      272.810
    35:      273.960      283.560      302.290      328.610      414.270
    40:      415.450      421.890      423.250      424.160      447.250
    45:      452.390      452.420      452.700      462.990      464.930
    50:      480.860      484.390      495.970      496.270      516.580
    55:      517.500      519.990      523.550      524.790      524.880
    60:      524.950      533.780      533.840      534.000      550.240
    65:      553.400      553.570      553.750      555.920      558.200
    70:      558.270      558.880      573.160      600.880      663.890
    75:      663.940      663.960      664.810      691.250      707.330
    80:      707.350      768.830      769.980      832.710      832.790
    85:      832.800      832.900      832.970      836.670      846.100
    90:      846.290      848.720      849.220      849.360      868.040
    95:      868.080      868.120      885.620      888.130      889.190
   100:      890.590      893.930      893.970      894.720      894.750
   105:      960.920      961.170      961.900      961.980      962.080
   110:      962.240      967.680      969.270      971.930      978.340
   115:      978.770      978.880      992.650      993.690      995.050
   120:     1006.410     1006.590     1007.050     1007.170     1008.420
   125:     1008.910     1033.680     1033.780     1059.030     1060.310
   130:     1062.360     1062.460     1092.580     1113.040     1113.340
   135:     1123.350     1164.530     1164.580     1164.690     1164.810
   140:     1165.000     1165.100     1165.250     1165.390     1174.570
   145:     1178.040     1178.670     1305.500     1306.780     1314.600
   150:     1317.420     1317.500     1317.990     1318.400     1321.230
   155:     1321.340     1353.660     1356.290     1356.430     1356.650
   160:     1401.890     1402.000     1402.320     1402.730     1403.240
   165:     1425.410     1444.070     1465.900     1478.890     1480.100
   170:     1480.720     1482.060     1499.740     1504.110     1505.230
   175:     1505.510     1506.970     1516.310     1516.340     1518.160
   180:     1518.270     1521.240     1521.400     1521.540     1521.630
   185:     1521.910     1528.950     1648.950     1649.370     1657.780
   190:     1661.200     1662.360     1662.460     1667.310     1668.250
   195:     1754.220     1756.950     1757.320     1757.790     1759.090
   200:     1780.880     1833.950     1864.250     1864.300     1865.040
   205:     1865.060     1906.460     1908.610     1909.330     1909.740
   210:     1911.990     1914.160     1914.180     1932.650     1933.540
   215:     1933.790     1934.350     1934.860     1935.090     1994.170
   220:     1996.190     1998.360     2000.170     2000.550     2083.460
   225:     2083.670     2088.290     2088.550     2088.580     2184.790
   230:     2200.850     2200.920     2201.230     2202.380     2202.460
   235:     2203.090     2206.210     2208.360     2211.860     2382.310
   240:     2382.360     2383.330     2386.390     2386.940     2387.130
   245:     2394.420     2394.820     2394.900     2394.990     2403.880
   250:     2404.020     2404.090     2404.500     2405.110     2405.340
   255:     2405.450     2405.650     2424.390     2424.420     2424.750
   260:     2427.110     2441.270     2441.550     2441.770     2442.880
   265:     2460.890     2460.970     2470.960     2471.140     2471.250
   270:     2472.920     2474.110     2484.650     2485.090     2495.270
   275:     2495.350     2495.640     2495.790     2498.130     2500.800
   280:     2502.590     2502.820     2503.970     2504.600     2504.660
   285:     2506.270     2506.320     2506.440     2510.160     2572.660
   290:     2589.200     2589.250     2589.350     2589.430     2591.390
   295:     2636.390     2639.420     2639.640     2640.120     2810.980
   300:     2811.090     2835.020     2835.020     2835.020     2835.030
   305:     2845.020     2858.010     2878.650     2881.920     2978.890
   310:     2982.260     2982.290     2982.310     2982.390     2982.750
   315:     3002.220     3002.420     3012.270     3012.500     3012.570
   320:     3012.750     3022.740     3024.690     3229.130     3229.860
   325:     3245.800     3252.460     3253.870     3253.940     3254.050
   330:     3275.400     3288.480     3289.140     3289.190     3290.360
   335:     3290.750     3290.810     3291.000     3291.430     3292.090
   340:     3293.600     3293.650     3301.830     3301.880     3305.470
   345:     3305.570     3305.800     3305.900     3305.990     3306.200
   350:     3306.460     3306.570     3306.630     3307.110     3394.840
   355:     3394.950     3395.260     3395.510     3396.940     3397.030
   360:     3397.130     3398.080     3398.160     3398.700     3398.800
   365:     3399.110     3399.710     3400.050     3400.700     3400.730
   370:     3405.530     3406.740     3439.530     3440.410     3440.820
   375:     3440.990     3441.080     3480.170     3481.090     3481.530
   380:     3481.720     3483.020     3483.070     3548.880     3549.060
   385:     3553.720     3557.170     3557.610     3558.780     3559.420
   390:     3564.870     3607.840     3619.870     3620.170     3620.310
   395:     3620.850     3643.290     3643.390     3643.460     3644.240
   400:     3644.430     3644.750     3648.150     3648.240     3648.270
   405:     3648.420     3649.280     3655.970     3657.280     3657.860
   410:     3749.460     3751.780     3756.320     3760.750     3779.760
   415:     3781.750     3782.080     3782.120     3784.290     3788.390
   420:     3788.460     3792.160     3792.270     3794.470     4004.490
   425:     4008.020     4010.530     4013.420     4013.570     4024.630
   430:     4024.650     4027.180     4027.240     4028.540     4028.700
   435:     4029.140     4029.370     4131.150     4132.750     4145.590
   440:     4145.680     4145.960     4146.150     4147.860     4166.780
   445:     4167.140     4167.490     4167.610     4169.160     4169.190
   450:     4195.940     4196.020     4198.270     4198.510     4204.870
   455:     4204.920     4204.980     4205.550     4222.830     4228.470
   460:     4230.780     4235.490     4235.580     4235.680     4253.180
   465:     4253.180     4253.180     4253.190     4263.180     4266.290
   470:     4266.290     4266.290     4266.300     4276.290     4287.020
   475:     4315.250     4315.270     4318.790     4319.340     4320.240
   480:     4320.310     4320.680     4321.070     4321.140     4322.100
   485:     4322.160     4337.390     4430.960     4433.340     4433.470
   490:     4433.940     4434.000     4435.640     4435.730     4435.850
   495:     4458.450     4458.590     4459.730     4510.080     4510.140
   500:     4510.180     4510.320     4511.130     4514.000     4518.930
   505:     4519.970     4521.490     4521.620     4521.960     4537.080
   510:     4537.330     4537.370     4575.050     4575.060     4575.130
   515:     4575.150     4587.760     4589.040     4628.820     4629.670
   520:     4655.660     4662.560     4662.640     4662.830     4663.830
   525:     4663.950     4666.900     4667.370     4915.190     4915.790
   530:     4966.190     4967.760     4968.920     4969.160     4969.270
   535:     4969.690     4970.400     4971.980     4978.410     4978.900
   540:     4980.000     4985.930     4986.000     4986.150     4986.270
   545:     4989.290     4989.480     4989.860     4991.950     4992.190
   550:     4992.350     4992.500     4994.710     4994.740     4996.030
   555:     5012.330     5024.910     5025.020     5025.120     5036.820
   560:     5036.970     5037.770     5038.950     5039.030     5039.250
   565:     5039.900     5074.710     5074.740     5074.820     5074.840
   570:     5078.260     5078.430     5139.260     5144.850     5144.980
   575:     5145.180     5145.260     5145.350     5145.640     5147.720
   580:     5148.500     5327.970     5331.990     5332.060     5333.620
   585:     5333.650     5333.790     5333.820     5334.000     5337.000
   590:     5337.040     5403.320     5405.410     5409.120     5410.330
   595:     5410.970     5411.150     5411.270     5412.880     5413.370
   600:     5414.500     5414.600     5415.980     5416.520     5417.420
   605:     5417.460     5419.450     5419.510     5419.660     5420.760
   610:     5421.160     5421.360     5421.970     5422.610     5422.690
   615:     5422.710     5422.860     5425.610     5425.730     5425.930
   620:     5427.010     5427.110     5427.240     5427.330     5427.400
   625:     5430.640     5431.820     5439.060     5439.200     5439.320
   630:     5444.010     5444.060     5444.100     5444.220     5446.890
   635:     5447.920     5448.400     5448.450     5449.520     5458.290
   640:     5516.320     5516.370     5516.420     5516.550     5516.670
   645:     5516.900     5517.110     5602.540     5604.470     5606.610
   650:     5708.670     5708.780     5757.600     5757.680     5758.410
   655:     5968.960     5968.980     5989.240     6007.970     6007.990
   660:     6008.080     6010.490     6010.770     6010.900     6011.720
   665:     6011.820     6078.870     6082.680     6082.780     6083.180
   670:     6098.080     6102.090     6122.480     6126.860     6129.530
   675:     6129.670     6129.770     6142.750     6142.800     6155.960
   680:     6179.390     6223.530     6223.650     6224.730     6225.390
   685:     6227.860     6264.010     6265.360     6265.880     6266.750
   690:     6266.890     6266.910     6267.110     6267.870     6269.420
   695:     6275.230     6275.350     6322.660     6344.300     6344.330
   700:     6348.120     6348.320     6348.780     6348.850     6349.030
   705:     6349.320     6349.540     6349.650     6349.770     6349.860
   710:     6364.640     6366.060     6369.740     6369.770     6370.710
   715:     6370.920     6521.040     6521.150     6521.240     6521.350
   720:     6521.440     6521.540     6521.640     6524.630     6524.680
   725:     6525.440     6526.410     6617.410     6626.640     6634.040
   730:     6646.220     6651.240     6658.250     6658.310     6712.210
   735:     6713.110     6713.370     6713.730     6721.180     6721.350
   740:     6721.430     6721.830     6722.260     6722.500     6726.190
   745:     6728.330     6748.010     6750.010     6750.060     6751.220
   750:     6768.830     6768.970     6780.360     6781.000     6804.950
   755:     6805.110     6805.780     6818.550     6819.120     6947.450
   760:     6947.530     6967.320     6979.870     6980.560     6981.830
   765:     7116.470     7116.570     7116.740     7118.200     7118.400
   770:     7121.010     7122.750     7145.600     7145.690     7190.770
   775:     7190.880     7190.890     7191.830     7192.000     7193.080
   780:     7193.500     7193.790     7241.230     7248.510     7249.230
   785:     7249.980     7316.460     7316.520     7317.490     7373.670
   790:     7374.380     7374.480     7374.650     7375.800     7380.970
   795:     7382.800     7387.290     7388.300     7388.480     7475.470
   800:     7478.100     7480.040     7515.710     7515.840     7518.920
   805:     7522.170     7522.540     7522.650     7522.710     7523.150
   810:     7523.260     7523.290     7523.450     7523.530     7523.740
   815:     7523.880     7524.840     7530.860     7532.250     7532.390
   820:     7628.670     7632.500     7632.880     7657.220     7661.130
   825:     7661.180     7669.480     7669.540     7669.560     7672.080
   830:     7672.110     7672.660     7683.890     7686.940     7702.880
   835:     7702.880     7702.880     7702.890     7707.010     7712.880
   840:     7727.850     7728.800     7730.630     7731.000     7731.040
   845:     7732.100     7910.170     7911.270     7911.610     7918.110
   850:     7919.210     7923.670     7948.270     7948.410     7951.430
   855:     7951.570     7951.610     7952.840     7952.930     7952.970
   860:     7957.130     7959.620     7959.820     7964.380     7965.250
   865:     7966.150     7966.720     7967.300     7968.690     7977.800
   870:     7992.920     7993.160     7993.210     8004.040     8007.640
   875:     8013.240     8015.160     8056.390     8056.710     8056.810
   880:     8056.940     8057.000     8057.470     8062.460     8062.520
   885:     8062.650     8062.720     8062.940     8064.290     8064.640
   890:     8064.720     8065.060     8129.700     8129.700     8129.700
   895:     8129.710     8139.700     8142.140     8150.230     8150.650
   900:     8150.740     8162.220     8164.380     8164.450     8165.450
   905:     8166.290     8166.840     8167.060     8167.530     8167.880
   910:     8170.550     8170.650     8218.140     8256.240     8256.770
   915:     8257.310     8258.260     8258.740     8258.790     8282.380
   920:     8283.280     8305.470     8308.640     8308.990     8315.160
   925:     8418.220     8418.340     8418.460     8418.550     8419.630
   930:     8419.730     8420.050     8420.580     8420.600     8422.230
   935:     8422.870     8423.440     8427.020     8427.090     8429.540
   940:     8469.350     8493.970     8494.290     8495.750     8579.960
   945:     8583.400     8583.530     8583.730     8585.420     8585.490
   950:     8585.590     8587.620     8587.960     8588.100     8588.120
   955:     8588.220     8588.330     8588.480     8588.780     8588.880
   960:     8588.920     8589.290     8591.470     8592.080     8593.610
   965:     8593.870     8594.290     8594.420     8594.680     8595.530
   970:     8595.620     8598.310     8598.550     8600.680     8600.950
   975:     8602.460     8602.930     8603.050     8603.210     8604.030
   980:     8604.080     8604.360     8604.620     8607.580     8609.200
   985:     8609.420     8609.490     8644.430     8645.970     8646.620
   990:     8668.050     8668.180     8668.320     8670.860     8691.560
   995:     8700.730     8703.930     8832.170     8865.240     8865.270
  1000:     8865.340     8865.360     8865.490     8867.440     8869.590
  1005:     8869.670     8871.140     8889.070     8905.320     8910.880
  1010:     8911.510     8911.530     8917.240     8934.530     8936.580
  1015:     8936.800     8937.570     8938.460     8938.520     8938.710
  1020:     8938.980     8939.330     8940.150     8942.170     8943.680
  1025:     8943.850     9045.110     9045.180     9045.410     9046.870
  1030:     9046.990     9047.440     9048.550     9055.490     9055.570
  1035:     9075.780     9077.290     9077.560     9148.100     9148.200
  1040:     9148.270     9148.410     9149.920     9150.610     9150.910
  1045:     9151.270     9172.180     9175.090     9175.240     9179.040
  1050:     9179.120     9179.420     9179.470     9180.510     9180.550
  1055:     9180.590     9182.050     9182.450     9184.770     9186.480
  1060:     9187.440     9187.980     9212.390     9214.420     9216.740
  1065:     9219.510     9219.630     9226.230     9228.020     9229.090
  1070:     9230.380     9230.420     9230.840     9231.780     9235.990
  1075:     9237.700     9415.100     9416.540     9417.000     9423.000
  1080:     9429.150     9429.280     9429.800     9449.360     9457.610
  1085:     9457.690     9457.800     9458.360     9458.790     9458.880
  1090:     9459.550     9503.890     9504.030     9507.280     9507.940
  1095:     9510.440     9512.900     9539.290     9539.470     9540.140
  1100:     9540.560     9540.580     9540.950     9543.180     9577.980
  1105:     9579.260     9581.050     9583.280     9584.760     9585.200
  1110:     9585.820     9585.910     9587.500     9587.530     9587.590
  1115:     9593.280     9593.600     9599.520     9615.550     9615.630
  1120:     9615.700     9616.060     9616.920     9617.300     9618.790
  1125:     9625.820     9627.110     9627.820     9654.270     9654.270
  1130:     9654.270     9654.280     9664.270     9664.960     9664.960
  1135:     9664.960     9664.970     9674.960     9687.990     9688.080
  1140:     9688.170     9688.540     9688.830     9688.870     9689.170
  1145:     9692.550     9692.690     9692.740     9694.650     9698.860
  1150:     9700.290     9701.260     9720.950     9727.770     9728.310
  1155:     9731.250     9731.740     9732.760     9734.390     9735.120
  1160:     9736.210     9736.970     9781.180     9781.820     9797.170
  1165:     9798.660     9799.050     9799.690     9800.390     9961.740
  1170:     9974.140     9974.250     9974.270     9974.300     9974.630
  1175:    10031.450    10031.490    10036.380    10036.450    10040.970
  1180:    10041.810    10046.520    10047.280    10293.310    10294.110
  1185:    10344.870    10370.400    10374.120    10376.750    10376.880
  1190:    10382.170    10393.300    10393.380    10394.460    10394.910
  1195:    10395.010    10395.140    10395.400    10395.610    10395.700
  1200:    10396.320    10422.070    10426.560    10428.580    10514.230
  1205:    10516.910    10519.900    10524.820    10524.970    10525.100
  1210:    10525.960    10722.430    10723.370    10734.320    10734.360
  1215:    10734.810    10736.960    10737.020    10747.900    10797.680
  1220:    10799.190    10800.010
