File: C:\MED-PC IV\DATA\!2025-08-26_16h51m.Subject T20



Start Date: 08/26/25
End Date: 08/26/25
Subject: T20
Experiment: OralFentSA
Group: One
Box: 1
Start Time: 16:51:19
End Time: 19:51:29
MSN: Golden_Liq_SelfAdmin_LIT
F:       0.000
G:    3132.000
H:   10800.010
I:       0.000
J:       0.000
K:       0.000
L:       0.000
M:       0.000
N:       0.000
O:       0.000
P:       0.000
Q:       0.000
R:       0.000
S:       0.000
U:       0.000
V:       0.000
W:       0.000
X:       0.000
Y:       0.000
Z:       0.000
A:
     0:        0.000        0.000      180.000        4.000        0.000
     5:        5.000        0.000        5.000        0.000        0.000
    10:        1.000        0.000       10.000 30000000.000       21.000
    15:        7.000      320.000        0.000        0.000        0.000
    20:        0.000
B:
     0:        0.000        0.000        0.000        0.000        0.000
     5:        0.000        0.000        0.000        0.000        0.000
    10:        0.000        0.000        0.000 3000000000.0        0.000
    15:        0.000        0.000        0.000        0.000        0.000
    20:        0.000
C:
     0:        0.000        1.000        0.000        0.000     3128.000
     5:        0.000        0.000        0.000        0.000        0.000
    10:        0.000        0.000        0.000        0.000        0.000
    15:        0.000        0.000        0.000        0.000        0.000
    20:        0.000
D:
E:
     0:       19.000       11.000       26.000       27.000        6.000
     5:        6.000        6.000        6.000        6.000        6.000
    10:        6.000        6.000        6.000        6.000        6.000
    15:        6.000        6.000        6.000        6.000        6.000
    20:        6.000        6.000        6.000        6.000        6.000
    25:        6.000        6.000        6.000        6.000        6.000
    30:        6.000        6.000        6.000        6.000        6.000
    35:        6.000        6.000        6.000        6.000        6.000
    40:        6.000        6.000        6.000        6.000        6.000
    45:        6.000        6.000        6.000        6.000        6.000
    50:        6.000        6.000        6.000        6.000        6.000
    55:        6.000        6.000        6.000        6.000        6.000
    60:        6.000        6.000        6.000        6.000        6.000
    65:        6.000        6.000        6.000        6.000        6.000
    70:        6.000        6.000        6.000        6.000        6.000
    75:        6.000        6.000        6.000        6.000        6.000
    80:        6.000        6.000        6.000        6.000        6.000
    85:        6.000        6.000        6.000        6.000        6.000
    90:        6.000        6.000        6.000        6.000        6.000
    95:        6.000        6.000        6.000        6.000        6.000
   100:        6.000        6.000        6.000        6.000        6.000
   105:        6.000        6.000        6.000        6.000        6.000
   110:        6.000        6.000        6.000        6.000        6.000
   115:        6.000        6.000        6.000        6.000        6.000
   120:        6.000        6.000        6.000        6.000        6.000
   125:        6.000        6.000        6.000        6.000        6.000
   130:        6.000        6.000        6.000        6.000        6.000
   135:        6.000        6.000        6.000        6.000        6.000
   140:        6.000        6.000        6.000        6.000        6.000
   145:        6.000        6.000        6.000        6.000        6.000
   150:        6.000        6.000        6.000        6.000        6.000
   155:        6.000        6.000        6.000        6.000        6.000
   160:        6.000        6.000        6.000        6.000        6.000
   165:        6.000        6.000        6.000        6.000        6.000
   170:        6.000        6.000        6.000        6.000        6.000
   175:        6.000        6.000        6.000        6.000        6.000
   180:        6.000        6.000        6.000        6.000        6.000
   185:        6.000        6.000        6.000        6.000        6.000
   190:        6.000        6.000        6.000        6.000        6.000
   195:        6.000        6.000        6.000        6.000        6.000
   200:        6.000        6.000        6.000        6.000        6.000
   205:        6.000        6.000        6.000        6.000        6.000
   210:        6.000        6.000        6.000        6.000        6.000
   215:        6.000        6.000        6.000        6.000        6.000
   220:        6.000        6.000        6.000        6.000        6.000
   225:        6.000        6.000        6.000        6.000        6.000
   230:        6.000        6.000        6.000        6.000        6.000
   235:        6.000        6.000        6.000        6.000        6.000
   240:        6.000        6.000        6.000        6.000        6.000
   245:        6.000        6.000        6.000        6.000        6.000
   250:        6.000        6.000        6.000        6.000        6.000
   255:        6.000        6.000        6.000        6.000        6.000
   260:        6.000        6.000        6.000        6.000        6.000
   265:        6.000        6.000        6.000        6.000        6.000
   270:        6.000        6.000        6.000        6.000        6.000
   275:        6.000        6.000        6.000        6.000        6.000
   280:        6.000        6.000        6.000        6.000        6.000
   285:        6.000        6.000        6.000        6.000        6.000
   290:        6.000        6.000        6.000        6.000        6.000
   295:        6.000        6.000        6.000        6.000        6.000
   300:        6.000        6.000        6.000        6.000        6.000
   305:        6.000        6.000        6.000        6.000        6.000
   310:        6.000        6.000        6.000        6.000        6.000
   315:        6.000        6.000        6.000        6.000        6.000
   320:        6.000        6.000        6.000        6.000        6.000
   325:        6.000        6.000        6.000        6.000        6.000
   330:        6.000        6.000        6.000        6.000        6.000
   335:        6.000        6.000        6.000        6.000        6.000
   340:        6.000        6.000        6.000        6.000        6.000
   345:        6.000        6.000        6.000        6.000        6.000
   350:        6.000        6.000        6.000        6.000        6.000
   355:        6.000        6.000        6.000        6.000        6.000
   360:        6.000        6.000        6.000        6.000        6.000
   365:        6.000        6.000        6.000        6.000        6.000
   370:        6.000        6.000        6.000        6.000        6.000
   375:        6.000        6.000        6.000        6.000        6.000
   380:        6.000        6.000        6.000        6.000        6.000
   385:        6.000        6.000        6.000        6.000        6.000
   390:        6.000        6.000        6.000        6.000        6.000
   395:        6.000        6.000        6.000        6.000        6.000
   400:        6.000        6.000        6.000        6.000        6.000
   405:        6.000        6.000        6.000        6.000        6.000
   410:        6.000        6.000        6.000        6.000        6.000
   415:        6.000        6.000        6.000        6.000        6.000
   420:        6.000        6.000        6.000        6.000        6.000
   425:        6.000        6.000        6.000        6.000        6.000
   430:        6.000        6.000        6.000        6.000        6.000
   435:        6.000        6.000        6.000        6.000        6.000
   440:        6.000        6.000        6.000        6.000        6.000
   445:        6.000        6.000        6.000        6.000        6.000
   450:        6.000        6.000        6.000        6.000        6.000
   455:        6.000        6.000        6.000        6.000        6.000
   460:        6.000        6.000        6.000        6.000        6.000
   465:        6.000        6.000        6.000        6.000        6.000
   470:        6.000        6.000        6.000        6.000        6.000
   475:        6.000        6.000        6.000        6.000        6.000
   480:        6.000        6.000        6.000        6.000        6.000
   485:        6.000        6.000        6.000        6.000        6.000
   490:        6.000        6.000        6.000        6.000        6.000
   495:        6.000        6.000        6.000        6.000        6.000
   500:        6.000        6.000        6.000        6.000        6.000
   505:        6.000        6.000        6.000        6.000        6.000
   510:        6.000        6.000        6.000        6.000        6.000
   515:        6.000        6.000        6.000        6.000        6.000
   520:        6.000        6.000        6.000        6.000        6.000
   525:        6.000        6.000        6.000        6.000        6.000
   530:        6.000        6.000        6.000        6.000        6.000
   535:        6.000        6.000        6.000        6.000        6.000
   540:        6.000        6.000        6.000        6.000        6.000
   545:        6.000        6.000        6.000        6.000        6.000
   550:        6.000        6.000        6.000        6.000        6.000
   555:        6.000        6.000        6.000        6.000        6.000
   560:        6.000        6.000        6.000        6.000        6.000
   565:        6.000        6.000        6.000        6.000        6.000
   570:        6.000        6.000        6.000        6.000        6.000
   575:        6.000        6.000        6.000        6.000        6.000
   580:        6.000        6.000        6.000        6.000        6.000
   585:        6.000        6.000        6.000        6.000        6.000
   590:        6.000        6.000        6.000        6.000        6.000
   595:        6.000        6.000        6.000        6.000        6.000
   600:        6.000        6.000        6.000        6.000        6.000
   605:        6.000        6.000        6.000        6.000        6.000
   610:        6.000        6.000        6.000        6.000        6.000
   615:        6.000        6.000        6.000        6.000        6.000
   620:        6.000        6.000        6.000        6.000        6.000
   625:        6.000        6.000        6.000        6.000        6.000
   630:        6.000        6.000        6.000        6.000        6.000
   635:        6.000        6.000        6.000        6.000        6.000
   640:        6.000        6.000        6.000        6.000        6.000
   645:        6.000        6.000        6.000        6.000        6.000
   650:        6.000        6.000        6.000        6.000        6.000
   655:        6.000        6.000        6.000        6.000        6.000
   660:        6.000        6.000        6.000        6.000        6.000
   665:        6.000        6.000        6.000        6.000        6.000
   670:        6.000        6.000        6.000        6.000        6.000
   675:        6.000        6.000        6.000        6.000        6.000
   680:        6.000        6.000        6.000        6.000        6.000
   685:        6.000        6.000        6.000        6.000        6.000
   690:        6.000        6.000        6.000        6.000        6.000
   695:        6.000        6.000        6.000        6.000        6.000
   700:        6.000        6.000        6.000        6.000        6.000
   705:        6.000        6.000        6.000        6.000        6.000
   710:        6.000        6.000        6.000        6.000        6.000
   715:        6.000        6.000        6.000        6.000        6.000
   720:        6.000        6.000        6.000        6.000        6.000
   725:        6.000        6.000        6.000        6.000        6.000
   730:        6.000        6.000        6.000        6.000        6.000
   735:        6.000        6.000        6.000        6.000        6.000
   740:        6.000        6.000        6.000        6.000        6.000
   745:        6.000        6.000        6.000        6.000        6.000
   750:        6.000        6.000        6.000        6.000        6.000
   755:        6.000        6.000        6.000        6.000        6.000
   760:        6.000        6.000        6.000        6.000        6.000
   765:        6.000        6.000        6.000        6.000        6.000
   770:        6.000        6.000        6.000        6.000        6.000
   775:        6.000        6.000        6.000        6.000        6.000
   780:        6.000        6.000        6.000        6.000        6.000
   785:        6.000        6.000        6.000        6.000        6.000
   790:        6.000        6.000        6.000        6.000        6.000
   795:        6.000        6.000        6.000        6.000        6.000
   800:        6.000        6.000        6.000        6.000        6.000
   805:        6.000        6.000        6.000        6.000        6.000
   810:        6.000        6.000        6.000        6.000        6.000
   815:        6.000        6.000        6.000        6.000        6.000
   820:        6.000        6.000        6.000        6.000        6.000
   825:        6.000        6.000        6.000        6.000        6.000
   830:        6.000        6.000        6.000        6.000        6.000
   835:        6.000        6.000        6.000        6.000        6.000
   840:        6.000        6.000        6.000        6.000        6.000
   845:        6.000        6.000        6.000        6.000        6.000
   850:        6.000        6.000        6.000        6.000        6.000
   855:        6.000        6.000        6.000        6.000        6.000
   860:        6.000        6.000        6.000        6.000        6.000
   865:        6.000        6.000        6.000        6.000        6.000
   870:        6.000        6.000        6.000        6.000        6.000
   875:        6.000        6.000        6.000        6.000        6.000
   880:        6.000        6.000        6.000        6.000        6.000
   885:        6.000        6.000        6.000        6.000        6.000
   890:        6.000        6.000        6.000        6.000        6.000
   895:        6.000        6.000        6.000        6.000        6.000
   900:        6.000        6.000        6.000        6.000        6.000
   905:        6.000        6.000        6.000        6.000        6.000
   910:        6.000        6.000        6.000        6.000        6.000
   915:        6.000        6.000        6.000        6.000        6.000
   920:        6.000        6.000        6.000        6.000        6.000
   925:        6.000        6.000        6.000        6.000        6.000
   930:        6.000        6.000        6.000        6.000        6.000
   935:        6.000        6.000        6.000        6.000        6.000
   940:        6.000        6.000        6.000        6.000        6.000
   945:        6.000        6.000        6.000        6.000        6.000
   950:        6.000        6.000        6.000        6.000        6.000
   955:        6.000        6.000        6.000        6.000        6.000
   960:        6.000        6.000        6.000        6.000        6.000
   965:        6.000        6.000        6.000        6.000        6.000
   970:        6.000        6.000        6.000        6.000        6.000
   975:        6.000        6.000        6.000        6.000        6.000
   980:        6.000        6.000        6.000        6.000        6.000
   985:        6.000        6.000        6.000        6.000        6.000
   990:        6.000        6.000        6.000        6.000        6.000
   995:        6.000        6.000        6.000        6.000        6.000
  1000:        6.000        6.000        6.000        6.000        6.000
  1005:        6.000        6.000        6.000        6.000        6.000
  1010:        6.000        6.000        6.000        6.000        6.000
  1015:        6.000        6.000        6.000        6.000        6.000
  1020:        6.000        6.000        6.000        6.000        6.000
  1025:        6.000        6.000        6.000        6.000        6.000
  1030:        6.000        6.000        6.000        6.000        6.000
  1035:        6.000        6.000        6.000        6.000        6.000
  1040:        6.000        6.000        6.000        6.000        6.000
  1045:        6.000        6.000        6.000        6.000        6.000
  1050:        6.000        6.000        6.000        6.000        6.000
  1055:        6.000        6.000        6.000        6.000        6.000
  1060:        6.000        6.000        6.000        6.000        6.000
  1065:        6.000        6.000        6.000        6.000        6.000
  1070:        6.000        6.000        6.000        6.000        6.000
  1075:        6.000        6.000        6.000        6.000        6.000
  1080:        6.000        6.000        6.000        6.000        6.000
  1085:        6.000        6.000        6.000        6.000        6.000
  1090:        6.000        6.000        6.000        6.000        6.000
  1095:        6.000        6.000        6.000        6.000        6.000
  1100:        6.000        6.000        6.000        6.000        6.000
  1105:        6.000        6.000        6.000        6.000        6.000
  1110:        6.000        6.000        6.000        6.000        6.000
  1115:        6.000        6.000        6.000        6.000        6.000
  1120:        6.000        6.000        6.000        6.000        6.000
  1125:        6.000        6.000        6.000        6.000        6.000
  1130:        6.000        6.000        6.000        6.000        6.000
  1135:        6.000        6.000        6.000        6.000        6.000
  1140:        6.000        6.000        6.000        6.000        6.000
  1145:        6.000        6.000        6.000        6.000        6.000
  1150:        6.000        6.000        6.000        6.000        6.000
  1155:        6.000        6.000        6.000        6.000        6.000
  1160:        6.000        6.000        6.000        6.000        6.000
  1165:        6.000        6.000        6.000        6.000        6.000
  1170:        6.000        6.000        6.000        6.000        6.000
  1175:        6.000        6.000        6.000        6.000        6.000
  1180:        6.000        6.000        6.000        6.000        6.000
  1185:        6.000        6.000        6.000        6.000        6.000
  1190:        6.000        6.000        6.000        6.000        6.000
  1195:        6.000        6.000        6.000        6.000        6.000
  1200:        6.000        6.000        6.000        6.000        6.000
  1205:        6.000        6.000        6.000        6.000        6.000
  1210:        6.000        6.000        6.000        6.000        6.000
  1215:        6.000        6.000        6.000        6.000        6.000
  1220:        6.000        6.000        6.000        6.000        6.000
  1225:        6.000        6.000        6.000        6.000        6.000
  1230:        6.000        6.000        6.000        6.000        6.000
  1235:        6.000        6.000        6.000        6.000        6.000
  1240:        6.000        6.000        6.000        6.000        6.000
  1245:        6.000        6.000        6.000        6.000        6.000
  1250:        6.000        6.000        6.000        6.000        6.000
  1255:        6.000        6.000        6.000        6.000        6.000
  1260:        6.000        6.000        6.000        6.000        6.000
  1265:        6.000        6.000        6.000        6.000        6.000
  1270:        6.000        6.000        6.000        6.000        6.000
  1275:        6.000        6.000        6.000        6.000        6.000
  1280:        6.000        6.000        6.000        6.000        6.000
  1285:        6.000        6.000        6.000        6.000        6.000
  1290:        6.000        6.000        6.000        6.000        6.000
  1295:        6.000        6.000        6.000        6.000        6.000
  1300:        6.000        6.000        6.000        6.000        6.000
  1305:        6.000        6.000        6.000        6.000        6.000
  1310:        6.000        6.000        6.000        6.000        6.000
  1315:        6.000        6.000        6.000        6.000        6.000
  1320:        6.000        6.000        6.000        6.000        6.000
  1325:        6.000        6.000        6.000        6.000        6.000
  1330:        6.000        6.000        6.000        6.000        6.000
  1335:        6.000        6.000        6.000        6.000        6.000
  1340:        6.000        6.000        6.000        6.000        6.000
  1345:        6.000        6.000        6.000        6.000        6.000
  1350:        6.000        6.000        6.000        6.000        6.000
  1355:        6.000        6.000        6.000        6.000        6.000
  1360:        6.000        6.000        6.000        6.000        6.000
  1365:        6.000        6.000        6.000        6.000        6.000
  1370:        6.000        6.000        6.000        6.000        6.000
  1375:        6.000        6.000        6.000        6.000        6.000
  1380:        6.000        6.000        6.000        6.000        6.000
  1385:        6.000        6.000        6.000        6.000        6.000
  1390:        6.000        6.000        6.000        6.000        6.000
  1395:        6.000        6.000        6.000        6.000        6.000
  1400:        6.000        6.000        6.000        6.000        6.000
  1405:        6.000        6.000        6.000        6.000        6.000
  1410:        6.000        6.000        6.000        6.000        6.000
  1415:        6.000        6.000        6.000        6.000        6.000
  1420:        6.000        6.000        6.000        6.000        6.000
  1425:        6.000        6.000        6.000        6.000        6.000
  1430:        6.000        6.000        6.000        6.000        6.000
  1435:        6.000        6.000        6.000        6.000        6.000
  1440:        6.000        6.000        6.000        6.000        6.000
  1445:        6.000        6.000        6.000        6.000        6.000
  1450:        6.000        6.000        6.000        6.000        6.000
  1455:        6.000        6.000        6.000        6.000        6.000
  1460:        6.000        6.000        6.000        6.000        6.000
  1465:        6.000        6.000        6.000        6.000        6.000
  1470:        6.000        6.000        6.000        6.000        6.000
  1475:        6.000        6.000        6.000        6.000        6.000
  1480:        6.000        6.000        6.000        6.000        6.000
  1485:        6.000        6.000        6.000        6.000        6.000
  1490:        6.000        6.000        6.000        6.000        6.000
  1495:        6.000        6.000        6.000        6.000        6.000
  1500:        6.000        6.000        6.000        6.000        6.000
  1505:        6.000        6.000        6.000        6.000        6.000
  1510:        6.000        6.000        6.000        6.000        6.000
  1515:        6.000        6.000        6.000        6.000        6.000
  1520:        6.000        6.000        6.000        6.000        6.000
  1525:        6.000        6.000        6.000        6.000        6.000
  1530:        6.000        6.000        6.000        6.000        6.000
  1535:        6.000        6.000        6.000        6.000        6.000
  1540:        6.000        6.000        6.000        6.000        6.000
  1545:        6.000        6.000        6.000        6.000        6.000
  1550:        6.000        6.000        6.000        6.000        6.000
  1555:        6.000        6.000        6.000        6.000        6.000
  1560:        6.000        6.000        6.000        6.000        6.000
  1565:        6.000        6.000        6.000        6.000        6.000
  1570:        6.000        6.000        6.000        6.000        6.000
  1575:        6.000        6.000        6.000        6.000        6.000
  1580:        6.000        6.000        6.000        6.000        6.000
  1585:        6.000        6.000        6.000        6.000        6.000
  1590:        6.000        6.000        6.000        6.000        6.000
  1595:        6.000        6.000        6.000        6.000        6.000
  1600:        6.000        6.000        6.000        6.000        6.000
  1605:        6.000        6.000        6.000        6.000        6.000
  1610:        6.000        6.000        6.000        6.000        6.000
  1615:        6.000        6.000        6.000        6.000        6.000
  1620:        6.000        6.000        6.000        6.000        6.000
  1625:        6.000        6.000        6.000        6.000        6.000
  1630:        6.000        6.000        6.000        6.000        6.000
  1635:        6.000        6.000        6.000        6.000        6.000
  1640:        6.000        6.000        6.000        6.000        6.000
  1645:        6.000        6.000        6.000        6.000        6.000
  1650:        6.000        6.000        6.000        6.000        6.000
  1655:        6.000        6.000        6.000        6.000        6.000
  1660:        6.000        6.000        6.000        6.000        6.000
  1665:        6.000        6.000        6.000        6.000        6.000
  1670:        6.000        6.000        6.000        6.000        6.000
  1675:        6.000        6.000        6.000        6.000        6.000
  1680:        6.000        6.000        6.000        6.000        6.000
  1685:        6.000        6.000        6.000        6.000        6.000
  1690:        6.000        6.000        6.000        6.000        6.000
  1695:        6.000        6.000        6.000        6.000        6.000
  1700:        6.000        6.000        6.000        6.000        6.000
  1705:        6.000        6.000        6.000        6.000        6.000
  1710:        6.000        6.000        6.000        6.000        6.000
  1715:        6.000        6.000        6.000        6.000        6.000
  1720:        6.000        6.000        6.000        6.000        6.000
  1725:        6.000        6.000        6.000        6.000        6.000
  1730:        6.000        6.000        6.000        6.000        6.000
  1735:        6.000        6.000        6.000        6.000        6.000
  1740:        6.000        6.000        6.000        6.000        6.000
  1745:        6.000        6.000        6.000        6.000        6.000
  1750:        6.000        6.000        6.000        6.000        6.000
  1755:        6.000        6.000        6.000        6.000        6.000
  1760:        6.000        6.000        6.000        6.000        6.000
  1765:        6.000        6.000        6.000        6.000        6.000
  1770:        6.000        6.000        6.000        6.000        6.000
  1775:        6.000        6.000        6.000        6.000        6.000
  1780:        6.000        6.000        6.000        6.000        6.000
  1785:        6.000        6.000        6.000        6.000        6.000
  1790:        6.000        6.000        6.000        6.000        6.000
  1795:        6.000        6.000        6.000        6.000        6.000
  1800:        6.000        6.000        6.000        6.000        6.000
  1805:        6.000        6.000        6.000        6.000        6.000
  1810:        6.000        6.000        6.000        6.000        6.000
  1815:        6.000        6.000        6.000        6.000        6.000
  1820:        6.000        6.000        6.000        6.000        6.000
  1825:        6.000        6.000        6.000        6.000        6.000
  1830:        6.000        6.000        6.000        6.000        6.000
  1835:        6.000        6.000        6.000        6.000        6.000
  1840:        6.000        6.000        6.000        6.000        6.000
  1845:        6.000        6.000        6.000        6.000        6.000
  1850:        6.000        6.000        6.000        6.000        6.000
  1855:        6.000        6.000        6.000        6.000        6.000
  1860:        6.000        6.000        6.000        6.000        6.000
  1865:        6.000        6.000        6.000        6.000        6.000
  1870:        6.000        6.000        6.000        6.000        6.000
  1875:        6.000        6.000        6.000        6.000        6.000
  1880:        6.000        6.000        6.000        6.000        6.000
  1885:        6.000        6.000        6.000        6.000        6.000
  1890:        6.000        6.000        6.000        6.000        6.000
  1895:        6.000        6.000        6.000        6.000        6.000
  1900:        6.000        6.000        6.000        6.000        6.000
  1905:        6.000        6.000        6.000        6.000        6.000
  1910:        6.000        6.000        6.000        6.000        6.000
  1915:        6.000        6.000        6.000        6.000        6.000
  1920:        6.000        6.000        6.000        6.000        6.000
  1925:        6.000        6.000        6.000        6.000        6.000
  1930:        6.000        6.000        6.000        6.000        6.000
  1935:        6.000        6.000        6.000        6.000        6.000
  1940:        6.000        6.000        6.000        6.000        6.000
  1945:        6.000        6.000        6.000        6.000        6.000
  1950:        6.000        6.000        6.000        6.000        6.000
  1955:        6.000        6.000        6.000        6.000        6.000
  1960:        6.000        6.000        6.000        6.000        6.000
  1965:        6.000        6.000        6.000        6.000        6.000
  1970:        6.000        6.000        6.000        6.000        6.000
  1975:        6.000        6.000        6.000        6.000        6.000
  1980:        6.000        6.000        6.000        6.000        6.000
  1985:        6.000        6.000        6.000        6.000        6.000
  1990:        6.000        6.000        6.000        6.000        6.000
  1995:        6.000        6.000        6.000        6.000        6.000
  2000:        6.000        6.000        6.000        6.000        6.000
  2005:        6.000        6.000        6.000        6.000        6.000
  2010:        6.000        6.000        6.000        6.000        6.000
  2015:        6.000        6.000        6.000        6.000        6.000
  2020:        6.000        6.000        6.000        6.000        6.000
  2025:        6.000        6.000        6.000        6.000        6.000
  2030:        6.000        6.000        6.000        6.000        6.000
  2035:        6.000        6.000        6.000        6.000        6.000
  2040:        6.000        6.000        6.000        6.000        6.000
  2045:        6.000        6.000        6.000        6.000        6.000
  2050:        6.000        6.000        6.000        6.000        6.000
  2055:        6.000        6.000        6.000        6.000        6.000
  2060:        6.000        6.000        6.000        6.000        6.000
  2065:        6.000        6.000        6.000        6.000        6.000
  2070:        6.000        6.000        6.000        6.000        6.000
  2075:        6.000        6.000        6.000        6.000        6.000
  2080:        6.000        6.000        6.000        6.000        6.000
  2085:        6.000        6.000        6.000        6.000        6.000
  2090:        6.000        6.000        6.000        6.000        6.000
  2095:        6.000        6.000        6.000        6.000        6.000
  2100:        6.000        6.000        6.000        6.000        6.000
  2105:        6.000        6.000        6.000        6.000        6.000
  2110:        6.000        6.000        6.000        6.000        6.000
  2115:        6.000        6.000        6.000        6.000        6.000
  2120:        6.000        6.000        6.000        6.000        6.000
  2125:        6.000        6.000        6.000        6.000        6.000
  2130:        6.000        6.000        6.000        6.000        6.000
  2135:        6.000        6.000        6.000        6.000        6.000
  2140:        6.000        6.000        6.000        6.000        6.000
  2145:        6.000        6.000        6.000        6.000        6.000
  2150:        6.000        6.000        6.000        6.000        6.000
  2155:        6.000        6.000        6.000        6.000        6.000
  2160:        6.000        6.000        6.000        6.000        6.000
  2165:        6.000        6.000        6.000        6.000        6.000
  2170:        6.000        6.000        6.000        6.000        6.000
  2175:        6.000        6.000        6.000        6.000        6.000
  2180:        6.000        6.000        6.000        6.000        6.000
  2185:        6.000        6.000        6.000        6.000        6.000
  2190:        6.000        6.000        6.000        6.000        6.000
  2195:        6.000        6.000        6.000        6.000        6.000
  2200:        6.000        6.000        6.000        6.000        6.000
  2205:        6.000        6.000        6.000        6.000        6.000
  2210:        6.000        6.000        6.000        6.000        6.000
  2215:        6.000        6.000        6.000        6.000        6.000
  2220:        6.000        6.000        6.000        6.000        6.000
  2225:        6.000        6.000        6.000        6.000        6.000
  2230:        6.000        6.000        6.000        6.000        6.000
  2235:        6.000        6.000        6.000        6.000        6.000
  2240:        6.000        6.000        6.000        6.000        6.000
  2245:        6.000        6.000        6.000        6.000        6.000
  2250:        6.000        6.000        6.000        6.000        6.000
  2255:        6.000        6.000        6.000        6.000        6.000
  2260:        6.000        6.000        6.000        6.000        6.000
  2265:        6.000        6.000        6.000        6.000        6.000
  2270:        6.000        6.000        6.000        6.000        6.000
  2275:        6.000        6.000        6.000        6.000        6.000
  2280:        6.000        6.000        6.000        6.000        6.000
  2285:        6.000        6.000        6.000        6.000        6.000
  2290:        6.000        6.000        6.000        6.000        6.000
  2295:        6.000        6.000        6.000        6.000        6.000
  2300:        6.000        6.000        6.000        6.000        6.000
  2305:        6.000        6.000        6.000        6.000        6.000
  2310:        6.000        6.000        6.000        6.000        6.000
  2315:        6.000        6.000        6.000        6.000        6.000
  2320:        6.000        6.000        6.000        6.000        6.000
  2325:        6.000        6.000        6.000        6.000        6.000
  2330:        6.000        6.000        6.000        6.000        6.000
  2335:        6.000        6.000        6.000        6.000        6.000
  2340:        6.000        6.000        6.000        6.000        6.000
  2345:        6.000        6.000        6.000        6.000        6.000
  2350:        6.000        6.000        6.000        6.000        6.000
  2355:        6.000        6.000        6.000        6.000        6.000
  2360:        6.000        6.000        6.000        6.000        6.000
  2365:        6.000        6.000        6.000        6.000        6.000
  2370:        6.000        6.000        6.000        6.000        6.000
  2375:        6.000        6.000        6.000        6.000        6.000
  2380:        6.000        6.000        6.000        6.000        6.000
  2385:        6.000        6.000        6.000        6.000        6.000
  2390:        6.000        6.000        6.000        6.000        6.000
  2395:        6.000        6.000        6.000        6.000        6.000
  2400:        6.000        6.000        6.000        6.000        6.000
  2405:        6.000        6.000        6.000        6.000        6.000
  2410:        6.000        6.000        6.000        6.000        6.000
  2415:        6.000        6.000        6.000        6.000        6.000
  2420:        6.000        6.000        6.000        6.000        6.000
  2425:        6.000        6.000        6.000        6.000        6.000
  2430:        6.000        6.000        6.000        6.000        6.000
  2435:        6.000        6.000        6.000        6.000        6.000
  2440:        6.000        6.000        6.000        6.000        6.000
  2445:        6.000        6.000        6.000        6.000        6.000
  2450:        6.000        6.000        6.000        6.000        6.000
  2455:        6.000        6.000        6.000        6.000        6.000
  2460:        6.000        6.000        6.000        6.000        6.000
  2465:        6.000        6.000        6.000        6.000        6.000
  2470:        6.000        6.000        6.000        6.000        6.000
  2475:        6.000        6.000        6.000        6.000        6.000
  2480:        6.000        6.000        6.000        6.000        6.000
  2485:        6.000        6.000        6.000        6.000        6.000
  2490:        6.000        6.000        6.000        6.000        6.000
  2495:        6.000        6.000        6.000        6.000        6.000
  2500:        6.000        6.000        6.000        6.000        6.000
  2505:        6.000        6.000        6.000        6.000        6.000
  2510:        6.000        6.000        6.000        6.000        6.000
  2515:        6.000        6.000        6.000        6.000        6.000
  2520:        6.000        6.000        6.000        6.000        6.000
  2525:        6.000        6.000        6.000        6.000        6.000
  2530:        6.000        6.000        6.000        6.000        6.000
  2535:        6.000        6.000        6.000        6.000        6.000
  2540:        6.000        6.000        6.000        6.000        6.000
  2545:        6.000        6.000        6.000        6.000        6.000
  2550:        6.000        6.000        6.000        6.000        6.000
  2555:        6.000        6.000        6.000        6.000        6.000
  2560:        6.000        6.000        6.000        6.000        6.000
  2565:        6.000        6.000        6.000        6.000        6.000
  2570:        6.000        6.000        6.000        6.000        6.000
  2575:        6.000        6.000        6.000        6.000        6.000
  2580:        6.000        6.000        6.000        6.000        6.000
  2585:        6.000        6.000        6.000        6.000        6.000
  2590:        6.000        6.000        6.000        6.000        6.000
  2595:        6.000        6.000        6.000        6.000        6.000
  2600:        6.000        6.000        6.000        6.000        6.000
  2605:        6.000        6.000        6.000        6.000        6.000
  2610:        6.000        6.000        6.000        6.000        6.000
  2615:        6.000        6.000        6.000        6.000        6.000
  2620:        6.000        6.000        6.000        6.000        6.000
  2625:        6.000        6.000        6.000        6.000        6.000
  2630:        6.000        6.000        6.000        6.000        6.000
  2635:        6.000        6.000        6.000        6.000        6.000
  2640:        6.000        6.000        6.000        6.000        6.000
  2645:        6.000        6.000        6.000        6.000        6.000
  2650:        6.000        6.000        6.000        6.000        6.000
  2655:        6.000        6.000        6.000        6.000        6.000
  2660:        6.000        6.000        6.000        6.000        6.000
  2665:        6.000        6.000        6.000        6.000        6.000
  2670:        6.000        6.000        6.000        6.000        6.000
  2675:        6.000        6.000        6.000        6.000        6.000
  2680:        6.000        6.000        6.000        6.000        6.000
  2685:        6.000        6.000        6.000        6.000        6.000
  2690:        6.000        6.000        6.000        6.000        6.000
  2695:        6.000        6.000        6.000        6.000        6.000
  2700:        6.000        6.000        6.000        6.000        6.000
  2705:        6.000        6.000        6.000        6.000        6.000
  2710:        6.000        6.000        6.000        6.000        6.000
  2715:        6.000        6.000        6.000        6.000        6.000
  2720:        6.000        6.000        6.000        6.000        6.000
  2725:        6.000        6.000        6.000        6.000        6.000
  2730:        6.000        6.000        6.000        6.000        6.000
  2735:        6.000        6.000        6.000        6.000        6.000
  2740:        6.000        6.000        6.000        6.000        6.000
  2745:        6.000        6.000        6.000        6.000        6.000
  2750:        6.000        6.000        6.000        6.000        6.000
  2755:        6.000        6.000        6.000        6.000        6.000
  2760:        6.000        6.000        6.000        6.000        6.000
  2765:        6.000        6.000        6.000        6.000        6.000
  2770:        6.000        6.000        6.000        6.000        6.000
  2775:        6.000        6.000        6.000        6.000        6.000
  2780:        6.000        6.000        6.000        6.000        6.000
  2785:        6.000        6.000        6.000        6.000        6.000
  2790:        6.000        6.000        6.000        6.000        6.000
  2795:        6.000        6.000        6.000        6.000        6.000
  2800:        6.000        6.000        6.000        6.000        6.000
  2805:        6.000        6.000        6.000        6.000        6.000
  2810:        6.000        6.000        6.000        6.000        6.000
  2815:        6.000        6.000        6.000        6.000        6.000
  2820:        6.000        6.000        6.000        6.000        6.000
  2825:        6.000        6.000        6.000        6.000        6.000
  2830:        6.000        6.000        6.000        6.000        6.000
  2835:        6.000        6.000        6.000        6.000        6.000
  2840:        6.000        6.000        6.000        6.000        6.000
  2845:        6.000        6.000        6.000        6.000        6.000
  2850:        6.000        6.000        6.000        6.000        6.000
  2855:        6.000        6.000        6.000        6.000        6.000
  2860:        6.000        6.000        6.000        6.000        6.000
  2865:        6.000        6.000        6.000        6.000        6.000
  2870:        6.000        6.000        6.000        6.000        6.000
  2875:        6.000        6.000        6.000        6.000        6.000
  2880:        6.000        6.000        6.000        6.000        6.000
  2885:        6.000        6.000        6.000        6.000        6.000
  2890:        6.000        6.000        6.000        6.000        6.000
  2895:        6.000        6.000        6.000        6.000        6.000
  2900:        6.000        6.000        6.000        6.000        6.000
  2905:        6.000        6.000        6.000        6.000        6.000
  2910:        6.000        6.000        6.000        6.000        6.000
  2915:        6.000        6.000        6.000        6.000        6.000
  2920:        6.000        6.000        6.000        6.000        6.000
  2925:        6.000        6.000        6.000        6.000        6.000
  2930:        6.000        6.000        6.000        6.000        6.000
  2935:        6.000        6.000        6.000        6.000        6.000
  2940:        6.000        6.000        6.000        6.000        6.000
  2945:        6.000        6.000        6.000        6.000        6.000
  2950:        6.000        6.000        6.000        6.000        6.000
  2955:        6.000        6.000        6.000        6.000        6.000
  2960:        6.000        6.000        6.000        6.000        6.000
  2965:        6.000        6.000        6.000        6.000        6.000
  2970:        6.000        6.000        6.000        6.000        6.000
  2975:        6.000        6.000        6.000        6.000        6.000
  2980:        6.000        6.000        6.000        6.000        6.000
  2985:        6.000        6.000        6.000        6.000        6.000
  2990:        6.000        6.000        6.000        6.000        6.000
  2995:        6.000        6.000        6.000        6.000        6.000
  3000:        6.000        6.000        6.000        6.000        6.000
  3005:        6.000        6.000        6.000        6.000        6.000
  3010:        6.000        6.000        6.000        6.000        6.000
  3015:        6.000        6.000        6.000        6.000        6.000
  3020:        6.000        6.000        6.000        6.000        6.000
  3025:        6.000        6.000        6.000        6.000        6.000
  3030:        6.000        6.000        6.000        6.000        6.000
  3035:        6.000        6.000        6.000        6.000        6.000
  3040:        6.000        6.000        6.000        6.000        6.000
  3045:        6.000        6.000        6.000        6.000        6.000
  3050:        6.000        6.000        6.000        6.000        6.000
  3055:        6.000        6.000        6.000        6.000        6.000
  3060:        6.000        6.000        6.000        6.000        6.000
  3065:        6.000        6.000        6.000        6.000        6.000
  3070:        6.000        6.000        6.000        6.000        6.000
  3075:        6.000        6.000        6.000        6.000        6.000
  3080:        6.000        6.000        6.000        6.000        6.000
  3085:        6.000        6.000        6.000        6.000        6.000
  3090:        6.000        6.000        6.000        6.000        6.000
  3095:        6.000        6.000        6.000        6.000        6.000
  3100:        6.000        6.000        6.000        6.000        6.000
  3105:        6.000        6.000        6.000        6.000        6.000
  3110:        6.000        6.000        6.000        6.000        6.000
  3115:        6.000        6.000        6.000        6.000        6.000
  3120:        6.000        6.000        6.000        6.000        6.000
  3125:        6.000        6.000        6.000        6.000        6.000
  3130:        6.000        6.000      100.000
T:
     0:        0.000        0.000        0.000        0.000        8.270
     5:       83.350       83.670       83.860       87.620       87.790
    10:      119.540      120.940      121.120      123.280      125.390
    15:      181.600      182.020      182.690      182.730      185.490
    20:      186.940      203.880      204.410      206.030      206.070
    25:      206.200      206.240      206.340      207.430      208.060
    30:      208.310      208.520      208.680      214.480      214.790
    35:      220.600      221.210      222.680      223.640      228.030
    40:      290.120      290.390      290.410      290.570      292.090
    45:      294.110      294.130      294.180      296.740      297.990
    50:      298.940      299.490      299.880      300.530      301.430
    55:      301.980      303.060      303.080      303.120      303.270
    60:      304.140      304.370      323.270      323.560      324.010
    65:      325.060      325.140      330.470      332.490      334.340
    70:      482.110      482.420      482.820      483.250      483.290
    75:      483.540      483.740      702.430      702.720      716.050
    80:      759.180      759.640      760.230      760.600      762.360
    85:      762.660      763.830      764.130      765.110      770.520
    90:      770.650      770.710      770.760      778.460      779.030
    95:      782.920      784.760      791.470      792.760      792.860
   100:      793.280      793.520      793.680      794.010      813.990
   105:      814.130      814.200      816.580      819.510      819.660
   110:      820.420      820.500      821.140      821.310      821.850
   115:      822.930      825.080      825.310      825.380      825.700
   120:      825.960      826.080      826.170      826.590      826.640
   125:      826.970      827.170      828.000      828.160      828.520
   130:      828.690      828.780      828.900      829.190      829.600
   135:      831.560      832.310      837.560      840.000      840.670
   140:      840.850      841.260      842.330      842.450      843.320
   145:      843.940      844.040      875.830      876.220      877.840
   150:      878.920      879.250      879.320      879.900      879.940
   155:      894.520      895.370      895.520      900.650      900.680
   160:      901.430      901.520      901.690      901.820      902.370
   165:      903.070      903.690      904.620      904.730      904.850
   170:      905.140      905.690      905.750      905.810      906.010
   175:      906.570      906.860      906.910      907.010      907.310
   180:      907.490      907.630      907.880      908.770      911.290
   185:      980.070      981.590      986.000     1015.130     1015.690
   190:     1016.980     1017.920     1018.050     1027.250     1027.540
   195:     1035.150     1035.230     1035.270     1035.780     1037.610
   200:     1039.300     1039.680     1039.810     1040.280     1040.310
   205:     1040.530     1042.180     1042.880     1043.770     1044.590
   210:     1045.390     1046.500     1047.270     1047.550     1047.720
   215:     1047.820     1047.980     1048.400     1054.950     1055.000
   220:     1055.260     1056.350     1065.460     1068.410     1074.120
   225:     1084.430     1089.530     1121.760     1121.990     1122.130
   230:     1123.070     1124.300     1124.860     1125.190     1144.230
   235:     1144.390     1144.690     1145.310     1169.550     1169.800
   240:     1170.530     1170.780     1186.480     1186.970     1190.500
   245:     1190.760     1191.930     1193.690     1194.020     1194.090
   250:     1202.360     1202.460     1203.470     1212.430     1213.210
   255:     1214.390     1214.580     1214.680     1214.810     1215.050
   260:     1216.870     1229.140     1229.230     1245.730     1247.820
   265:     1247.880     1248.620     1248.640     1248.770     1249.180
   270:     1249.230     1249.360     1249.430     1249.560     1249.600
   275:     1249.610     1249.670     1249.720     1262.720     1264.680
   280:     1266.220     1270.700     1271.390     1271.560     1271.680
   285:     1283.450     1284.110     1284.230     1284.350     1284.610
   290:     1284.680     1284.900     1285.090     1288.280     1288.720
   295:     1288.770     1289.030     1289.180     1289.550     1289.910
   300:     1289.950     1290.020     1290.040     1290.640     1291.170
   305:     1291.600     1291.750     1292.090     1292.120     1292.160
   310:     1292.660     1297.550     1298.390     1299.740     1300.120
   315:     1301.510     1301.530     1302.520     1307.670     1308.420
   320:     1308.940     1309.090     1309.330     1318.780     1329.540
   325:     1329.890     1330.200     1350.960     1351.970     1352.970
   330:     1357.360     1357.380     1357.510     1357.730     1357.830
   335:     1407.010     1407.360     1407.450     1492.450     1493.380
   340:     1502.100     1502.500     1504.030     1517.170     1546.010
   345:     1547.130     1548.270     1651.250     1666.350     1668.090
   350:     1668.390     1670.390     1676.220     1716.860     1716.870
   355:     1719.760     1722.730     1911.650     1912.110     1912.220
   360:     1912.400     1912.420     1912.700     1916.620     1917.040
   365:     1917.640     1917.700     1928.250     1934.530     1934.650
   370:     1937.880     1937.950     1938.260     1938.350     1938.380
   375:     1939.050     1939.810     1939.910     1940.030     1941.590
   380:     1942.200     1943.740     1963.230     1966.910     1970.190
   385:     2072.020     2109.630     2111.300     2111.540     2119.040
   390:     2123.900     2127.300     2129.000     2133.640     2138.330
   395:     2138.970     2144.950     2148.610     2149.050     2156.120
   400:     2156.230     2156.400     2156.590     2156.850     2196.270
   405:     2208.960     2211.770     2212.680     2213.410     2214.530
   410:     2214.570     2214.620     2215.780     2215.850     2224.350
   415:     2225.290     2225.400     2226.580     2226.850     2229.400
   420:     2229.750     2230.380     2230.480     2230.590     2230.680
   425:     2230.780     2230.890     2231.040     2231.190     2231.270
   430:     2231.340     2231.430     2232.100     2233.190     2233.710
   435:     2233.800     2233.890     2234.190     2234.420     2236.560
   440:     2246.790     2246.850     2249.930     2250.470     2251.170
   445:     2255.580     2255.880     2269.110     2269.450     2271.540
   450:     2271.750     2272.180     2272.530     2273.970     2274.330
   455:     2275.910     2277.490     2278.050     2278.120     2297.130
   460:     2297.530     2312.020     2312.390     2312.570     2312.640
   465:     2312.770     2312.860     2313.270     2313.830     2313.990
   470:     2318.340     2321.790     2323.890     2336.920     2337.410
   475:     2337.820     2341.330     2341.480     2352.010     2352.490
   480:     2353.250     2353.370     2353.480     2382.340     2382.700
   485:     2395.900     2397.290     2407.010     2407.050     2408.690
   490:     2408.720     2408.920     2409.050     2409.270     2417.150
   495:     2420.070     2503.690     2504.020     2506.090     2506.650
   500:     2507.230     2507.340     2508.550     2530.100     2530.640
   505:     2531.010     2531.140     2532.650     2533.000     2533.080
   510:     2533.370     2533.490     2533.520     2535.430     2535.550
   515:     2535.730     2535.810     2536.720     2536.940     2537.680
   520:     2541.470     2543.060     2543.260     2546.470     2546.600
   525:     2546.730     2547.740     2548.320     2549.500     2549.620
   530:     2552.410     2552.880     2553.080     2554.470     2557.800
   535:     2558.300     2558.370     2558.540     2558.680     2559.750
   540:     2559.900     2559.990     2560.200     2561.570     2562.290
   545:     2567.520     2567.630     2567.750     2567.850     2568.020
   550:     2568.040     2568.180     2568.900     2569.870     2569.900
   555:     2570.540     2573.260     2573.640     2574.080     2578.230
   560:     2579.820     2580.690     2580.740     2581.150     2583.210
   565:     2583.470     2585.010     2585.170     2585.920     2587.000
   570:     2588.440     2589.940     2598.810     2598.900     2599.100
   575:     2599.510     2599.560     2600.020     2609.890     2612.020
   580:     2612.610     2614.420     2614.440     2618.240     2619.380
   585:     2632.460     2632.550     2632.960     2633.000     2634.580
   590:     2639.170     2639.550     2639.600     2640.840     2643.880
   595:     2648.230     2649.340     2651.840     2652.310     2652.460
   600:     2652.480     2653.090     2653.180     2654.780     2671.710
   605:     2672.210     2672.550     2680.750     2681.000     2681.040
   610:     2681.270     2682.240     2682.920     2683.730     2683.880
   615:     2684.050     2684.110     2685.110     2685.520     2685.870
   620:     2686.320     2686.880     2687.830     2700.620     2700.760
   625:     2700.870     2701.650     2701.720     2701.810     2702.050
   630:     2702.130     2702.550     2704.880     2705.130     2708.210
   635:     2708.900     2709.070     2709.310     2711.450     2711.660
   640:     2712.110     2713.860     2714.670     2715.890     2717.340
   645:     2717.620     2719.320     2719.450     2719.550     2720.920
   650:     2721.170     2722.950     2724.910     2724.970     2726.700
   655:     2727.040     2727.110     2729.590     2729.760     2729.870
   660:     2734.950     2735.990     2736.320     2736.420     2736.570
   665:     2736.650     2736.760     2737.150     2737.220     2737.240
   670:     2737.440     2737.550     2737.820     2737.870     2738.160
   675:     2738.490     2738.610     2738.730     2738.900     2739.130
   680:     2739.570     2740.860     2742.330     2742.630     2743.190
   685:     2743.260     2743.310     2743.800     2744.640     2793.750
   690:     2794.420     2794.760     2797.470     2839.160     2839.520
   695:     2839.790     2839.830     2842.970     2843.110     2843.370
   700:     2843.410     2843.640     2843.790     2844.020     2844.130
   705:     2844.250     2844.270     2844.290     2844.980     2845.520
   710:     2845.720     2846.130     2846.720     2853.340     2855.050
   715:     3061.740     3062.550     3065.520     3084.510     3088.230
   720:     3088.740     3088.930     3088.960     3089.110     3089.520
   725:     3090.730     3090.780     3091.110     3092.540     3094.710
   730:     3095.390     3096.530     3096.730     3096.750     3096.890
   735:     3096.950     3099.560     3099.630     3101.650     3120.940
   740:     3122.930     3123.130     3133.420     3133.500     3134.830
   745:     3140.560     3145.870     3145.970     3164.770     3165.460
   750:     3165.610     3167.520     3168.370     3168.470     3169.250
   755:     3169.290     3169.370     3169.430     3169.520     3169.640
   760:     3169.680     3169.770     3170.650     3170.860     3171.020
   765:     3172.140     3172.300     3173.010     3174.260     3176.440
   770:     3176.600     3178.880     3237.490     3241.900     3243.780
   775:     3244.180     3244.780     3244.920     3245.840     3246.110
   780:     3246.260     3246.410     3246.490     3246.800     3247.190
   785:     3247.360     3247.440     3247.920     3248.180     3248.430
   790:     3250.760     3264.360     3265.120     3265.470     3265.600
   795:     3266.850     3266.890     3268.170     3269.330     3269.360
   800:     3269.690     3270.420     3271.350     3271.940     3272.060
   805:     3272.140     3272.260     3272.410     3272.520     3272.680
   810:     3272.760     3272.950     3273.550     3273.680     3273.800
   815:     3274.400     3275.140     3473.790     3474.220     3474.600
   820:     3476.440     3476.800     3477.150     3479.200     3479.530
   825:     3479.650     3479.740     3480.130     3480.190     3480.240
   830:     3480.360     3480.410     3480.480     3480.550     3480.690
   835:     3480.900     3480.930     3480.990     3481.630     3481.660
   840:     3482.380     3482.500     3483.770     3491.780     3492.500
   845:     3492.630     3493.900     3494.160     3494.960     3500.850
   850:     3525.880     3550.630     3551.730     3552.360     3553.680
   855:     3556.000     3556.150     3556.190     3556.810     3556.950
   860:     3557.120     3560.060     3561.700     3563.690     3563.720
   865:     3564.520     3565.420     3634.560     3804.910     3806.490
   870:     3806.990     3808.470     3809.010     3813.550     3813.850
   875:     3865.510     3865.670     3866.740     3998.860     3999.170
   880:     3999.190     3999.260     3999.940     3999.980     4026.670
   885:     4027.120     4027.300     4033.610     4033.720     4033.840
   890:     4041.300     4041.660     4062.990     4065.220     4067.010
   895:     4067.180     4067.220     4073.860     4074.080     4074.390
   900:     4074.950     4080.880     4081.870     4082.140     4082.270
   905:     4084.390     4085.030     4085.080     4085.400     4099.730
   910:     4099.770     4099.980     4103.920     4104.310     4105.610
   915:     4105.890     4171.100     4171.600     4189.590     4189.940
   920:     4198.590     4208.820     4209.020     4222.190     4223.240
   925:     4225.060     4225.990     4227.740     4229.020     4229.090
   930:     4235.230     4243.830     4246.040     4248.450     4252.580
   935:     4255.920     4257.880     4261.130     4262.430     4262.780
   940:     4262.820     4281.040     4285.220     4285.320     4285.740
   945:     4286.170     4286.370     4292.860     4293.720     4293.840
   950:     4294.140     4294.700     4294.970     4295.020     4295.100
   955:     4295.170     4295.250     4296.270     4296.330     4296.370
   960:     4296.700     4300.120     4300.230     4304.090     4309.030
   965:     4321.640     4338.360     4340.130     4340.610     4340.930
   970:     4341.140     4351.430     4351.530     4351.960     4359.260
   975:     4360.180     4360.260     4360.380     4360.520     4361.430
   980:     4499.790     4523.270     4523.760     4524.050     4524.330
   985:     4526.160     4528.310     4530.700     4531.080     4531.150
   990:     4532.780     4533.000     4533.320     4533.370     4533.840
   995:     4534.220     4534.320     4534.510     4536.000     4536.780
  1000:     4536.830     4537.820     4540.810     4542.190     4691.860
  1005:     4692.330     4692.630     4693.120     4693.320     4693.590
  1010:     4696.960     4698.530     4699.000     4699.260     4699.680
  1015:     4700.960     4740.010     4740.390     4742.500     4744.050
  1020:     4747.330     4750.260     4834.160     4834.500     4835.510
  1025:     4836.470     4836.620     4838.650     4839.020     4857.090
  1030:     4857.480     4857.810     4858.350     4860.020     4860.140
  1035:     4860.390     4860.840     4861.380     4862.390     4862.490
  1040:     4863.110     4863.450     4865.050     4865.410     4867.850
  1045:     4869.020     4919.160     4921.810     4933.650     4942.600
  1050:     4942.960     4943.310     4943.450     4943.600     4945.090
  1055:     4945.330     4945.350     4953.620     4953.690     4953.730
  1060:     4954.040     4972.700     4973.020     4973.170     4976.110
  1065:     4976.280     4976.350     4976.480     4976.560     4978.730
  1070:     4978.980     5006.730     5010.570     5010.700     5010.870
  1075:     5010.980     5011.080     5012.440     5290.690     5291.680
  1080:     5292.340     5294.260     5467.790     5468.010     5468.140
  1085:     5468.190     5529.540     5529.680     5529.830     5529.990
  1090:     5545.850     5546.460     5546.480     5546.610     5549.490
  1095:     5549.900     5596.890     5597.680     5598.930     5603.030
  1100:     5603.720     5604.900     5604.950     5605.270     5605.540
  1105:     5605.600     5605.810     5616.860     5617.020     5617.190
  1110:     5618.570     5618.690     5619.840     5619.960     5621.320
  1115:     5622.440     5622.800     5623.760     5626.030     5626.140
  1120:     5628.650     5628.700     5630.570     5631.160     5631.710
  1125:     5645.650     5646.070     5646.390     5648.340     5648.970
  1130:     5649.080     5652.550     5653.270     5684.040     5684.470
  1135:     5685.320     5695.290     5695.940     5696.980     5697.050
  1140:     5697.110     5704.690     5705.720     5705.830     5707.130
  1145:     5707.600     5708.060     5708.180     5708.240     5708.340
  1150:     5709.800     5714.430     5715.160     5715.530     5716.310
  1155:     5763.970     5765.190     5766.740     5767.240     5773.140
  1160:     5773.510     5814.020     5814.130     5814.870     5902.940
  1165:     5903.080     5912.000     5912.170     5912.390     5912.450
  1170:     5913.510     5913.580     5913.990     5914.510     5915.490
  1175:     5915.600     5916.100     5917.150     5917.730     5918.320
  1180:     5919.160     5919.320     5919.550     5927.690     5928.240
  1185:     5928.620     5928.750     5928.960     5929.220     5929.590
  1190:     5929.660     5929.900     5929.980     5929.990     5930.300
  1195:     5930.670     5930.870     5931.600     5932.180     5932.840
  1200:     5933.290     5934.350     5934.460     5935.110     5937.210
  1205:     5938.530     5941.360     5941.750     5941.890     5942.030
  1210:     5942.110     5942.950     5943.010     5943.100     5943.990
  1215:     5946.410     5947.140     5947.350     5947.560     5947.710
  1220:     5955.800     5956.180     5956.580     5961.020     5961.190
  1225:     6016.170     6016.330     6017.670     6017.840     6018.050
  1230:     6018.210     6018.230     6018.350     6018.940     6019.160
  1235:     6019.730     6019.890     6053.600     6053.640     6054.360
  1240:     6056.310     6058.000     6058.490     6059.670     6067.990
  1245:     6068.240     6068.710     6069.210     6070.560     6071.170
  1250:     6081.870     6082.120     6082.760     6082.850     6082.930
  1255:     6083.740     6084.870     6085.740     6086.260     6087.070
  1260:     6087.120     6090.910     6091.330     6092.400     6092.530
  1265:     6092.670     6093.780     6095.570     6096.920     6097.040
  1270:     6097.090     6105.990     6106.700     6107.020     6107.930
  1275:     6108.910     6108.950     6109.080     6109.150     6119.970
  1280:     6120.860     6120.920     6121.020     6122.790     6123.400
  1285:     6123.590     6123.690     6125.190     6125.230     6127.470
  1290:     6140.330     6142.110     6143.750     6144.350     6144.630
  1295:     6144.780     6144.960     6145.340     6145.410     6147.720
  1300:     6151.150     6154.210     6154.260     6154.470     6154.720
  1305:     6154.860     6155.120     6155.550     6155.590     6156.700
  1310:     6156.770     6156.830     6156.900     6156.960     6157.110
  1315:     6157.190     6157.270     6157.370     6157.530     6157.830
  1320:     6157.900     6157.960     6158.090     6158.170     6158.240
  1325:     6158.570     6158.600     6158.950     6159.200     6159.650
  1330:     6160.170     6161.300     6161.320     6161.390     6161.650
  1335:     6161.980     6194.310     6198.670     6225.720     6228.720
  1340:     6228.820     6228.890     6228.960     6229.020     6229.290
  1345:     6229.410     6229.510     6229.520     6229.630     6229.800
  1350:     6229.950     6230.080     6230.350     6232.710     6232.870
  1355:     6233.100     6233.130     6234.330     6234.430     6234.750
  1360:     6234.860     6234.930     6234.980     6235.170     6235.260
  1365:     6235.460     6235.530     6235.760     6235.870     6235.880
  1370:     6236.110     6236.180     6236.540     6236.590     6237.160
  1375:     6237.290     6239.800     6240.860     6240.930     6240.990
  1380:     6241.090     6241.590     6241.670     6241.690     6241.780
  1385:     6241.880     6241.910     6242.050     6242.140     6242.160
  1390:     6242.190     6242.580     6242.640     6242.750     6242.950
  1395:     6243.110     6243.460     6243.780     6243.960     6244.530
  1400:     6244.640     6244.740     6245.350     6245.500     6245.520
  1405:     6245.710     6245.800     6246.030     6246.130     6246.400
  1410:     6251.330     6251.680     6251.820     6251.870     6252.060
  1415:     6252.570     6252.760     6252.910     6277.010     6277.240
  1420:     6277.410     6277.540     6279.800     6279.960     6280.140
  1425:     6280.240     6280.270     6280.460     6280.570     6280.630
  1430:     6280.730     6281.030     6281.080     6281.250     6281.430
  1435:     6281.630     6282.470     6282.630     6282.740     6283.030
  1440:     6283.070     6283.490     6287.190     6288.810     6288.870
  1445:     6288.920     6290.360     6295.980     6297.070     6297.140
  1450:     6297.350     6297.460     6303.300     6303.690     6304.450
  1455:     6305.800     6306.220     6306.250     6307.120     6307.660
  1460:     6307.870     6313.100     6313.870     6313.880     6313.950
  1465:     6314.000     6314.240     6315.210     6315.480     6315.540
  1470:     6315.650     6320.250     6320.300     6321.160     6321.390
  1475:     6321.460     6321.700     6321.890     6322.000     6322.170
  1480:     6322.530     6349.160     6349.220     6349.370     6362.070
  1485:     6362.280     6362.510     6362.740     6362.920     6363.200
  1490:     6364.760     6366.480     6366.530     6392.150     6392.620
  1495:     6392.670     6392.810     6393.280     6393.390     6393.550
  1500:     6402.490     6406.610     6406.990     6408.610     6409.530
  1505:     6409.910     6410.180     6410.230     6442.730     6444.040
  1510:     6444.090     6445.860     6445.890     6446.000     6446.200
  1515:     6446.310     6446.560     6446.880     6448.470     6448.810
  1520:     6448.910     6450.370     6450.440     6450.640     6454.200
  1525:     6454.510     6454.670     6458.340     6459.070     6459.500
  1530:     6460.050     6461.210     6461.560     6461.830     6462.170
  1535:     6464.810     6465.120     6465.430     6465.880     6466.290
  1540:     6467.190     6467.310     6467.410     6467.900     6467.910
  1545:     6468.230     6468.680     6469.030     6469.840     6469.850
  1550:     6479.950     6480.070     6480.540     6480.810     6480.970
  1555:     6481.620     6488.090     6489.040     6489.190     6489.250
  1560:     6489.470     6489.820     6492.950     6493.050     6496.280
  1565:     6496.460     6543.640     6544.620     6544.690     6544.740
  1570:     6545.190     6545.230     6545.490     6545.650     6545.690
  1575:     6545.890     6547.250     6547.460     6547.750     6547.880
  1580:     6547.970     6547.990     6548.110     6548.340     6548.450
  1585:     6548.760     6550.730     6551.960     6565.020     6565.990
  1590:     6566.080     6566.090     6566.180     6586.410     6588.350
  1595:     6588.710     6589.480     6594.610     6594.850     6594.960
  1600:     6595.220     6595.410     6595.530     6595.770     6595.920
  1605:     6596.170     6596.290     6596.560     6596.790     6626.620
  1610:     6631.610     6631.730     6631.900     6637.500     6646.080
  1615:     6646.170     6649.110     6649.210     6650.960     6651.420
  1620:     6651.610     6651.740     6651.910     6652.070     6652.240
  1625:     6660.380     6669.740     6669.960     6672.160     6672.260
  1630:     6672.470     6672.670     6678.020     6679.740     6679.900
  1635:     6680.010     6680.190     6680.280     6681.000     6681.100
  1640:     6681.160     6681.260     6681.740     6685.520     6685.580
  1645:     6685.660     6685.820     6685.890     6685.980     6686.050
  1650:     6686.570     6686.930     6711.730     6712.530     6713.030
  1655:     6713.650     6714.470     6715.120     6715.180     6715.420
  1660:     6715.750     6715.810     6716.430     6716.520     6716.860
  1665:     6716.990     6718.450     6719.060     6719.330     6719.560
  1670:     6720.060     6720.160     6723.420     6723.570     6723.880
  1675:     6723.900     6724.240     6724.480     6724.870     6724.900
  1680:     6724.980     6726.540     6726.930     6729.780     6729.810
  1685:     6729.820     6730.070     6732.300     6736.010     6738.830
  1690:     6738.850     6740.400     6741.020     6741.080     6741.170
  1695:     6741.260     6741.540     6743.020     6743.100     6743.190
  1700:     6743.330     6743.490     6743.600     6746.030     6746.220
  1705:     6746.460     6769.120     6774.830     6775.050     6775.230
  1710:     6775.580     6775.830     6776.240     6777.100     6777.330
  1715:     6780.000     6780.230     6780.850     6780.950     6781.030
  1720:     6781.130     6781.260     6781.440     6781.520     6781.600
  1725:     6782.010     6782.190     6783.570     6786.070     6787.140
  1730:     6787.160     6787.460     6787.600     6788.000     6788.200
  1735:     6792.420     6792.920     6793.120     6793.150     6793.170
  1740:     6795.940     6796.010     6796.130     6810.030     6810.190
  1745:     6811.000     6811.190     6811.210     6812.060     6812.250
  1750:     6812.880     6812.950     6813.000     6814.840     6816.940
  1755:     6816.980     6817.180     6821.360     6821.750     6828.230
  1760:     6830.210     6852.350     6852.840     6853.080     6853.230
  1765:     6853.370     6854.100     6895.220     6895.810     6896.340
  1770:     6896.780     6896.870     6896.930     6896.990     6897.490
  1775:     6897.540     6897.610     6897.770     6897.860     6898.000
  1780:     6899.420     6899.500     6899.680     6900.990     6901.060
  1785:     6902.430     6902.470     6902.520     6902.600     6902.670
  1790:     6902.760     6902.790     6902.840     6903.000     6905.410
  1795:     6905.500     6905.610     6906.310     6906.660     6906.880
  1800:     6908.230     6908.540     6908.670     6908.770     6909.270
  1805:     6909.730     6909.780     6909.920     6910.610     6910.860
  1810:     6910.940     6911.000     6911.290     6911.780     6912.060
  1815:     6912.130     6912.240     6912.300     6912.350     6912.430
  1820:     6912.550     6912.620     6912.760     6912.910     6912.970
  1825:     6913.050     6913.120     6913.230     6913.460     6913.530
  1830:     6913.830     6913.920     6914.190     6914.270     6915.430
  1835:     6915.510     6915.640     6916.110     6916.330     6916.340
  1840:     6916.500     6916.710     6916.910     6917.060     6917.370
  1845:     6917.960     6918.100     6918.260     6919.590     6919.730
  1850:     6920.350     6922.080     6922.250     6922.480     6922.810
  1855:     6923.040     6923.070     6923.220     6924.100     6924.240
  1860:     6929.150     6929.210     6929.630     6929.690     6929.730
  1865:     6931.320     6931.540     6931.640     6931.920     6932.600
  1870:     6934.370     6935.330     6937.150     6938.850     6940.190
  1875:     6941.750     6941.880     6945.990     6946.070     6946.130
  1880:     6955.360     6956.320     6956.470     6956.630     6968.530
  1885:     6968.660     6968.920     6978.490     6980.120     6980.260
  1890:     6980.310     6980.490     6980.580     6984.710     6986.040
  1895:     6986.230     6992.760     6993.110     6993.920     6993.960
  1900:     6994.090     6994.290     6994.480     6994.610     6994.660
  1905:     7007.320     7007.730     7016.460     7017.260     7050.280
  1910:     7056.790     7069.700     7069.770     7069.980     7096.510
  1915:     7107.290     7107.960     7108.390     7111.610     7111.680
  1920:     7111.890     7112.390     7114.800     7115.360     7116.800
  1925:     7116.910     7117.460     7117.560     7117.620     7117.910
  1930:     7122.340     7123.530     7127.780     7128.160     7128.740
  1935:     7129.550     7135.240     7135.960     7137.330     7137.550
  1940:     7138.320     7139.560     7139.820     7140.020     7140.370
  1945:     7141.610     7141.650     7141.720     7141.790     7141.890
  1950:     7142.410     7143.390     7144.110     7144.340     7144.360
  1955:     7145.950     7146.010     7146.150     7146.550     7146.640
  1960:     7147.720     7148.180     7148.560     7148.730     7150.370
  1965:     7151.240     7152.280     7154.510     7154.960     7155.210
  1970:     7157.360     7160.040     7160.470     7163.110     7164.060
  1975:     7164.970     7165.550     7165.680     7165.760     7170.810
  1980:     7171.130     7171.200     7171.990     7173.130     7173.230
  1985:     7174.300     7174.410     7175.120     7175.190     7175.930
  1990:     7176.060     7176.580     7176.880     7178.250     7178.270
  1995:     7178.410     7220.150     7220.430     7221.650     7221.940
  2000:     7223.690     7223.850     7224.120     7224.160     7224.750
  2005:     7224.780     7225.560     7226.090     7229.220     7229.340
  2010:     7229.390     7230.600     7233.790     7234.720     7256.690
  2015:     7256.900     7259.790     7262.230     7263.430     7264.000
  2020:     7264.120     7264.570     7264.910     7265.360     7265.680
  2025:     7266.250     7266.290     7372.300     7378.380     7380.570
  2030:     7380.760     7382.120     7382.390     7382.820     7383.950
  2035:     7384.080     7384.300     7384.630     7384.750     7385.180
  2040:     7385.490     7385.790     7386.210     7388.450     7389.760
  2045:     7389.890     7390.020     7390.110     7390.890     7391.370
  2050:     7391.930     7392.420     7393.320     7393.490     7393.880
  2055:     7394.240     7394.450     7394.680     7394.860     7395.040
  2060:     7395.270     7395.290     7395.640     7395.830     7396.040
  2065:     7396.250     7396.560     7396.670     7397.640     7405.190
  2070:     7430.590     7430.630     7436.020     7438.620     7441.830
  2075:     7443.610     7444.160     7444.290     7446.620     7446.940
  2080:     7450.840     7452.120     7455.930     7460.710     7460.830
  2085:     7462.080     7462.930     7464.320     7464.380     7465.070
  2090:     7465.390     7465.520     7475.440     7486.220     7486.280
  2095:     7486.670     7486.980     7490.320     7490.390     7490.500
  2100:     7490.800     7490.930     7491.340     7496.160     7496.530
  2105:     7496.720     7496.930     7497.100     7497.220     7497.760
  2110:     7497.840     7503.610     7503.750     7503.790     7504.080
  2115:     7504.370     7504.630     7504.880     7504.970     7505.280
  2120:     7505.460     7505.620     7505.890     7505.920     7506.680
  2125:     7506.860     7508.190     7541.390     7544.190     7548.200
  2130:     7548.360     7549.120     7549.220     7550.030     7551.650
  2135:     7552.840     7554.530     7554.670     7556.000     7556.160
  2140:     7556.330     7556.480     7556.660     7556.780     7556.850
  2145:     7558.160     7558.530     7558.960     7559.040     7560.710
  2150:     7562.640     7562.870     7563.160     7563.310     7564.810
  2155:     7564.930     7565.090     7568.710     7570.260     7570.340
  2160:     7570.430     7570.680     7570.850     7570.880     7571.360
  2165:     7572.190     7572.310     7572.510     7574.350     7575.350
  2170:     7575.410     7575.580     7575.740     7576.180     7576.490
  2175:     7576.530     7576.830     7576.970     7577.400     7577.610
  2180:     7578.960     7579.180     7579.300     7579.650     7579.800
  2185:     7579.970     7580.100     7580.490     7581.770     7582.030
  2190:     7583.400     7583.520     7583.810     7584.760     7584.860
  2195:     7586.100     7586.170     7590.810     7590.870     7590.890
  2200:     7591.000     7591.220     7591.440     7591.580     7591.800
  2205:     7591.980     7592.090     7592.470     7592.630     7623.440
  2210:     7623.810     7623.950     7624.030     7648.070     7648.580
  2215:     7649.260     7654.820     7655.680     7655.860     7655.940
  2220:     7657.350     7657.980     7658.440     7658.500     7658.630
  2225:     7658.870     7658.900     7659.080     7659.180     7660.380
  2230:     7663.810     7665.690     7665.900     7666.930     7667.520
  2235:     7667.720     7668.090     7673.690     7673.790     7673.990
  2240:     7681.670     7682.680     7682.810     7683.200     7683.310
  2245:     7683.510     7683.960     7684.030     7684.120     7684.170
  2250:     7684.500     7684.780     7685.070     7685.970     7686.060
  2255:     7686.310     7686.350     7686.430     7686.550     7687.020
  2260:     7688.430     7689.210     7689.280     7689.490     7689.940
  2265:     7690.680     7692.290     7693.290     7693.470     7695.530
  2270:     7695.860     7696.100     7696.430     7697.610     7697.780
  2275:     7698.160     7698.240     7702.120     7705.040     7707.810
  2280:     7708.100     7708.580     7709.100     7709.630     7709.960
  2285:     7712.130     7712.500     7713.250     7714.010     7714.190
  2290:     7714.320     7718.320     7719.330     7719.570     7719.710
  2295:     7719.900     7720.020     7720.070     7720.410     7720.560
  2300:     7720.710     7720.870     7721.090     7721.260     7721.300
  2305:     7721.480     7721.660     7722.020     7722.100     7722.170
  2310:     7722.250     7722.350     7722.570     7722.640     7722.900
  2315:     7732.150     7732.410     7732.440     7732.560     7734.470
  2320:     7734.570     7734.730     7734.830     7734.890     7738.160
  2325:     7740.220     7740.770     7741.090     7741.410     7741.760
  2330:     7799.010     7799.330     7799.530     7799.650     7799.920
  2335:     7800.080     7800.750     7803.690     7804.790     7806.940
  2340:     7807.300     7808.760     7808.840     7809.220     7809.280
  2345:     7809.690     7810.060     7810.260     7810.410     7810.620
  2350:     7811.180     7811.510     7812.090     7812.910     7813.000
  2355:     7814.110     7814.460     7814.780     7816.380     7822.130
  2360:     7823.040     7824.860     7826.240     7826.430     7826.780
  2365:     7828.190     7832.150     7832.680     7833.860     7834.930
  2370:     7835.030     7835.180     7835.210     7835.550     7835.570
  2375:     7835.740     7836.180     7836.330     7836.380     7837.100
  2380:     7838.920     7839.180     7901.180     7954.940     7955.340
  2385:     7956.070     7956.370     7957.150     7957.260     7957.440
  2390:     7961.110     7961.570     7961.860     7962.110     7972.680
  2395:     7972.720     7972.990     7973.200     7973.300     7974.280
  2400:     7974.650     8049.060     8049.200     8049.740     8049.830
  2405:     8050.310     8086.200     8087.140     8091.060     8091.270
  2410:     8091.740     8092.590     8101.150     8102.000     8102.360
  2415:     8103.310     8104.660     8104.790     8109.130     8111.730
  2420:     8111.780     8112.320     8112.840     8113.100     8114.790
  2425:     8115.290     8115.320     8115.610     8117.960     8136.500
  2430:     8136.770     8136.820     8137.150     8137.540     8143.160
  2435:     8143.290     8143.690     8144.470     8144.580     8186.360
  2440:     8186.680     8194.370     8194.610     8195.050     8195.270
  2445:     8197.390     8197.480     8197.580     8199.210     8199.450
  2450:     8206.380     8206.780     8207.340     8207.630     8210.230
  2455:     8211.200     8213.530     8273.670     8275.180     8275.330
  2460:     8275.580     8276.300     8301.130     8301.630     8302.130
  2465:     8302.770     8302.940     8303.410     8303.600     8303.980
  2470:     8304.060     8304.180     8304.330     8320.200     8320.260
  2475:     8320.850     8321.590     8321.710     8322.320     8478.150
  2480:     8478.890     8479.120     8480.540     8482.590     8482.930
  2485:     8505.940     8506.320     8507.010     8508.390     8508.780
  2490:     8508.860     8508.960     8509.690     8604.030     8606.300
  2495:     8620.800     8621.090     8621.520     8623.160     8625.670
  2500:     8625.950     8666.970     8667.130     8667.420     8668.260
  2505:     8668.630     8669.360     8669.450     8669.520     8670.000
  2510:     8670.170     8671.180     8672.740     8678.140     8678.600
  2515:     8679.220     8681.370     8681.470     8682.760     8683.410
  2520:     8683.870     8685.090     8685.160     8686.320     8687.110
  2525:     8688.640     8688.750     8689.240     8690.000     8690.030
  2530:     8690.130     8690.480     8690.620     8691.530     8692.790
  2535:     8692.880     8693.260     8693.320     8693.680     8693.770
  2540:     8694.070     8694.710     8694.810     8695.090     8695.210
  2545:     8695.510     8696.500     8696.660     8697.080     8697.190
  2550:     8697.600     8697.720     8698.730     8698.860     8699.150
  2555:     8699.230     8699.420     8699.530     8699.670     8700.290
  2560:     8700.700     8701.350     8701.420     8701.590     8701.940
  2565:     8701.970     8702.140     8703.480     8703.670     8703.790
  2570:     8704.100     8704.410     8704.750     8704.830     8705.750
  2575:     8706.360     8706.600     8707.040     8707.200     8707.330
  2580:     8707.750     8708.160     8708.410     8708.440     8708.780
  2585:     8710.530     8712.590     8713.280     8714.250     8714.540
  2590:     8714.700     8720.180     8720.250     8724.950     8725.110
  2595:     8725.250     8725.400     8725.670     8726.650     9070.210
  2600:     9071.960     9072.080     9072.240     9072.360     9072.560
  2605:     9073.490     9075.070     9079.950     9080.700     9312.570
  2610:     9313.130     9314.510     9314.780     9314.950     9315.050
  2615:     9325.910     9326.140     9326.260     9326.330     9349.250
  2620:     9349.340     9349.550     9349.630     9349.720     9349.790
  2625:     9350.000     9350.240     9350.410     9350.730     9350.770
  2630:     9351.830     9352.820     9352.970     9353.060     9354.190
  2635:     9355.400     9355.580     9355.760     9355.890     9356.160
  2640:     9356.760     9356.780     9356.850     9357.080     9357.350
  2645:     9358.920     9359.080     9359.180     9359.320     9359.460
  2650:     9359.610     9360.300     9360.370     9360.470     9360.540
  2655:     9360.760     9361.380     9361.590     9361.740     9362.340
  2660:     9362.880     9363.050     9363.190     9363.320     9363.480
  2665:     9363.700     9363.800     9363.840     9363.950     9364.170
  2670:     9364.220     9364.290     9364.620     9364.770     9364.900
  2675:     9365.130     9365.660     9366.500     9366.790     9368.140
  2680:     9368.280     9368.470     9368.680     9369.070     9369.320
  2685:     9369.460     9369.580     9369.700     9371.210     9371.500
  2690:     9372.120     9372.280     9374.310     9376.930     9377.320
  2695:     9377.820     9377.950     9378.020     9378.190     9378.330
  2700:     9378.640     9379.000     9379.050     9379.330     9379.460
  2705:     9379.680     9379.830     9379.940     9380.050     9380.430
  2710:     9381.020     9381.490     9388.020     9388.360     9388.660
  2715:     9388.700     9388.800     9389.020     9389.200     9389.790
  2720:     9391.720     9392.170     9392.770     9395.610     9395.720
  2725:     9395.800     9395.900     9399.190     9401.520     9402.080
  2730:     9403.840     9404.450     9405.100     9405.270     9405.820
  2735:     9405.990     9406.480     9407.350     9407.380     9407.680
  2740:     9408.650     9409.870     9420.130     9420.370     9422.080
  2745:     9422.420     9422.980     9423.340     9423.580     9423.700
  2750:     9423.820     9424.350     9424.510     9424.880     9424.910
  2755:     9427.130     9428.200     9428.350     9428.590     9430.930
  2760:     9434.640     9434.710     9435.690     9436.020     9436.190
  2765:     9436.320     9436.550     9436.710     9436.880     9439.510
  2770:     9441.630     9441.950     9441.980     9442.050     9442.130
  2775:     9442.340     9442.480     9442.580     9443.430     9443.690
  2780:     9444.190     9444.220     9444.240     9444.390     9444.910
  2785:     9444.980     9445.090     9445.170     9445.780     9445.870
  2790:     9447.100     9447.240     9447.370     9447.450     9448.390
  2795:     9449.550     9449.610     9449.690     9450.350     9454.510
  2800:     9454.800     9466.640     9466.780     9583.090     9583.360
  2805:     9583.420     9585.770     9586.020     9586.220     9586.740
  2810:     9586.960     9587.150     9587.400     9643.470     9644.090
  2815:     9644.780     9651.370     9651.710     9655.310     9658.170
  2820:     9659.550     9659.580     9665.190     9665.620     9666.140
  2825:     9666.180     9666.740     9692.090     9692.470     9692.740
  2830:     9694.740     9695.730     9697.770     9698.700     9701.990
  2835:     9703.400     9708.790     9709.070     9721.560     9721.970
  2840:     9722.380     9725.560     9727.270     9727.450     9727.480
  2845:     9727.560     9728.210     9729.230     9729.940     9730.250
  2850:     9730.770     9730.810     9731.520     9731.650     9731.720
  2855:     9731.870     9732.100     9732.180     9732.220     9732.530
  2860:     9733.090     9734.100     9734.870     9735.020     9735.280
  2865:     9735.410     9735.670     9735.940     9736.120     9736.250
  2870:     9736.470     9736.640     9736.910     9737.020     9737.900
  2875:     9738.020     9738.290     9738.550     9738.690     9739.330
  2880:     9739.450     9739.630     9739.920     9739.970     9740.080
  2885:     9740.290     9740.450     9751.580     9752.120     9768.240
  2890:     9768.270     9768.660     9769.230     9769.750     9770.020
  2895:     9770.160     9771.550     9771.890     9772.050     9772.400
  2900:     9772.700     9773.430     9774.090     9774.270     9774.520
  2905:     9776.670     9777.970     9778.250     9778.470     9779.300
  2910:     9779.360     9779.400     9792.520     9792.810     9793.030
  2915:     9793.470     9793.600     9794.770     9795.140     9795.180
  2920:     9796.290     9797.670     9797.940     9798.470     9798.620
  2925:     9798.750     9798.970     9799.310     9799.660     9799.850
  2930:     9799.880     9799.940     9800.240     9800.320     9800.370
  2935:     9800.450     9800.520     9801.240     9801.490     9801.700
  2940:     9801.850     9802.060     9802.260     9802.420     9802.490
  2945:     9802.630     9802.680     9802.860     9802.980     9803.410
  2950:     9803.600     9803.720     9803.830     9804.120     9804.700
  2955:     9805.170     9805.300     9805.460     9805.590     9805.760
  2960:     9805.880     9806.540     9806.850     9806.970     9807.010
  2965:     9807.150     9807.230     9807.380     9807.630     9807.770
  2970:     9807.840     9808.130     9808.330     9808.430     9808.610
  2975:     9808.710     9808.840     9808.980     9809.830     9809.910
  2980:     9810.000     9810.110     9810.220     9810.420     9811.420
  2985:     9811.770     9811.930     9812.050     9817.020     9817.150
  2990:     9817.780     9817.880     9817.970     9818.130     9819.050
  2995:     9820.020     9820.150     9820.350     9821.150     9824.440
  3000:     9824.570     9843.250     9843.360     9849.660     9849.960
  3005:     9850.590     9850.770     9851.100     9851.510     9851.790
  3010:     9853.180     9853.960     9854.470     9854.570     9856.030
  3015:     9856.080     9857.570     9857.790     9858.370     9858.390
  3020:     9858.560     9858.800     9859.120     9859.330     9859.420
  3025:     9859.570     9859.750     9860.920     9862.890     9863.060
  3030:     9863.260     9863.330     9864.760     9866.320     9866.480
  3035:     9866.910     9867.610     9868.150     9869.780     9870.450
  3040:     9870.690     9870.760     9870.870     9894.210     9899.010
  3045:     9900.100     9900.240     9900.400     9901.150     9921.480
  3050:     9923.890     9924.130     9927.450     9927.490     9927.840
  3055:     9928.210     9930.820     9932.220     9932.330     9932.410
  3060:     9932.520     9932.610     9933.370     9933.480     9933.590
  3065:     9933.680     9936.660     9936.720     9936.980     9937.510
  3070:     9940.010     9941.300     9967.440     9967.590     9968.180
  3075:     9968.310     9969.310     9969.400     9969.700     9969.750
  3080:     9971.390     9971.870     9972.710     9974.210     9975.630
  3085:     9977.430     9977.530     9981.360     9981.850     9982.030
  3090:     9982.110     9982.270     9984.690     9985.220     9988.810
  3095:     9989.030     9989.460     9989.510    10021.510    10022.130
  3100:    10027.480    10101.870    10103.110    10104.720    10332.020
  3105:    10350.610    10366.960    10367.230    10367.960    10393.230
  3110:    10393.560    10398.410    10398.670    10398.950    10399.220
  3115:    10399.620    10399.650    10570.780    10591.310    10591.910
  3120:    10592.340    10592.470    10594.680    10594.740    10594.860
  3125:    10595.710    10606.980    10607.230    10607.920    10607.990
  3130:    10608.070    10610.110    10800.010
