File: C:\MED-PC IV\DATA\!2025-09-05_13h01m.Subject T17



Start Date: 09/05/25
End Date: 09/05/25
Subject: T17
Experiment: OralFentSA
Group: One
Box: 5
Start Time: 13:01:46
End Time: 16:01:49
MSN: Golden_Liq_SelfAdmin_LIT
F:       0.000
G:    1762.000
H:   10800.010
I:       0.000
J:       0.000
K:       0.000
L:       0.000
M:       0.000
N:       0.000
O:       0.000
P:       0.000
Q:       0.000
R:       0.000
S:       0.000
U:       0.000
V:       0.000
W:       0.000
X:       0.000
Y:       0.000
Z:       0.000
A:
     0:        0.000        0.000      180.000        4.000        0.000
     5:        5.000        0.000        5.000        0.000        0.000
    10:        1.000        0.000       10.000 30000000.000       22.000
    15:       15.000      320.000        0.000        0.000        0.000
    20:        0.000
B:
     0:        0.000        0.000        0.000      400.000        0.000
     5:      500.000        0.000      500.000        0.000        0.000
    10:        0.000        0.000     1000.000 3000000000.0        0.000
    15:        0.000        0.000        0.000        0.000        0.000
    20:        0.000
C:
     0:       11.000       12.000        0.000       22.000     1273.000
     5:    10395.480        4.750       10.000      397.570       39.757
    10:       22.000      331.000        0.000        0.000        0.000
    15:        0.000        0.000        0.000        0.000        0.000
    20:        0.000
D:
     0:        3.830        1.190        6.440      220.250        1.150
     5:        1.910       26.760      129.860        1.430        4.750
E:
     0:       19.000       11.000       26.000       27.000       23.000
     5:        6.000        6.000        6.000        6.000        6.000
    10:        6.000        6.000       23.000        6.000        6.000
    15:       23.000       23.000        6.000        6.000        6.000
    20:        6.000        6.000        6.000        6.000        6.000
    25:        6.000        6.000        6.000        6.000        6.000
    30:        6.000        6.000        6.000        6.000        6.000
    35:        6.000        6.000        6.000       23.000       23.000
    40:       23.000       23.000        2.000        4.000       22.000
    45:       24.000       13.000        8.000        5.000       17.000
    50:        6.000       18.000       14.000       10.000        6.000
    55:        6.000        6.000       19.000        6.000        6.000
    60:        6.000        6.000        6.000        6.000        6.000
    65:        6.000        6.000        6.000        6.000        6.000
    70:        6.000        6.000        2.000        4.000       22.000
    75:       24.000       13.000        8.000        5.000       17.000
    80:        6.000       18.000       23.000       14.000       10.000
    85:       19.000        6.000        6.000        6.000        6.000
    90:        6.000        6.000        6.000        6.000        6.000
    95:        6.000        6.000        6.000        6.000        6.000
   100:        6.000       23.000       23.000       23.000       23.000
   105:       23.000       23.000       23.000       23.000       23.000
   110:       23.000       23.000        6.000        6.000        6.000
   115:        6.000        6.000        6.000        2.000        4.000
   120:       22.000       24.000       13.000        8.000        5.000
   125:       17.000       21.000       22.000       21.000       22.000
   130:       18.000       14.000       10.000        6.000       19.000
   135:        2.000        4.000       22.000       24.000       13.000
   140:        8.000        5.000       17.000       21.000       22.000
   145:       18.000       21.000       22.000       14.000       10.000
   150:       19.000        6.000        6.000        6.000        6.000
   155:        6.000        6.000        6.000        6.000        6.000
   160:        6.000        6.000        6.000        6.000        6.000
   165:        6.000        6.000        6.000        6.000        6.000
   170:        6.000        6.000        6.000        6.000        6.000
   175:        6.000        6.000        6.000        6.000        6.000
   180:        6.000        6.000        6.000        6.000        6.000
   185:        6.000        6.000        6.000        6.000        6.000
   190:        6.000        6.000        6.000        6.000        6.000
   195:        6.000        6.000        6.000        6.000        6.000
   200:        6.000        6.000        6.000        6.000        6.000
   205:        6.000        6.000        6.000        6.000        6.000
   210:        6.000        6.000        6.000        6.000        6.000
   215:        6.000        6.000        6.000        6.000        6.000
   220:        6.000        6.000        6.000        6.000        6.000
   225:        6.000        6.000        6.000        6.000        6.000
   230:        6.000        6.000        6.000        6.000        6.000
   235:        6.000        6.000        6.000        6.000        6.000
   240:        6.000        6.000        6.000        6.000        6.000
   245:        6.000        6.000        6.000        6.000        6.000
   250:        6.000        6.000        6.000        6.000        6.000
   255:        6.000        6.000        6.000        6.000        6.000
   260:        6.000        6.000        6.000        6.000        6.000
   265:        6.000        6.000        6.000        6.000        6.000
   270:        6.000        6.000        6.000        6.000        6.000
   275:        6.000        6.000        6.000        6.000        6.000
   280:        6.000        6.000        6.000        6.000        6.000
   285:        6.000        6.000        6.000        6.000        6.000
   290:        6.000        6.000        6.000        6.000        6.000
   295:        6.000        6.000        6.000        6.000        6.000
   300:        6.000        6.000        6.000        6.000        6.000
   305:        6.000        6.000        6.000        6.000        6.000
   310:        6.000        6.000        6.000        6.000        6.000
   315:        6.000        6.000        6.000        6.000        6.000
   320:        6.000        6.000        6.000        6.000        6.000
   325:        6.000        6.000        6.000        6.000        6.000
   330:        6.000        6.000        6.000        6.000        6.000
   335:        6.000        6.000        6.000        6.000        6.000
   340:        6.000        6.000        6.000        6.000        6.000
   345:        6.000        6.000       23.000       23.000       23.000
   350:        6.000        6.000        6.000       23.000       23.000
   355:       23.000       23.000       23.000       23.000       23.000
   360:       23.000       23.000       23.000       23.000       23.000
   365:       23.000       23.000       23.000       23.000       23.000
   370:       23.000       23.000       23.000       23.000       23.000
   375:       23.000       23.000       23.000       23.000        6.000
   380:       23.000       23.000       23.000       23.000        6.000
   385:       23.000       23.000        6.000        6.000        6.000
   390:        6.000        6.000        6.000        6.000        6.000
   395:        6.000        6.000        6.000        6.000        6.000
   400:        6.000        6.000        6.000        6.000        6.000
   405:        6.000        6.000        6.000        6.000        6.000
   410:        6.000        6.000        6.000        6.000       23.000
   415:       23.000       23.000        6.000        6.000        6.000
   420:        6.000       23.000       23.000       23.000       23.000
   425:       23.000       23.000       23.000       23.000       23.000
   430:       23.000       23.000       23.000       23.000       23.000
   435:       23.000       23.000       23.000       23.000       23.000
   440:       23.000       23.000       23.000       23.000       23.000
   445:       23.000       23.000       23.000       23.000       23.000
   450:       23.000       23.000       23.000       23.000       23.000
   455:       23.000       23.000       23.000       23.000       23.000
   460:       23.000       23.000       23.000       23.000       23.000
   465:       23.000       23.000       23.000       23.000       23.000
   470:       23.000       23.000       23.000       23.000       23.000
   475:        6.000        6.000        6.000        6.000        6.000
   480:        6.000        6.000        6.000        6.000        6.000
   485:        6.000        6.000        6.000        6.000       23.000
   490:       23.000       23.000       23.000       23.000       23.000
   495:       23.000       23.000       23.000       23.000        6.000
   500:        6.000        6.000       23.000       23.000        6.000
   505:        6.000        6.000        6.000        6.000        6.000
   510:        6.000        6.000        6.000        6.000        6.000
   515:       23.000       23.000        6.000        6.000        6.000
   520:        6.000        6.000        6.000       23.000        6.000
   525:        6.000        6.000        6.000        6.000        6.000
   530:        6.000        6.000        6.000        6.000        6.000
   535:        6.000        6.000        6.000        6.000        6.000
   540:        6.000        6.000        6.000        6.000        6.000
   545:        6.000        6.000        6.000        6.000        6.000
   550:        6.000        6.000        6.000        6.000        6.000
   555:        6.000        6.000        6.000        6.000        6.000
   560:        6.000        6.000        6.000        6.000        6.000
   565:        6.000        6.000        6.000        6.000        6.000
   570:        6.000        6.000        6.000        6.000        6.000
   575:        6.000        6.000        6.000        6.000        6.000
   580:        6.000        6.000        6.000        6.000        6.000
   585:        6.000        6.000        6.000        6.000        6.000
   590:        6.000        6.000        6.000        6.000        6.000
   595:        6.000        6.000        6.000        6.000        6.000
   600:       23.000        6.000        6.000        6.000        6.000
   605:        6.000        6.000        2.000        4.000       22.000
   610:       24.000       13.000        8.000        5.000       17.000
   615:        6.000       18.000        6.000       14.000       10.000
   620:        6.000        6.000        6.000        6.000        6.000
   625:        6.000       19.000        6.000        2.000        4.000
   630:       22.000       24.000       13.000        8.000        5.000
   635:       17.000        6.000        6.000       18.000       14.000
   640:       10.000       19.000        6.000        6.000        6.000
   645:        6.000        6.000        6.000        6.000       23.000
   650:       23.000        6.000        2.000        4.000       22.000
   655:       24.000       13.000        8.000        5.000       17.000
   660:       21.000       22.000       18.000       21.000       22.000
   665:       14.000       10.000       21.000       22.000       21.000
   670:       22.000       19.000        2.000        4.000       22.000
   675:       24.000       13.000        8.000        5.000       17.000
   680:       21.000       22.000       21.000       22.000       18.000
   685:       14.000       10.000       19.000        6.000        6.000
   690:        2.000        4.000       22.000       24.000       13.000
   695:        8.000        5.000       17.000       18.000       14.000
   700:       10.000       19.000        6.000        6.000        6.000
   705:        6.000        6.000        6.000        6.000        6.000
   710:        6.000        6.000        6.000        6.000        6.000
   715:        6.000        6.000       23.000       23.000       23.000
   720:       23.000       23.000       23.000       23.000       23.000
   725:       23.000       23.000       23.000       23.000       23.000
   730:       23.000       23.000       23.000       23.000       23.000
   735:       23.000       23.000       23.000       23.000       23.000
   740:       23.000       23.000       23.000       23.000       23.000
   745:       23.000       23.000       23.000       23.000       23.000
   750:       23.000       23.000       23.000       23.000       23.000
   755:       23.000       23.000       23.000       23.000       23.000
   760:       23.000       23.000       23.000        6.000       23.000
   765:       23.000       23.000       23.000       23.000       23.000
   770:       23.000       23.000       23.000       23.000       23.000
   775:       23.000       23.000       23.000       23.000       23.000
   780:       23.000       23.000       23.000       23.000       23.000
   785:       23.000       23.000       23.000       23.000       23.000
   790:       23.000       23.000       23.000       23.000       23.000
   795:       23.000       23.000        6.000       23.000       23.000
   800:       23.000       23.000       23.000       23.000       23.000
   805:       23.000       23.000       23.000       23.000       23.000
   810:       23.000       23.000       23.000       23.000       23.000
   815:       23.000       23.000       23.000       23.000       23.000
   820:       23.000       23.000       23.000       23.000        6.000
   825:       23.000       23.000       23.000       23.000       23.000
   830:       23.000       23.000       23.000       23.000       23.000
   835:        6.000        6.000        6.000       23.000       23.000
   840:       23.000       23.000       23.000       23.000       23.000
   845:       23.000       23.000       23.000       23.000       23.000
   850:       23.000       23.000       23.000       23.000       23.000
   855:       23.000       23.000       23.000       23.000       23.000
   860:       23.000       23.000       23.000       23.000       23.000
   865:       23.000       23.000       23.000       23.000       23.000
   870:       23.000       23.000       23.000       23.000       23.000
   875:       23.000       23.000       23.000       23.000       23.000
   880:       23.000       23.000       23.000       23.000       23.000
   885:       23.000        6.000        6.000        6.000       23.000
   890:       23.000       23.000       23.000       23.000       23.000
   895:       23.000       23.000        6.000        6.000        6.000
   900:        6.000        6.000        6.000        6.000        6.000
   905:        6.000        6.000        6.000        6.000        6.000
   910:        6.000        6.000        6.000        6.000        6.000
   915:        6.000        6.000        6.000        6.000        6.000
   920:        6.000        6.000        6.000        6.000        6.000
   925:        6.000        6.000        6.000        6.000        6.000
   930:        6.000        6.000        6.000        6.000        6.000
   935:        6.000        6.000        6.000        6.000        6.000
   940:        6.000        6.000        6.000        6.000        6.000
   945:        6.000        6.000        6.000        6.000        6.000
   950:        6.000        6.000        6.000        6.000        6.000
   955:        6.000        6.000        6.000        6.000        6.000
   960:        6.000        6.000        6.000        6.000        6.000
   965:        6.000        6.000        6.000        6.000        6.000
   970:        6.000        6.000        6.000        6.000        6.000
   975:        6.000        6.000        6.000        6.000        6.000
   980:        6.000        6.000        6.000        6.000        6.000
   985:        6.000        6.000        6.000        6.000        6.000
   990:        6.000        6.000        6.000        6.000        6.000
   995:        6.000        6.000        6.000        6.000        2.000
  1000:        4.000       22.000       24.000       13.000        8.000
  1005:        5.000       17.000        6.000        6.000        6.000
  1010:        6.000       18.000        6.000        6.000        6.000
  1015:       14.000       10.000        6.000       19.000        6.000
  1020:        6.000        6.000        6.000        6.000        6.000
  1025:        6.000        6.000        6.000        6.000        6.000
  1030:        6.000        6.000        6.000        6.000        6.000
  1035:        6.000        6.000        6.000        6.000        6.000
  1040:        6.000        6.000        6.000        6.000        6.000
  1045:        6.000        6.000        6.000        6.000        6.000
  1050:        6.000        6.000        6.000        6.000        6.000
  1055:        6.000        6.000        6.000        6.000        6.000
  1060:        6.000        6.000        6.000        6.000        6.000
  1065:        6.000        6.000        6.000        6.000        6.000
  1070:        6.000        6.000        6.000        6.000        6.000
  1075:        6.000        6.000        6.000        6.000        6.000
  1080:        6.000        6.000        6.000        6.000        6.000
  1085:        6.000        6.000        6.000        6.000        6.000
  1090:        6.000        6.000        6.000        6.000        6.000
  1095:        6.000        6.000        6.000        6.000        6.000
  1100:        6.000        6.000        6.000        6.000        6.000
  1105:        6.000        6.000        6.000        6.000        6.000
  1110:        6.000        6.000        6.000        6.000        6.000
  1115:        6.000        6.000        6.000        6.000        6.000
  1120:        6.000        6.000        6.000        6.000        6.000
  1125:        6.000        6.000        6.000        6.000        6.000
  1130:        6.000        6.000        6.000        6.000        6.000
  1135:        6.000        6.000        6.000        6.000        6.000
  1140:        6.000        6.000        6.000        6.000        6.000
  1145:        6.000        6.000        6.000        6.000        6.000
  1150:        6.000        6.000        6.000        6.000        6.000
  1155:        6.000        6.000        6.000        6.000        6.000
  1160:        6.000        6.000        6.000        6.000        6.000
  1165:        6.000        6.000        6.000        6.000        6.000
  1170:        6.000        6.000        6.000        6.000        6.000
  1175:        6.000        6.000        6.000        6.000        6.000
  1180:        6.000        6.000        6.000        6.000        6.000
  1185:        6.000        6.000        6.000        6.000        6.000
  1190:        6.000        6.000        6.000       23.000        6.000
  1195:        6.000        6.000        6.000        6.000        6.000
  1200:        6.000        6.000        6.000        6.000        6.000
  1205:        6.000        6.000        6.000        6.000        6.000
  1210:        6.000        6.000        6.000        6.000        6.000
  1215:        6.000        6.000        6.000        6.000        6.000
  1220:        6.000        6.000        6.000        6.000        6.000
  1225:        6.000        6.000        6.000        6.000        6.000
  1230:        6.000        6.000        6.000        6.000        6.000
  1235:        6.000        6.000        6.000        6.000        6.000
  1240:        6.000        6.000        6.000        6.000        6.000
  1245:        6.000        6.000        6.000        6.000        6.000
  1250:        6.000        6.000        6.000        6.000        6.000
  1255:        6.000        6.000        6.000        6.000        6.000
  1260:        6.000        6.000        6.000        6.000        6.000
  1265:        6.000        6.000        6.000        6.000        6.000
  1270:        6.000        6.000        6.000        6.000        6.000
  1275:        6.000        6.000        6.000        6.000        6.000
  1280:        6.000        6.000        6.000        6.000        6.000
  1285:        6.000        6.000        6.000        6.000        6.000
  1290:        6.000        6.000        6.000        6.000        6.000
  1295:        6.000        6.000        6.000        6.000        6.000
  1300:        6.000        6.000        6.000        6.000        6.000
  1305:        6.000        6.000        6.000        6.000        6.000
  1310:        6.000        6.000        6.000        6.000        6.000
  1315:        6.000        6.000        6.000        6.000        6.000
  1320:        6.000        6.000        6.000        6.000        6.000
  1325:        6.000        6.000        6.000        6.000        6.000
  1330:        6.000        6.000        6.000        6.000        6.000
  1335:        6.000        6.000        6.000        6.000        6.000
  1340:        6.000        6.000        6.000        6.000        6.000
  1345:        6.000        6.000        6.000        6.000        6.000
  1350:        6.000        6.000        6.000        6.000        6.000
  1355:        6.000        6.000        6.000        6.000        6.000
  1360:        6.000        6.000        6.000        6.000        6.000
  1365:        6.000        6.000        6.000        6.000        6.000
  1370:        6.000        6.000        6.000        6.000        6.000
  1375:        6.000        6.000        6.000        6.000        6.000
  1380:        6.000        6.000        6.000        6.000        6.000
  1385:        6.000        6.000        6.000        6.000        6.000
  1390:        6.000        6.000        6.000        6.000        6.000
  1395:        6.000        6.000        6.000        6.000        6.000
  1400:        6.000        6.000        6.000        6.000        6.000
  1405:        6.000        6.000        6.000        6.000        6.000
  1410:        6.000        6.000        6.000        6.000        6.000
  1415:        6.000        6.000        6.000        6.000        6.000
  1420:        6.000        6.000        6.000        6.000        6.000
  1425:        6.000        6.000        6.000        6.000        6.000
  1430:        6.000        6.000        6.000        6.000        6.000
  1435:        6.000        6.000        6.000        6.000        6.000
  1440:        6.000        6.000        6.000        6.000       23.000
  1445:       23.000       23.000       23.000       23.000       23.000
  1450:       23.000       23.000       23.000       23.000       23.000
  1455:       23.000       23.000       23.000       23.000       23.000
  1460:       23.000       23.000       23.000       23.000       23.000
  1465:       23.000       23.000       23.000       23.000        6.000
  1470:        6.000        6.000        6.000        6.000       23.000
  1475:       23.000        6.000        6.000        6.000        6.000
  1480:        6.000        6.000        6.000        6.000        6.000
  1485:        6.000        6.000        6.000        6.000        6.000
  1490:        6.000        6.000        6.000        6.000        6.000
  1495:        6.000        6.000        6.000        6.000        6.000
  1500:        6.000        6.000        6.000        6.000        6.000
  1505:        6.000        6.000        6.000        6.000        6.000
  1510:        6.000        6.000        6.000        6.000        6.000
  1515:        6.000        6.000        6.000        6.000        6.000
  1520:        6.000        6.000        6.000        6.000        6.000
  1525:        6.000        6.000        6.000        6.000        6.000
  1530:        6.000        6.000        6.000        6.000        6.000
  1535:        6.000        6.000        6.000        6.000        6.000
  1540:        6.000        6.000        6.000        6.000        6.000
  1545:        6.000        6.000        6.000        6.000        6.000
  1550:        6.000        6.000        6.000        6.000        6.000
  1555:        6.000        6.000        6.000        6.000        6.000
  1560:        6.000        6.000        6.000        6.000        6.000
  1565:        6.000        6.000        6.000        6.000        6.000
  1570:        6.000        6.000        6.000        6.000       23.000
  1575:        6.000        6.000        6.000        6.000        6.000
  1580:        6.000        6.000        6.000        6.000        6.000
  1585:        6.000        6.000        6.000        6.000        6.000
  1590:        6.000        6.000        6.000        6.000        6.000
  1595:        6.000        6.000        6.000        6.000        6.000
  1600:        6.000        6.000        6.000        6.000        6.000
  1605:        6.000        6.000        6.000        6.000        6.000
  1610:        6.000        6.000        6.000        6.000        6.000
  1615:        6.000        6.000        6.000        6.000        6.000
  1620:        6.000        6.000        6.000        6.000        6.000
  1625:        6.000        6.000        6.000        6.000        6.000
  1630:        6.000        6.000        6.000        6.000        6.000
  1635:        6.000        6.000        6.000        6.000        6.000
  1640:        6.000        6.000        6.000        6.000        6.000
  1645:        6.000        6.000        6.000        6.000        6.000
  1650:        6.000        6.000        6.000        6.000        6.000
  1655:        6.000        6.000        6.000        6.000        6.000
  1660:        6.000        6.000        6.000        6.000        6.000
  1665:        6.000        6.000        6.000        6.000        6.000
  1670:        6.000        6.000        6.000        6.000        6.000
  1675:        6.000        6.000        6.000        6.000        6.000
  1680:        6.000        6.000        6.000        6.000        6.000
  1685:        6.000       23.000        6.000        6.000        6.000
  1690:        6.000        6.000        6.000        2.000        4.000
  1695:       22.000       24.000       13.000        8.000        5.000
  1700:       17.000       21.000       22.000       18.000        6.000
  1705:       14.000       10.000        6.000        6.000       19.000
  1710:        6.000        6.000        6.000        6.000        6.000
  1715:        6.000        6.000        6.000        6.000        6.000
  1720:        6.000        6.000        6.000        6.000        6.000
  1725:        6.000        6.000        6.000        6.000        6.000
  1730:        6.000        6.000        6.000        6.000        6.000
  1735:        6.000        6.000        6.000        6.000        6.000
  1740:        6.000        6.000        6.000        6.000        6.000
  1745:        6.000        6.000        6.000        6.000        6.000
  1750:        6.000        6.000        6.000        6.000        6.000
  1755:        6.000        6.000        6.000        6.000        6.000
  1760:        6.000        6.000      100.000
T:
     0:        0.000        0.000        0.000        0.000       31.190
     5:       43.250       46.020       46.120       47.280       56.060
    10:      103.850      129.890      190.740      200.870      209.790
    15:      288.940      289.280      317.270      317.690      353.040
    20:      378.850      379.410      380.510      381.180      382.720
    25:      422.530      503.860      515.200      597.770      615.870
    30:      616.740      617.220      617.350      617.390      617.420
    35:      617.450      617.560      782.960      824.630      827.830
    40:      829.280      835.130      864.390      864.390      864.390
    45:      864.400      864.400      864.400      864.400      864.400
    50:      868.230      868.400      869.400      869.400      870.400
    55:      871.550      873.000      874.390      875.060      875.090
    60:      875.200      875.520      875.550      875.790      876.120
    65:      876.250      876.330      876.630      877.910      881.030
    70:      881.620      881.910      900.960      900.960      900.960
    75:      900.970      900.970      900.970      900.970      900.970
    80:      902.160      904.970      905.390      905.970      905.970
    85:      910.960      961.790      964.050      966.680      967.830
    90:      967.910      967.950      968.320      968.360      968.810
    95:      969.140      969.290      969.910      973.760      975.480
   100:      977.910      994.000     1028.940     1030.360     1031.490
   105:     1036.950     1038.800     1039.570     1039.740     1041.940
   110:     1042.600     1046.060     1058.440     1076.590     1086.810
   115:     1087.800     1088.130     1089.320     1094.660     1094.660
   120:     1094.660     1094.670     1094.670     1094.670     1094.670
   125:     1094.670     1095.500     1095.500     1098.310     1098.310
   130:     1098.670     1099.670     1099.670     1101.110     1104.660
   135:     1104.940     1104.940     1104.940     1104.950     1104.950
   140:     1104.950     1104.950     1104.950     1108.920     1108.920
   145:     1108.950     1109.610     1109.610     1109.950     1109.950
   150:     1114.940     1325.200     1348.010     1438.060     1438.670
   155:     1438.850     1438.900     1438.950     1439.100     1439.140
   160:     1439.450     1439.750     1439.900     1446.750     1456.880
   165:     1457.730     1460.870     1461.060     1466.340     1466.630
   170:     1469.180     1469.980     1470.400     1470.750     1470.860
   175:     1473.170     1476.750     1477.410     1477.780     1477.830
   180:     1478.460     1478.500     1478.620     1545.610     1546.270
   185:     1546.600     1546.670     1549.130     1549.420     1549.740
   190:     1550.270     1550.770     1550.830     1550.990     1551.100
   195:     1552.530     1552.710     1553.260     1553.900     1554.620
   200:     1554.860     1555.760     1555.910     1555.990     1556.690
   205:     1557.000     1557.080     1557.700     1558.310     1558.390
   210:     1558.950     1559.510     1559.580     1560.140     1560.530
   215:     1560.920     1561.590     1562.210     1563.430     1563.910
   220:     1564.030     1564.350     1565.300     1609.440     1610.490
   225:     1611.000     1611.580     1612.620     1613.560     1613.590
   230:     1614.090     1614.540     1616.020     1616.030     1616.900
   235:     1617.000     1617.080     1617.140     1617.340     1617.620
   240:     1617.700     1617.750     1618.450     1618.580     1618.750
   245:     1618.810     1618.860     1624.230     1624.700     1625.070
   250:     1625.920     1625.960     1626.150     1626.580     1632.990
   255:     1633.130     1633.380     1633.550     1633.880     1633.980
   260:     1636.920     1636.980     1637.170     1637.280     1637.630
   265:     1642.180     1642.280     1642.560     1642.840     1651.550
   270:     1652.080     1652.210     1653.160     1654.960     1655.000
   275:     1659.880     1662.410     1662.450     1664.440     1664.670
   280:     1664.780     1664.860     1665.040     1665.120     1665.320
   285:     1665.380     1665.800     1665.940     1668.030     1668.450
   290:     1670.280     1720.600     1721.080     1724.100     1724.820
   295:     1724.980     1726.790     1727.200     1728.130     1732.160
   300:     1732.280     1732.400     1740.600     1742.390     1743.750
   305:     1751.690     1804.980     1806.070     1810.990     1811.110
   310:     1812.260     1813.550     1814.080     1815.560     1816.100
   315:     1821.180     1821.480     1821.900     1823.260     1823.870
   320:     1823.890     1829.960     1830.210     1830.360     1935.160
   325:     1976.080     1976.360     1976.450     1978.050     1978.340
   330:     1978.410     2065.890     2197.340     2296.970     2297.170
   335:     2298.880     2303.910     2305.100     2353.510     2353.580
   340:     2353.740     2354.260     2354.740     2427.840     2546.550
   345:     2548.200     2548.230     2585.310     2587.900     2592.390
   350:     2625.690     2628.160     2666.290     2736.210     2744.070
   355:     2744.160     2746.840     2749.960     2750.270     2751.050
   360:     2752.560     2752.690     2757.160     2758.530     2758.950
   365:     2761.310     2764.690     2765.410     2765.910     2766.010
   370:     2766.200     2766.310     2771.560     2773.040     2773.510
   375:     2781.620     2785.180     2785.820     2785.950     2796.060
   380:     2802.650     2806.990     2812.050     2816.490     2924.840
   385:     2929.600     2938.050     2945.280     2945.720     2946.460
   390:     2946.880     2958.760     3077.060     3078.380     3079.720
   395:     3079.730     3079.770     3079.850     3079.930     3081.180
   400:     3083.300     3084.130     3084.210     3084.340     3084.430
   405:     3084.590     3086.520     3087.280     3087.320     3088.250
   410:     3088.290     3090.330     3090.520     3119.880     3126.760
   415:     3127.230     3128.040     3153.590     3218.570     3268.290
   420:     3270.040     3367.700     3368.080     3370.770     3373.190
   425:     3375.390     3379.000     3382.100     3382.470     3383.160
   430:     3383.290     3384.520     3384.820     3385.640     3390.460
   435:     3391.150     3398.270     3400.000     3400.750     3402.740
   440:     3403.630     3404.230     3407.560     3408.390     3409.630
   445:     3409.870     3411.130     3412.650     3413.330     3414.330
   450:     3415.870     3417.190     3418.400     3418.930     3419.920
   455:     3420.750     3421.020     3422.380     3425.770     3430.950
   460:     3437.970     3439.540     3442.090     3442.820     3448.850
   465:     3451.060     3452.760     3454.120     3455.190     3458.630
   470:     3459.360     3459.470     3459.630     3467.350     3493.070
   475:     3509.150     3527.790     3528.170     3529.220     3529.600
   480:     3529.740     3532.090     3535.550     3536.030     3536.070
   485:     3536.140     3536.460     3536.770     3557.480     3560.490
   490:     3562.560     3564.370     3565.810     3565.900     3580.800
   495:     3582.310     3584.200     3586.570     3588.890     3593.960
   500:     3595.880     3596.390     3600.490     3601.320     3614.930
   505:     3641.020     3651.460     3654.580     3654.630     3709.060
   510:     3709.350     3881.920     3883.350     3883.630     3981.370
   515:     4008.720     4010.950     4014.390     4014.770     4039.420
   520:     4196.540     4196.900     4203.430     4258.880     4266.890
   525:     4268.170     4270.570     4270.790     4270.850     4271.130
   530:     4272.080     4272.160     4272.620     4274.140     4279.660
   535:     4279.700     4279.950     4280.020     4280.360     4280.850
   540:     4281.200     4281.430     4281.490     4281.900     4283.000
   545:     4283.440     4283.580     4283.910     4283.940     4284.030
   550:     4285.800     4285.990     4287.180     4288.900     4288.990
   555:     4289.120     4289.160     4289.380     4289.510     4289.650
   560:     4290.000     4290.540     4290.630     4292.890     4293.930
   565:     4294.710     4295.140     4298.570     4298.830     4298.940
   570:     4301.600     4301.730     4309.260     4309.440     4322.100
   575:     4322.810     4327.980     4329.540     4331.690     4332.220
   580:     4349.520     4350.340     4350.750     4350.980     4351.080
   585:     4351.860     4352.560     4366.430     4369.580     4373.020
   590:     4373.090     4373.130     4373.720     4373.870     4374.010
   595:     4502.840     4503.170     4504.330     4504.430     4504.630
   600:     4542.660     4545.780     4563.650     4639.930     4679.770
   605:     4685.080     4747.100     4781.350     4781.350     4781.350
   610:     4781.360     4781.360     4781.360     4781.360     4781.360
   615:     4782.510     4785.360     4785.410     4786.360     4786.360
   620:     4788.980     4789.120     4789.250     4789.330     4789.470
   625:     4790.430     4791.350     4792.500     4829.520     4829.520
   630:     4829.520     4829.530     4829.530     4829.530     4829.530
   635:     4829.530     4831.440     4832.070     4833.530     4834.530
   640:     4834.530     4839.520     4866.620     4866.940     4867.220
   645:     4870.280     4871.850     4882.570     4884.350     4921.610
   650:     4922.300     4931.010     4943.850     4943.850     4943.850
   655:     4943.860     4943.860     4943.860     4943.860     4943.860
   660:     4943.910     4943.910     4947.860     4948.030     4948.030
   665:     4948.860     4948.860     4949.170     4949.170     4949.310
   670:     4949.310     4953.850     4972.070     4972.070     4972.070
   675:     4972.080     4972.080     4972.080     4972.080     4972.080
   680:     4972.220     4972.220     4973.430     4973.430     4976.080
   685:     4977.080     4977.080     4982.070     4998.840     5000.080
   690:     5033.290     5033.290     5033.290     5033.300     5033.300
   695:     5033.300     5033.300     5033.300     5037.300     5038.300
   700:     5038.300     5043.290     5163.160     5345.310     5348.550
   705:     5737.180     6239.640     6462.020     6480.830     6816.710
   710:     6816.770     6817.840     6817.890     6819.030     6819.200
   715:     6847.340     7185.100     7189.080     7254.760     7254.920
   720:     7255.470     7256.960     7261.610     7269.390     7270.210
   725:     7276.000     7278.050     7278.160     7278.820     7279.080
   730:     7279.330     7279.810     7280.060     7282.450     7282.920
   735:     7288.320     7290.520     7290.760     7294.050     7295.240
   740:     7295.510     7300.620     7301.850     7303.400     7304.550
   745:     7310.540     7319.770     7321.790     7322.350     7324.500
   750:     7330.110     7332.080     7335.210     7336.480     7337.790
   755:     7341.430     7343.000     7344.690     7347.890     7349.410
   760:     7351.760     7354.450     7357.710     7368.330     7381.080
   765:     7382.410     7384.960     7385.080     7387.050     7393.840
   770:     7396.050     7399.330     7403.140     7406.670     7407.680
   775:     7408.570     7409.550     7410.540     7411.750     7413.950
   780:     7417.010     7417.640     7419.450     7423.620     7431.490
   785:     7433.280     7434.570     7436.460     7437.560     7438.430
   790:     7439.400     7444.080     7445.440     7445.920     7464.470
   795:     7467.690     7477.330     7489.010     7521.820     7524.330
   800:     7525.040     7527.920     7529.250     7529.870     7531.110
   805:     7531.640     7534.600     7539.470     7540.300     7540.440
   810:     7543.570     7544.910     7549.070     7550.320     7553.130
   815:     7554.250     7555.300     7561.030     7562.030     7564.530
   820:     7566.360     7567.440     7567.550     7569.850     7576.060
   825:     7582.830     7584.540     7586.710     7587.360     7596.200
   830:     7596.320     7610.650     7613.710     7614.730     7616.450
   835:     7686.760     7687.910     7714.030     7721.470     7721.700
   840:     7722.510     7723.630     7725.110     7726.370     7727.420
   845:     7728.030     7729.050     7729.460     7730.400     7731.900
   850:     7732.350     7732.780     7733.940     7735.300     7739.370
   855:     7742.170     7743.610     7744.960     7746.090     7749.550
   860:     7751.180     7752.020     7753.080     7759.720     7759.880
   865:     7760.590     7762.170     7762.950     7764.180     7765.230
   870:     7767.720     7768.510     7769.610     7771.380     7772.540
   875:     7776.400     7776.500     7778.470     7789.050     7789.400
   880:     7792.910     7793.680     7794.960     7795.610     7796.090
   885:     7798.300     7832.730     7833.790     7834.060     7855.990
   890:     7856.120     7856.740     7858.040     7860.470     7861.600
   895:     7865.350     7916.200     7920.130     7920.600     7921.140
   900:     7921.340     7923.930     7925.700     7925.780     7925.970
   905:     7926.120     7927.610     7927.740     7927.810     7927.890
   910:     7927.980     7930.190     7930.300     7930.450     7931.710
   915:     7932.980     7933.120     7933.310     7933.370     7933.410
   920:     7933.660     7933.760     7939.370     7939.490     7939.510
   925:     7940.760     7942.290     7943.340     7944.510     7944.610
   930:     7944.940     7944.970     7948.640     7948.820     7949.690
   935:     7951.250     7951.460     7953.010     7953.030     7954.150
   940:     7958.730     7961.030     7962.780     7964.100     7965.560
   945:     7965.570     7965.970     7966.100     7966.150     7966.920
   950:     7967.490     7968.290     7969.030     7969.620     7969.700
   955:     7970.480     7971.220     7971.490     7971.850     7971.970
   960:     7972.290     7972.860     7972.960     7973.050     7973.120
   965:     7973.400     7973.640     7974.890     7982.030     7985.080
   970:     7985.870     7986.350     8012.640     8012.980     8013.260
   975:     8013.610     8013.650     8014.120     8014.980     8015.140
   980:     8015.220     8027.650     8027.740     8027.870     8031.450
   985:     8033.160     8033.530     8033.600     8033.930     8038.700
   990:     8038.910     8042.780     8042.810     8043.130     8043.290
   995:     8044.750     8045.100     8045.470     8045.910     8070.550
  1000:     8070.550     8070.550     8070.560     8070.560     8070.560
  1005:     8070.560     8070.560     8071.990     8072.620     8072.980
  1010:     8073.240     8074.560     8074.710     8074.760     8075.020
  1015:     8075.560     8075.560     8075.880     8080.550     8096.930
  1020:     8097.350     8097.470     8098.100     8107.700     8108.240
  1025:     8110.540     8111.540     8112.910     8113.250     8114.330
  1030:     8114.400     8116.310     8117.040     8124.340     8124.480
  1035:     8128.270     8129.290     8133.470     8135.100     8135.150
  1040:     8135.340     8135.480     8136.250     8136.290     8137.510
  1045:     8137.690     8141.220     8143.120     8146.800     8153.260
  1050:     8154.780     8154.850     8155.090     8155.450     8155.810
  1055:     8156.880     8156.940     8157.260     8157.860     8158.060
  1060:     8159.060     8159.290     8159.410     8161.300     8161.320
  1065:     8161.360     8161.400     8161.430     8163.020     8164.220
  1070:     8165.700     8166.600     8167.040     8167.150     8167.350
  1075:     8169.290     8169.360     8170.230     8170.800     8171.220
  1080:     8171.280     8171.300     8171.310     8171.690     8173.430
  1085:     8173.580     8173.660     8173.730     8173.860     8174.240
  1090:     8178.260     8179.610     8179.970     8180.710     8180.960
  1095:     8181.140     8181.340     8181.530     8181.860     8184.180
  1100:     8184.280     8184.330     8184.620     8186.010     8186.220
  1105:     8186.840     8187.220     8188.870     8189.400     8189.450
  1110:     8189.590     8189.780     8189.850     8190.020     8190.140
  1115:     8190.490     8190.760     8190.870     8191.490     8191.700
  1120:     8192.990     8193.170     8196.540     8196.850     8197.250
  1125:     8199.130     8199.510     8201.480     8201.650     8201.820
  1130:     8203.570     8204.960     8206.690     8207.570     8208.680
  1135:     8211.060     8211.320     8211.420     8211.810     8225.640
  1140:     8226.370     8226.610     8227.210     8271.890     8273.090
  1145:     8273.210     8273.780     8276.590     8279.070     8279.420
  1150:     8279.540     8280.380     8290.630     8291.160     8292.470
  1155:     8293.150     8293.580     8294.030     8294.040     8294.470
  1160:     8297.500     8297.800     8298.420     8298.930     8300.310
  1165:     8301.280     8301.470     8301.770     8305.320     8305.980
  1170:     8306.050     8306.180     8307.750     8309.330     8309.640
  1175:     8309.710     8310.250     8325.570     8326.190     8327.400
  1180:     8328.560     8329.150     8329.290     8329.430     8330.240
  1185:     8330.320     8330.450     8330.610     8332.930     8332.960
  1190:     8333.020     8348.380     8350.190     8412.620     8420.110
  1195:     8420.180     8423.180     8430.110     8430.400     8430.670
  1200:     8430.950     8431.260     8431.310     8431.420     8431.480
  1205:     8431.580     8433.040     8434.280     8434.740     8436.270
  1210:     8436.400     8437.930     8438.710     8440.070     8440.580
  1215:     8441.060     8441.380     8441.470     8442.590     8442.740
  1220:     8456.140     8456.950     8457.390     8458.470     8458.660
  1225:     8459.060     8459.260     8459.390     8459.610     8459.680
  1230:     8459.770     8460.150     8460.610     8460.820     8461.570
  1235:     8461.620     8461.810     8462.100     8462.530     8462.780
  1240:     8462.880     8463.480     8463.960     8463.980     8466.450
  1245:     8467.950     8468.060     8468.120     8468.320     8469.250
  1250:     8469.350     8469.670     8469.910     8470.240     8471.000
  1255:     8471.040     8471.190     8473.770     8474.090     8479.030
  1260:     8479.540     8483.520     8484.420     8484.550     8484.630
  1265:     8485.250     8485.600     8486.460     8486.660     8487.050
  1270:     8487.100     8488.000     8488.180     8488.460     8488.640
  1275:     8488.790     8489.340     8489.720     8489.930     8490.020
  1280:     8490.540     8491.470     8491.690     8491.800     8491.850
  1285:     8491.900     8491.920     8496.930     8497.120     8497.600
  1290:     8498.110     8500.250     8500.370     8500.410     8500.440
  1295:     8501.330     8501.410     8501.870     8502.140     8504.150
  1300:     8505.810     8505.870     8506.040     8506.050     8506.130
  1305:     8506.170     8506.280     8506.690     8506.750     8507.200
  1310:     8507.420     8507.560     8507.640     8507.760     8507.840
  1315:     8507.950     8508.060     8508.090     8508.170     8509.160
  1320:     8509.540     8509.840     8509.890     8510.040     8510.120
  1325:     8510.260     8510.460     8510.950     8511.070     8511.280
  1330:     8511.700     8513.400     8513.480     8513.660     8513.820
  1335:     8513.880     8513.960     8514.730     8514.920     8517.470
  1340:     8517.660     8518.200     8518.260     8518.440     8518.570
  1345:     8518.640     8518.780     8519.000     8519.190     8519.390
  1350:     8519.580     8519.880     8520.030     8520.090     8520.540
  1355:     8520.590     8520.720     8521.500     8521.820     8522.500
  1360:     8522.690     8522.760     8523.020     8523.400     8523.630
  1365:     8523.720     8524.520     8525.220     8526.700     8527.750
  1370:     8528.480     8528.810     8529.030     8529.390     8529.640
  1375:     8529.980     8530.230     8530.620     8531.280     8531.550
  1380:     8531.790     8532.020     8532.240     8532.440     8532.650
  1385:     8532.900     8533.130     8533.480     8534.190     8534.220
  1390:     8535.770     8536.160     8536.390     8537.070     8537.330
  1395:     8537.560     8537.830     8538.100     8540.030     8541.830
  1400:     8542.410     8542.930     8543.080     8543.350     8543.400
  1405:     8543.950     8544.090     8544.140     8544.340     8544.390
  1410:     8545.850     8547.880     8548.150     8548.500     8549.050
  1415:     8549.270     8549.600     8550.100     8550.370     8550.580
  1420:     8550.810     8551.050     8564.730     8565.460     8565.760
  1425:     8566.160     8569.660     8726.070     8726.280     8728.630
  1430:     8728.800     8729.080     8738.330     8738.370     8741.240
  1435:     8744.310     8814.300     8826.590     8827.980     9034.280
  1440:     9035.210     9210.830     9251.300     9252.000     9292.730
  1445:     9294.000     9294.720     9300.890     9305.270     9305.800
  1450:     9311.030     9318.160     9319.060     9320.810     9324.280
  1455:     9325.350     9325.790     9328.050     9333.450     9333.840
  1460:     9335.350     9335.880     9341.860     9344.100     9348.530
  1465:     9351.230     9353.730     9365.160     9366.040     9370.600
  1470:     9370.670     9371.030     9371.250     9378.790     9394.060
  1475:     9395.400     9404.820     9405.410     9419.760     9580.320
  1480:     9580.470     9580.750     9585.340     9585.390     9585.440
  1485:     9585.640     9586.210     9601.940     9602.970     9605.030
  1490:     9605.140     9605.250     9605.400     9605.580     9606.760
  1495:     9607.760     9607.820     9608.250     9611.390     9616.650
  1500:     9616.820     9617.650     9618.580     9618.770     9618.870
  1505:     9618.900     9619.170     9619.220     9619.680     9619.770
  1510:     9619.850     9620.580     9624.030     9626.640     9626.810
  1515:     9626.990     9627.190     9627.380     9627.430     9627.560
  1520:     9628.660     9628.720     9630.860     9631.060     9631.190
  1525:     9631.360     9631.970     9632.270     9632.310     9634.070
  1530:     9634.230     9634.540     9634.830     9635.720     9635.780
  1535:     9636.420     9637.240     9637.630     9638.200     9638.670
  1540:     9639.250     9639.340     9641.440     9644.850     9645.060
  1545:     9645.140     9647.700     9649.880     9650.540     9651.160
  1550:     9653.220     9654.230     9655.140     9655.310     9655.550
  1555:     9655.850     9656.100     9657.150     9660.710     9661.740
  1560:     9663.740     9664.060     9664.130     9664.270     9664.630
  1565:     9664.750     9664.920     9665.040     9665.080     9669.140
  1570:     9670.050     9672.580     9673.050     9694.230     9702.220
  1575:     9714.340     9714.770     9716.090     9716.130     9716.890
  1580:     9718.290     9727.540     9727.580     9731.710     9733.250
  1585:     9734.370     9734.650     9734.750     9734.810     9734.910
  1590:     9734.990     9737.750     9737.830     9738.020     9738.790
  1595:     9738.930     9739.070     9739.110     9739.260     9739.720
  1600:     9739.820     9739.880     9740.190     9740.220     9741.220
  1605:     9743.750     9745.390     9745.510     9745.770     9746.500
  1610:     9756.500     9756.570     9756.650     9777.740     9778.260
  1615:     9778.820     9790.780     9816.950     9817.260     9817.490
  1620:     9903.290     9903.690     9919.000     9930.590     9935.910
  1625:     9936.720     9939.910     9940.020     9940.160     9940.540
  1630:     9940.840     9941.310     9942.220     9942.390     9942.760
  1635:     9942.820     9943.480     9955.750     9956.580     9960.220
  1640:     9968.380     9972.580     9973.260     9973.600     9974.090
  1645:     9976.190     9976.370     9976.860     9976.950     9977.060
  1650:     9977.340     9978.740     9978.900     9984.840     9985.710
  1655:     9986.430     9993.060     9993.310     9993.530     9994.100
  1660:     9995.070     9995.200     9996.300    10002.170    10004.260
  1665:    10004.370    10004.410    10005.390    10005.720    10006.180
  1670:    10006.780    10006.950    10011.730    10011.760    10011.780
  1675:    10012.020    10012.100    10012.120    10012.190    10015.820
  1680:    10023.310    10023.530    10023.760    10047.450    10074.110
  1685:    10150.730    10181.840    10229.230    10270.980    10271.300
  1690:    10286.470    10286.530    10286.700    10395.470    10395.470
  1695:    10395.470    10395.480    10395.480    10395.480    10395.480
  1700:    10395.480    10397.040    10397.040    10399.480    10400.230
  1705:    10400.480    10400.480    10402.250    10405.390    10405.470
  1710:    10405.600    10405.910    10406.230    10410.040    10410.080
  1715:    10419.640    10420.880    10421.530    10425.820    10426.000
  1720:    10426.090    10427.010    10432.830    10438.180    10439.090
  1725:    10440.370    10441.650    10441.760    10441.820    10442.010
  1730:    10442.050    10442.670    10442.750    10443.020    10443.660
  1735:    10444.130    10444.600    10446.340    10446.760    10447.350
  1740:    10447.710    10447.790    10447.900    10448.050    10448.800
  1745:    10449.020    10451.410    10451.570    10452.200    10452.420
  1750:    10454.780    10455.560    10456.140    10458.590    10459.640
  1755:    10460.460    10460.830    10460.950    10580.170    10580.560
  1760:    10580.610    10581.370    10800.010
