File: C:\MED-PC IV\DATA\!2025-09-05_16h41m.Subject T23



Start Date: 09/05/25
End Date: 09/05/25
Subject: T23
Experiment: OralFentSA
Group: One
Box: 5
Start Time: 16:41:00
End Time: 19:41:04
MSN: Golden_Liq_SelfAdmin_LIT
F:       0.000
G:    1966.000
H:   10800.010
I:       0.000
J:       0.000
K:       0.000
L:       0.000
M:       0.000
N:       0.000
O:       0.000
P:       0.000
Q:       0.000
R:       0.000
S:       0.000
U:       0.000
V:       0.000
W:       0.000
X:       0.000
Y:       0.000
Z:       0.000
A:
     0:        0.000        0.000      180.000        4.000        0.000
     5:        5.000        0.000        5.000        0.000        0.000
    10:        1.000        0.000       10.000 30000000.000       20.000
    15:       15.000      320.000        0.000        0.000        0.000
    20:        0.000
B:
     0:        0.000        0.000        0.000      400.000        0.000
     5:      500.000        0.000      500.000        0.000        0.000
    10:        0.000        0.000     1000.000 3000000000.0        0.000
    15:        0.000        0.000        0.000        0.000        0.000
    20:        0.000
C:
     0:        4.000        5.000        0.000        6.000     1777.000
     5:    10367.120        2.850        4.000       17.070        4.267
    10:        6.000      133.000        0.000        0.000        0.000
    15:        0.000        0.000        0.000        0.000        0.000
    20:        0.000
D:
     0:        1.440        5.350        7.430        2.850
E:
     0:       19.000       11.000       26.000       27.000       23.000
     5:        6.000        6.000        6.000        6.000        6.000
    10:        6.000        6.000        6.000        6.000        6.000
    15:        6.000        6.000        6.000        6.000        6.000
    20:        6.000        6.000        6.000        6.000        6.000
    25:        6.000        6.000        6.000        6.000        6.000
    30:        6.000        6.000        6.000       23.000        6.000
    35:        6.000        6.000        6.000        6.000        6.000
    40:        6.000        6.000        6.000        6.000       23.000
    45:       23.000        6.000        6.000        6.000        6.000
    50:        6.000        6.000        6.000        6.000        6.000
    55:        6.000        6.000        6.000        6.000        6.000
    60:        6.000        6.000        6.000        6.000        6.000
    65:        6.000        6.000        6.000        6.000       23.000
    70:       23.000        6.000        6.000        6.000        6.000
    75:        6.000        6.000        6.000        6.000        6.000
    80:        6.000        6.000        6.000        6.000        6.000
    85:        6.000       23.000        6.000        6.000        6.000
    90:        6.000        6.000        6.000        6.000        6.000
    95:        6.000        6.000        6.000        6.000        6.000
   100:        6.000        6.000        6.000        6.000       23.000
   105:        6.000        6.000       23.000       23.000        6.000
   110:        6.000        6.000        6.000        6.000        6.000
   115:        6.000        6.000        6.000        6.000        6.000
   120:        6.000        6.000        6.000        6.000       23.000
   125:       23.000        6.000       23.000        6.000        6.000
   130:        6.000        6.000        6.000        6.000        6.000
   135:        6.000        6.000        6.000        6.000        6.000
   140:        6.000        6.000        6.000        6.000        2.000
   145:        4.000       22.000       24.000       13.000        8.000
   150:        5.000       17.000        6.000       18.000        6.000
   155:       14.000       10.000       19.000        6.000        6.000
   160:        6.000        6.000        6.000        6.000        6.000
   165:        6.000        6.000        6.000        6.000        6.000
   170:        6.000        6.000        6.000        6.000        6.000
   175:        6.000        6.000        6.000        6.000        6.000
   180:        6.000        6.000        6.000        6.000        6.000
   185:        6.000        6.000        6.000       23.000       23.000
   190:       23.000       23.000       23.000       23.000       23.000
   195:       23.000       23.000       23.000       23.000        6.000
   200:        6.000       23.000       23.000       23.000       23.000
   205:       23.000       23.000       23.000       23.000       23.000
   210:       23.000       23.000       23.000       23.000       23.000
   215:       23.000        6.000        6.000        6.000       23.000
   220:       23.000        6.000        6.000        6.000        6.000
   225:        6.000        6.000        6.000        6.000        6.000
   230:        6.000        6.000        6.000        6.000        6.000
   235:        6.000        6.000        6.000        6.000        6.000
   240:        6.000        6.000        6.000        6.000        6.000
   245:        6.000        6.000        6.000        6.000        6.000
   250:        6.000        6.000        6.000        6.000        6.000
   255:        6.000        6.000        6.000        6.000        6.000
   260:        6.000        6.000        6.000        6.000        6.000
   265:        6.000        6.000        6.000        6.000        6.000
   270:        6.000        6.000        6.000        6.000        6.000
   275:        6.000        6.000       23.000       23.000       23.000
   280:       23.000        6.000        6.000        6.000        6.000
   285:        6.000        6.000        6.000        6.000        6.000
   290:        6.000        6.000        6.000       23.000       23.000
   295:       23.000        6.000        6.000        6.000        6.000
   300:        6.000       23.000        6.000        6.000        6.000
   305:        6.000        6.000        6.000        6.000        6.000
   310:        6.000        6.000        6.000        6.000        6.000
   315:        6.000        6.000        6.000        6.000        6.000
   320:        6.000        6.000        6.000        6.000        6.000
   325:        6.000        6.000        6.000        6.000        6.000
   330:        6.000        6.000        6.000        6.000        6.000
   335:        6.000        6.000        6.000        6.000        6.000
   340:        6.000        6.000        6.000        6.000        6.000
   345:        6.000        6.000        6.000        6.000        6.000
   350:        6.000        6.000       23.000        6.000        6.000
   355:       23.000        6.000        6.000        6.000        6.000
   360:        6.000        6.000        6.000        6.000        6.000
   365:        6.000        6.000        6.000        6.000        6.000
   370:        6.000        6.000        6.000        6.000        6.000
   375:        6.000        6.000        6.000        6.000        6.000
   380:        6.000        6.000        6.000        6.000        6.000
   385:        6.000        6.000        6.000        6.000        6.000
   390:        6.000        6.000        6.000        6.000        6.000
   395:        6.000        6.000       23.000       23.000       23.000
   400:       23.000       23.000       23.000       23.000       23.000
   405:       23.000       23.000       23.000        6.000        6.000
   410:        6.000        6.000        6.000        6.000        6.000
   415:        6.000        6.000        6.000        6.000        6.000
   420:        6.000        6.000        6.000        6.000        6.000
   425:        6.000        6.000        6.000        6.000        6.000
   430:        6.000        6.000        6.000        6.000        6.000
   435:        6.000        6.000        6.000        6.000        6.000
   440:        6.000        6.000        6.000        6.000        6.000
   445:        6.000        6.000        6.000        2.000        4.000
   450:       22.000       24.000       13.000        8.000        5.000
   455:       17.000       18.000       14.000       10.000        6.000
   460:       21.000       22.000       19.000        6.000        6.000
   465:        6.000        6.000        6.000        6.000        6.000
   470:        6.000        6.000        6.000        6.000        6.000
   475:        6.000        6.000        6.000        6.000        6.000
   480:        6.000        6.000        6.000        6.000        6.000
   485:        6.000        6.000        6.000        6.000        6.000
   490:        6.000        6.000        6.000        6.000        6.000
   495:        6.000        6.000        6.000        6.000       23.000
   500:       23.000       23.000        6.000        6.000        6.000
   505:        6.000        6.000        6.000        6.000        6.000
   510:        6.000        6.000        6.000        6.000        6.000
   515:        6.000        6.000        6.000        6.000        6.000
   520:        6.000        6.000        6.000        6.000        6.000
   525:        6.000        6.000        6.000        6.000        6.000
   530:        6.000        6.000        6.000        6.000        6.000
   535:        6.000        6.000        6.000        6.000        6.000
   540:        6.000        6.000        6.000        6.000        6.000
   545:        6.000        6.000        6.000        6.000        6.000
   550:        6.000        6.000        6.000        6.000        6.000
   555:        6.000        6.000        6.000        6.000        6.000
   560:        6.000        6.000        6.000        6.000        6.000
   565:        6.000        6.000        6.000        6.000        6.000
   570:        6.000        6.000        6.000        6.000        6.000
   575:        6.000        6.000        6.000        6.000        6.000
   580:        6.000        6.000        6.000        6.000        6.000
   585:        6.000        6.000        6.000        6.000        6.000
   590:        6.000        6.000        6.000        6.000        6.000
   595:        6.000        6.000        6.000        6.000        6.000
   600:        6.000        6.000        6.000        6.000        6.000
   605:        6.000        6.000        6.000        6.000        6.000
   610:        6.000        6.000        6.000        6.000        6.000
   615:        6.000        6.000        6.000        6.000        6.000
   620:        6.000        6.000        6.000        6.000        6.000
   625:       23.000        6.000        6.000        6.000        6.000
   630:        6.000        6.000        6.000        6.000        6.000
   635:        6.000        6.000        6.000        6.000        6.000
   640:        6.000        6.000        6.000        6.000        6.000
   645:        6.000        6.000        6.000        6.000        6.000
   650:        6.000        6.000        6.000        6.000        6.000
   655:        6.000        6.000        6.000        6.000        6.000
   660:        6.000        6.000        6.000        6.000        6.000
   665:        6.000        6.000        6.000        6.000        6.000
   670:        6.000        6.000        6.000        6.000        6.000
   675:        6.000        6.000        6.000        6.000       23.000
   680:        6.000        6.000        6.000        6.000        6.000
   685:        6.000        6.000        6.000        6.000        6.000
   690:        6.000        6.000        6.000        6.000        6.000
   695:        6.000        6.000        6.000        6.000        6.000
   700:        6.000        6.000        6.000        6.000        6.000
   705:        6.000        6.000        6.000        6.000        6.000
   710:        6.000        6.000        6.000        6.000        6.000
   715:        6.000        6.000        6.000        6.000        6.000
   720:        6.000        6.000        6.000        6.000        6.000
   725:        6.000        6.000        6.000        6.000        6.000
   730:        6.000        6.000        6.000        6.000        6.000
   735:        6.000        6.000        6.000        6.000        6.000
   740:        6.000        6.000        6.000        6.000        6.000
   745:        6.000        6.000        6.000        6.000        6.000
   750:       23.000        6.000        6.000        6.000        6.000
   755:        6.000        6.000        6.000        6.000        6.000
   760:        6.000        6.000        6.000        6.000       23.000
   765:       23.000       23.000       23.000       23.000       23.000
   770:       23.000       23.000       23.000       23.000       23.000
   775:       23.000       23.000       23.000       23.000       23.000
   780:       23.000       23.000       23.000       23.000        6.000
   785:        6.000        6.000        6.000        6.000        6.000
   790:        6.000        6.000        6.000        6.000        6.000
   795:        6.000        6.000       23.000       23.000       23.000
   800:        6.000        6.000        6.000       23.000        2.000
   805:        4.000       22.000       24.000       13.000        8.000
   810:        5.000       17.000       21.000       22.000       18.000
   815:       14.000       10.000        6.000       19.000        6.000
   820:        6.000        6.000        6.000        6.000        6.000
   825:        6.000        6.000        6.000        6.000        6.000
   830:        6.000        6.000        6.000        6.000        6.000
   835:        6.000        6.000        6.000        6.000        6.000
   840:        6.000        6.000        6.000        6.000        6.000
   845:        6.000        6.000        6.000        6.000        6.000
   850:        6.000        6.000        6.000        6.000        6.000
   855:       23.000       23.000        6.000        6.000        6.000
   860:        6.000        6.000        6.000        6.000        6.000
   865:        6.000        6.000        6.000        6.000        6.000
   870:        6.000        6.000        6.000        6.000        6.000
   875:        6.000        6.000        6.000        6.000        6.000
   880:        6.000        6.000        6.000        6.000        6.000
   885:        6.000        6.000        6.000        6.000        6.000
   890:        6.000        6.000        6.000        6.000        6.000
   895:        6.000        6.000        6.000        6.000        6.000
   900:        6.000        6.000        6.000        6.000        6.000
   905:        6.000        6.000        6.000        6.000        6.000
   910:        6.000        6.000        6.000        6.000        6.000
   915:        6.000        6.000        6.000        6.000        6.000
   920:        6.000        6.000        6.000        6.000        6.000
   925:        6.000        6.000        6.000        6.000        6.000
   930:        6.000        6.000        6.000        6.000        6.000
   935:        6.000        6.000        6.000        6.000        6.000
   940:        6.000        6.000        6.000        6.000        6.000
   945:        6.000        6.000        6.000        6.000        6.000
   950:        6.000        6.000        6.000        6.000        6.000
   955:        6.000        6.000        6.000        6.000        6.000
   960:        6.000        6.000        6.000        6.000        6.000
   965:        6.000        6.000        6.000        6.000        6.000
   970:        6.000        6.000        6.000        6.000        6.000
   975:        6.000        6.000        6.000        6.000        6.000
   980:        6.000        6.000        6.000        6.000        6.000
   985:        6.000        6.000        6.000        6.000        6.000
   990:        6.000        6.000        6.000        6.000        6.000
   995:        6.000        6.000        6.000        6.000        6.000
  1000:        6.000        6.000        6.000        6.000        6.000
  1005:        6.000        6.000        6.000        6.000        6.000
  1010:        6.000        6.000        6.000        6.000        6.000
  1015:        6.000        6.000        6.000        6.000        6.000
  1020:        6.000        6.000        6.000        6.000        6.000
  1025:        6.000        6.000        6.000        6.000        6.000
  1030:        6.000        6.000        6.000        6.000        6.000
  1035:        6.000        6.000        6.000        6.000        6.000
  1040:        6.000        6.000        6.000        6.000        6.000
  1045:        6.000        6.000        6.000        6.000        6.000
  1050:        6.000        6.000        6.000        6.000        6.000
  1055:        6.000        6.000        6.000        6.000        6.000
  1060:        6.000        6.000        6.000        6.000        6.000
  1065:        6.000        6.000        6.000        6.000        6.000
  1070:        6.000        6.000        6.000        6.000        6.000
  1075:        6.000        6.000        6.000        6.000        6.000
  1080:        6.000        6.000        6.000        6.000        6.000
  1085:        6.000        6.000        6.000        6.000        6.000
  1090:        6.000        6.000        6.000        6.000        6.000
  1095:        6.000        6.000        6.000        6.000        6.000
  1100:        6.000        6.000        6.000        6.000        6.000
  1105:        6.000        6.000        6.000        6.000        6.000
  1110:        6.000        6.000        6.000        6.000        6.000
  1115:        6.000        6.000        6.000        6.000        6.000
  1120:        6.000        6.000        6.000        6.000        6.000
  1125:        6.000        6.000        6.000        6.000        6.000
  1130:        6.000        6.000        6.000        6.000        6.000
  1135:        6.000        6.000        6.000        6.000        6.000
  1140:        6.000        6.000        6.000        6.000        6.000
  1145:        6.000        6.000        6.000        6.000        6.000
  1150:        6.000        6.000        6.000        6.000        6.000
  1155:        6.000        6.000        6.000        6.000        6.000
  1160:        6.000        6.000        6.000        6.000        6.000
  1165:        6.000        6.000        6.000        6.000        6.000
  1170:        6.000        6.000        6.000        6.000        6.000
  1175:        6.000        6.000        6.000        6.000        6.000
  1180:        6.000        6.000        6.000        6.000        6.000
  1185:        6.000        6.000        6.000        6.000        6.000
  1190:        6.000        6.000        6.000        6.000        6.000
  1195:        6.000        6.000        6.000        6.000        6.000
  1200:        6.000        6.000        6.000        6.000        6.000
  1205:        6.000        6.000        6.000        6.000        6.000
  1210:        6.000        6.000        6.000        6.000        6.000
  1215:        6.000        6.000        6.000        6.000        6.000
  1220:        6.000        6.000        6.000        6.000        6.000
  1225:        6.000        6.000        6.000        6.000        6.000
  1230:        6.000        6.000        6.000        6.000        6.000
  1235:        6.000        6.000        6.000        6.000        6.000
  1240:        6.000        6.000        6.000        6.000        6.000
  1245:        6.000        6.000        6.000        6.000        6.000
  1250:        6.000        6.000        6.000        6.000        6.000
  1255:        6.000        6.000        6.000        6.000        6.000
  1260:        6.000        6.000        6.000        6.000        6.000
  1265:        6.000        6.000        6.000        6.000        6.000
  1270:        6.000        6.000        6.000        6.000        6.000
  1275:        6.000        6.000        6.000        6.000        6.000
  1280:        6.000        6.000        6.000        6.000        6.000
  1285:        6.000        6.000        6.000        6.000        6.000
  1290:        6.000        6.000        6.000        6.000        6.000
  1295:        6.000       23.000       23.000       23.000        6.000
  1300:        6.000        6.000        6.000        6.000        6.000
  1305:        6.000        6.000        6.000        6.000        6.000
  1310:        6.000        6.000        6.000        6.000        6.000
  1315:        6.000        6.000        6.000        6.000        6.000
  1320:        6.000        6.000        6.000        6.000        6.000
  1325:        6.000        6.000       23.000        6.000        6.000
  1330:        6.000        6.000        6.000        6.000        6.000
  1335:        6.000        6.000        6.000        6.000        6.000
  1340:        6.000        6.000        6.000        6.000       23.000
  1345:       23.000        6.000        6.000        6.000       23.000
  1350:        6.000        6.000        6.000        6.000        6.000
  1355:       23.000        6.000        6.000        6.000        6.000
  1360:        6.000        6.000        6.000        6.000        6.000
  1365:        6.000        6.000        6.000        6.000        6.000
  1370:        6.000        6.000        6.000        6.000        6.000
  1375:        6.000        6.000        6.000        6.000        6.000
  1380:        6.000        6.000        6.000        6.000        6.000
  1385:        6.000        6.000        6.000        6.000        6.000
  1390:        6.000        6.000        6.000        6.000        6.000
  1395:        6.000        6.000        6.000        6.000        6.000
  1400:       23.000       23.000        6.000        6.000       23.000
  1405:       23.000       23.000        6.000        6.000        6.000
  1410:        6.000        6.000        6.000        6.000        6.000
  1415:        6.000        6.000        6.000        6.000        6.000
  1420:        6.000        6.000        6.000        6.000        6.000
  1425:        6.000        6.000        6.000        6.000        6.000
  1430:        6.000        6.000        6.000        6.000        6.000
  1435:        6.000        6.000        6.000       23.000        6.000
  1440:        6.000        6.000        6.000        6.000        6.000
  1445:        6.000        6.000        6.000        6.000        6.000
  1450:        6.000       23.000        6.000        6.000        6.000
  1455:        6.000        6.000        6.000       23.000        6.000
  1460:        6.000        6.000        6.000        6.000        6.000
  1465:        6.000        6.000        6.000        6.000       23.000
  1470:        6.000        6.000        6.000        6.000        6.000
  1475:        6.000        6.000        6.000       23.000        6.000
  1480:        6.000        6.000        6.000        6.000       23.000
  1485:        6.000        6.000        6.000        6.000        6.000
  1490:        6.000       23.000       23.000       23.000       23.000
  1495:       23.000        6.000        6.000        6.000        6.000
  1500:        6.000        6.000        6.000        6.000        6.000
  1505:        6.000        6.000        6.000        6.000       23.000
  1510:        6.000        6.000        6.000        6.000        6.000
  1515:        6.000        6.000        6.000        6.000        6.000
  1520:        6.000        6.000        6.000        6.000        6.000
  1525:        6.000        6.000        6.000        6.000        6.000
  1530:        6.000        6.000        6.000        6.000        6.000
  1535:        6.000        6.000        6.000        6.000        6.000
  1540:        6.000       23.000       23.000        6.000        6.000
  1545:        6.000        6.000        6.000        6.000        6.000
  1550:        6.000        6.000        6.000        6.000        6.000
  1555:        6.000        6.000        6.000        6.000       23.000
  1560:        6.000       23.000        6.000        6.000       23.000
  1565:        6.000        6.000        6.000        6.000        6.000
  1570:        6.000        6.000        6.000        6.000        6.000
  1575:        6.000        6.000        6.000        6.000        6.000
  1580:        6.000        6.000        6.000        6.000        6.000
  1585:        6.000        6.000        6.000        6.000        6.000
  1590:        6.000        6.000        6.000        6.000        6.000
  1595:        6.000        6.000        6.000        6.000        6.000
  1600:        6.000        6.000        6.000        6.000        6.000
  1605:        6.000        6.000        6.000        6.000        6.000
  1610:        6.000        6.000        6.000        6.000        6.000
  1615:        6.000        6.000        6.000        6.000        6.000
  1620:        6.000        6.000        6.000        6.000        6.000
  1625:        6.000        6.000        6.000        6.000        6.000
  1630:        6.000        6.000        6.000        6.000        6.000
  1635:        6.000        6.000        6.000        6.000        6.000
  1640:        6.000        6.000        6.000        6.000        6.000
  1645:        6.000        6.000        6.000        6.000        6.000
  1650:        6.000        6.000        6.000        6.000        6.000
  1655:        6.000        6.000        6.000        6.000        6.000
  1660:        6.000        6.000        6.000        6.000        6.000
  1665:        6.000        6.000        6.000        6.000        6.000
  1670:        6.000        6.000        6.000        6.000        6.000
  1675:        6.000        6.000        6.000        6.000        6.000
  1680:        6.000        6.000        6.000        6.000        6.000
  1685:        6.000        6.000        6.000        6.000        6.000
  1690:        6.000        6.000        6.000        6.000        6.000
  1695:        6.000        6.000        6.000        6.000        6.000
  1700:        6.000        6.000        6.000        6.000        6.000
  1705:        6.000        6.000        6.000        6.000        6.000
  1710:        6.000        6.000        6.000        6.000        6.000
  1715:        6.000        6.000        6.000        6.000        6.000
  1720:        6.000        6.000        6.000        6.000        6.000
  1725:        6.000        6.000        6.000        6.000        6.000
  1730:        6.000        6.000        6.000        6.000        6.000
  1735:        6.000        6.000        6.000        6.000        6.000
  1740:        6.000        6.000        6.000        6.000        6.000
  1745:        6.000        6.000        6.000        6.000        6.000
  1750:        6.000        6.000        6.000        6.000        6.000
  1755:        6.000        6.000        6.000        6.000        6.000
  1760:        6.000        6.000        6.000        6.000        6.000
  1765:        6.000        6.000        6.000        6.000        6.000
  1770:        6.000        6.000        6.000        6.000        6.000
  1775:        6.000        6.000        6.000        6.000        6.000
  1780:        6.000        6.000        6.000        6.000        6.000
  1785:        6.000        6.000        6.000        6.000        6.000
  1790:        6.000        6.000        6.000        6.000        6.000
  1795:        6.000       23.000        6.000        6.000        6.000
  1800:        6.000        6.000        6.000        6.000        6.000
  1805:        6.000        6.000        6.000        6.000        6.000
  1810:        6.000        6.000        6.000        6.000        6.000
  1815:        6.000        6.000        6.000        6.000        6.000
  1820:        6.000        6.000        6.000       23.000       23.000
  1825:        6.000        6.000        6.000        6.000        6.000
  1830:        6.000        6.000        6.000        6.000        6.000
  1835:        6.000        6.000       23.000       23.000       23.000
  1840:       23.000       23.000       23.000        6.000        2.000
  1845:        4.000       22.000       24.000       13.000        8.000
  1850:        5.000       17.000        6.000       18.000       14.000
  1855:       10.000        6.000        6.000        6.000        6.000
  1860:       19.000        6.000        6.000        6.000        6.000
  1865:        6.000        6.000        6.000        6.000        6.000
  1870:        6.000        6.000        6.000        6.000        6.000
  1875:        6.000        6.000        6.000        6.000        6.000
  1880:        6.000        6.000        6.000        6.000        6.000
  1885:        6.000        6.000        6.000        6.000        6.000
  1890:        6.000        6.000        6.000        6.000        6.000
  1895:        6.000        6.000        6.000        6.000        6.000
  1900:        6.000        6.000        6.000        6.000        6.000
  1905:        6.000        6.000        6.000        6.000        6.000
  1910:        6.000        6.000        6.000        6.000        6.000
  1915:        6.000        6.000        6.000        6.000        6.000
  1920:        6.000        6.000        6.000        6.000        6.000
  1925:        6.000        6.000        6.000        6.000        6.000
  1930:        6.000        6.000        6.000        6.000        6.000
  1935:        6.000        6.000        6.000        6.000        6.000
  1940:        6.000        6.000        6.000        6.000        6.000
  1945:        6.000        6.000        6.000        6.000        6.000
  1950:        6.000        6.000        6.000        6.000        6.000
  1955:        6.000        6.000        6.000        6.000        6.000
  1960:        6.000        6.000        6.000        6.000        6.000
  1965:        6.000      100.000
T:
     0:        0.000        0.000        0.000        0.000        4.070
     5:       11.170       11.240       11.280       16.170       18.870
    10:       26.350       27.560       27.600       27.990       28.270
    15:       28.300       28.350       28.440       28.930       30.370
    20:       78.980       79.050       79.130       79.540       79.720
    25:       79.810       79.990       80.040       80.140       80.920
    30:       85.570       85.840      110.360      122.760      131.820
    35:      132.050      132.890      132.930      133.160      133.170
    40:      141.060      141.090      141.230      141.460      156.770
    45:      157.480      201.570      232.300      232.560      243.840
    50:      243.940      247.490      309.780      321.310      321.490
    55:      322.270      322.320      322.600      336.890      336.910
    60:      336.960      338.560      338.580      340.690      341.190
    65:      341.230      341.530      341.570      341.660      374.750
    70:      377.670      384.440      392.000      392.250      392.360
    75:      392.440      392.540      392.700      392.730      392.760
    80:      392.790      392.830      392.940      393.030      418.280
    85:      418.530      422.000      467.180      467.250      467.290
    90:      467.340      467.350      468.060      468.200      469.530
    95:      469.620      477.810      477.980      478.020      495.230
   100:      516.820      518.320      519.210      521.570      524.640
   105:      553.010      555.160      565.740      634.290      651.610
   110:      671.430      675.150      675.230      690.540      690.750
   115:      691.200      691.790      691.830      703.530      704.890
   120:      705.420      705.640      709.100      710.170      815.630
   125:      817.760      828.770      966.960      994.800      995.230
   130:      996.030     1017.780     1108.470     1108.600     1125.260
   135:     1128.950     1152.240     1152.570     1152.760     1153.380
   140:     1154.330     1154.470     1154.600     1154.690     1169.070
   145:     1169.070     1169.070     1169.080     1169.080     1169.080
   150:     1169.080     1169.080     1170.520     1173.080     1173.100
   155:     1174.080     1174.080     1179.070     1185.800     1233.510
   160:     1234.260     1238.910     1238.970     1239.030     1239.570
   165:     1240.020     1261.820     1262.320     1264.650     1265.280
   170:     1265.810     1266.650     1267.950     1268.070     1268.150
   175:     1268.230     1268.620     1269.750     1270.230     1275.990
   180:     1276.520     1369.420     1379.580     1379.990     1398.830
   185:     1399.180     1399.730     1464.050     1651.540     1652.490
   190:     1653.370     1655.350     1660.250     1661.440     1662.840
   195:     1666.320     1701.910     1738.450     1749.200     1798.740
   200:     1814.030     1852.880     1856.430     1859.000     1860.370
   205:     1863.570     1864.200     1871.260     1874.740     1895.130
   210:     1897.160     1897.930     1898.070     1898.430     1899.570
   215:     1902.130     1925.930     1931.130     1931.340     1935.320
   220:     1936.180     1966.120     1967.960     1968.180     1968.250
   225:     1968.990     1969.140     1969.970     1970.000     1970.130
   230:     1971.040     1971.280     1971.650     1971.970     1974.890
   235:     1975.010     1975.160     1975.230     1975.530     1975.600
   240:     1977.900     1978.510     1980.720     1982.530     1982.980
   245:     1983.180     1986.250     1986.390     1986.570     1987.560
   250:     1990.590     1992.000     1992.180     1992.420     1993.190
   255:     1994.580     1997.490     2002.530     2002.600     2009.360
   260:     2009.430     2013.680     2013.990     2020.150     2020.430
   265:     2020.510     2026.330     2026.590     2028.860     2030.340
   270:     2030.600     2030.960     2031.200     2032.020     2033.190
   275:     2034.430     2034.550     2238.730     2248.030     2249.640
   280:     2250.550     2255.350     2316.050     2316.150     2316.910
   285:     2321.220     2330.390     2330.470     2330.560     2331.330
   290:     2336.320     2336.440     2336.550     2408.990     2411.080
   295:     2411.740     2415.280     2415.540     2421.570     2430.610
   300:     2432.750     2438.880     2475.030     2475.620     2476.130
   305:     2640.680     2640.740     2641.100     2641.330     2642.900
   310:     2646.570     2648.970     2649.570     2650.760     2652.360
   315:     2652.570     2653.900     2653.970     2654.010     2655.600
   320:     2655.640     2663.020     2664.740     2664.950     2665.150
   325:     2665.360     2665.380     2665.400     2665.530     2665.620
   330:     2665.840     2671.510     2671.920     2672.260     2673.210
   335:     2677.880     2678.290     2678.630     2678.810     2679.330
   340:     2681.610     2681.650     2683.790     2686.720     2692.820
   345:     2707.420     2712.380     2723.120     2724.890     2730.350
   350:     2749.190     2750.020     2826.520     2945.000     3074.830
   355:     3089.540     3102.270     3106.610     3107.160     3110.950
   360:     3111.430     3113.650     3113.690     3181.700     3182.070
   365:     3182.320     3182.350     3182.600     3184.650     3249.820
   370:     3250.190     3250.380     3250.640     3251.750     3252.520
   375:     3252.760     3252.800     3252.820     3253.020     3259.150
   380:     3259.180     3260.880     3261.730     3261.770     3261.810
   385:     3261.870     3261.980     3262.430     3262.560     3262.630
   390:     3263.350     3276.690     3277.230     3280.920     3282.760
   395:     3283.590     3283.630     3715.070     3758.090     3760.250
   400:     3765.460     3768.930     3772.450     3775.130     3776.470
   405:     3777.410     3778.640     3778.870     3784.050     3833.480
   410:     3844.880     3845.810     3845.990     3872.690     3873.430
   415:     3878.030     3878.310     3878.820     3879.650     3879.840
   420:     3879.940     3880.060     3880.160     3880.990     3881.420
   425:     3882.100     3882.760     3882.890     3883.110     3883.190
   430:     3884.510     3885.660     3885.690     3885.930     3886.010
   435:     3886.230     3886.380     3886.450     3886.480     3893.280
   440:     3893.750     3904.460     3904.500     3905.380     3966.550
   445:     3976.950     4159.260     4159.510     4175.830     4175.830
   450:     4175.830     4175.840     4175.840     4175.840     4175.840
   455:     4175.840     4179.840     4180.840     4180.840     4181.190
   460:     4184.700     4184.700     4185.830     4191.110     4198.330
   465:     4199.220     4199.750     4199.960     4209.970     4210.960
   470:     4214.660     4214.690     4215.120     4215.650     4216.110
   475:     4216.650     4217.520     4217.720     4218.680     4218.910
   480:     4219.250     4219.390     4261.950     4262.880     4266.320
   485:     4266.910     4266.980     4267.300     4267.570     4267.770
   490:     4267.850     4268.000     4268.050     4268.630     4276.920
   495:     4278.020     4281.380     4282.290     4289.880     4306.200
   500:     4310.730     4312.770     4343.410     4343.460     4343.530
   505:     4351.990     4352.250     4353.240     4387.320     4395.850
   510:     4396.450     4398.190     4399.450     4399.900     4401.320
   515:     4401.770     4401.790     4401.890     4402.620     4404.670
   520:     4404.710     4405.070     4405.130     4406.040     4407.620
   525:     4408.770     4408.940     4409.000     4409.130     4409.200
   530:     4409.380     4409.520     4409.860     4411.400     4412.120
   535:     4412.210     4524.710     4526.250     4526.700     4526.710
   540:     4526.900     4527.500     4528.660     4529.440     4530.140
   545:     4531.320     4531.950     4532.650     4533.670     4535.080
   550:     4535.760     4537.640     4538.650     4539.120     4540.180
   555:     4540.660     4543.060     4544.770     4545.490     4546.100
   560:     4547.570     4547.820     4547.840     4550.700     4551.820
   565:     4552.330     4552.810     4553.480     4554.720     4556.320
   570:     4556.810     4556.920     4556.950     4557.150     4557.740
   575:     4558.450     4560.340     4560.690     4564.030     4567.010
   580:     4567.860     4569.080     4573.040     4583.840     4584.080
   585:     4584.210     4603.960     4604.550     4604.670     4609.360
   590:     4609.550     4631.550     4631.850     4640.290     4642.260
   595:     4645.230     4645.620     4646.180     4646.460     4646.940
   600:     4647.110     4647.140     4648.500     4649.910     4650.140
   605:     4652.230     4655.180     4656.730     4658.340     4658.860
   610:     4660.140     4660.610     4666.920     4667.130     4667.440
   615:     4678.480     4678.640     4678.950     4679.800     4681.850
   620:     4683.200     4684.660     4685.050     4686.050     4686.440
   625:     4955.910     4967.410     4968.350     4970.470     4970.570
   630:     4970.670     4971.140     4973.810     4974.180     4974.200
   635:     4974.210     4975.780     4977.810     4980.190     4980.430
   640:     4980.530     4980.540     4980.590     4980.730     4982.120
   645:     4985.200     4987.200     4988.830     4988.870     4990.240
   650:     4991.880     4993.420     4994.740     4994.780     4996.150
   655:     4996.190     4997.260     4997.840     4998.330     4999.960
   660:     5000.010     5000.560     5001.340     5026.490     5026.700
   665:     5026.720     5026.780     5026.980     5027.950     5029.120
   670:     5029.710     5030.320     5030.520     5048.600     5048.630
   675:     5050.490     5056.640     5057.630     5057.640     5068.500
   680:     5079.440     5083.660     5087.260     5108.640     5108.810
   685:     5112.930     5113.070     5114.080     5114.450     5114.540
   690:     5115.500     5116.420     5116.720     5116.770     5117.020
   695:     5117.380     5119.860     5120.250     5121.800     5122.440
   700:     5122.540     5124.060     5124.950     5126.080     5127.300
   705:     5127.430     5128.510     5128.720     5129.190     5129.310
   710:     5129.440     5130.350     5135.880     5137.900     5138.810
   715:     5140.000     5140.770     5140.900     5141.420     5142.010
   720:     5142.360     5142.730     5144.640     5144.730     5145.440
   725:     5147.800     5148.430     5313.850     5314.570     5338.170
   730:     5339.470     5339.590     5341.050     5341.400     5341.540
   735:     5342.940     5343.160     5343.440     5343.510     5344.400
   740:     5350.080     5350.190     5350.350     5350.600     5350.840
   745:     5350.920     5351.050     5352.260     5352.300     5355.910
   750:     5651.630     5677.080     5677.620     5775.570     5775.590
   755:     5775.780     5775.860     5776.030     5779.230     5780.240
   760:     5780.440     5780.550     5780.650     5780.940     5803.650
   765:     5805.270     5805.930     5807.300     5808.480     5810.310
   770:     5812.440     5813.230     5814.450     5817.150     5818.840
   775:     5820.120     5820.790     5820.990     5821.320     5824.100
   780:     5824.470     5826.010     5826.500     5829.360     6335.850
   785:     6430.060     6433.630     6433.990     6456.440     6456.980
   790:     6484.760     6486.340     6608.020     6610.050     6713.890
   795:     6713.990     6714.150     6758.200     6758.750     6761.190
   800:     6774.820     6775.620     6777.510     6790.670     6844.810
   805:     6844.810     6844.810     6844.820     6844.820     6844.820
   810:     6844.820     6844.820     6848.150     6848.150     6848.820
   815:     6849.820     6849.820     6852.250     6854.810     6854.880
   820:     6856.180     6857.000     6857.300     6857.380     6857.500
   825:     6857.770     6857.810     6872.040     6872.870     6904.070
   830:     6909.110     6909.600     6909.850     6909.950     6910.020
   835:     6910.870     6910.910     6911.040     6911.110     6911.550
   840:     6911.600     6911.730     6912.010     6912.070     6912.470
   845:     6914.750     6914.970     6915.090     6915.390     6915.800
   850:     6915.950     6917.170     6918.790     6919.250     6937.440
   855:     6956.580     6957.750     6971.070     6971.340     6972.080
   860:     6975.220     6975.810     6976.460     6981.290     6981.340
   865:     6981.640     6983.570     6984.890     6985.120     6985.450
   870:     6986.680     6989.310     6990.620     6992.260     6993.840
   875:     6993.930     6993.980     6994.170     6994.250     6995.180
   880:     6995.580     7005.680     7008.270     7009.440     7011.050
   885:     7014.470     7016.260     7033.710     7034.990     7036.410
   890:     7037.060     7039.300     7043.350     7047.340     7047.800
   895:     7048.080     7053.930     7054.030     7055.430     7059.440
   900:     7059.520     7059.600     7060.820     7060.910     7061.230
   905:     7063.700     7069.290     7070.910     7071.460     7072.260
   910:     7072.900     7072.950     7077.890     7081.180     7084.680
   915:     7084.770     7084.820     7087.790     7088.510     7090.310
   920:     7091.120     7094.280     7095.000     7097.980     7100.160
   925:     7100.550     7101.570     7103.140     7105.160     7105.990
   930:     7106.430     7107.040     7109.690     7110.110     7110.360
   935:     7110.550     7111.090     7111.430     7111.590     7114.140
   940:     7114.280     7114.610     7115.060     7115.410     7116.800
   945:     7118.350     7118.810     7118.920     7122.070     7124.150
   950:     7124.170     7126.980     7127.650     7128.880     7130.160
   955:     7133.840     7134.850     7135.630     7135.970     7136.050
   960:     7136.110     7138.590     7139.280     7139.350     7140.510
   965:     7140.620     7141.530     7142.980     7143.520     7143.720
   970:     7144.170     7144.350     7144.560     7144.660     7145.110
   975:     7145.210     7146.980     7149.330     7149.460     7149.680
   980:     7149.890     7150.340     7150.610     7151.080     7151.290
   985:     7154.620     7154.700     7154.970     7155.430     7155.630
   990:     7156.250     7156.680     7156.750     7159.130     7160.790
   995:     7162.000     7163.430     7164.280     7164.420     7164.910
  1000:     7165.180     7171.210     7171.560     7172.680     7172.830
  1005:     7172.950     7174.030     7174.220     7175.030     7176.130
  1010:     7176.230     7178.240     7178.480     7186.590     7190.420
  1015:     7190.450     7190.880     7190.940     7191.190     7191.530
  1020:     7191.730     7193.520     7193.760     7194.140     7196.050
  1025:     7196.820     7196.920     7197.470     7197.510     7197.950
  1030:     7198.130     7198.290     7198.910     7199.280     7199.440
  1035:     7199.500     7199.950     7200.160     7200.320     7200.360
  1040:     7200.420     7203.530     7203.590     7204.350     7204.580
  1045:     7204.640     7210.160     7210.190     7223.050     7223.320
  1050:     7223.930     7224.150     7224.510     7224.590     7230.260
  1055:     7230.510     7230.780     7230.940     7231.180     7231.230
  1060:     7231.440     7231.540     7231.940     7232.040     7232.320
  1065:     7233.220     7233.450     7233.550     7233.600     7233.850
  1070:     7234.890     7235.040     7235.310     7235.410     7235.490
  1075:     7235.780     7235.820     7236.100     7236.900     7237.090
  1080:     7237.250     7237.520     7238.640     7238.840     7240.230
  1085:     7241.570     7241.910     7244.100     7244.940     7245.080
  1090:     7245.110     7245.280     7245.390     7247.060     7250.550
  1095:     7250.770     7250.900     7251.450     7251.730     7252.050
  1100:     7253.240     7256.780     7258.630     7259.460     7260.080
  1105:     7260.680     7261.850     7263.270     7263.470     7265.040
  1110:     7265.240     7265.410     7267.150     7268.300     7268.430
  1115:     7270.640     7271.370     7272.540     7272.700     7272.890
  1120:     7274.990     7301.250     7301.600     7301.850     7305.100
  1125:     7305.230     7305.740     7306.130     7306.570     7307.120
  1130:     7307.360     7307.950     7309.670     7309.760     7309.840
  1135:     7309.910     7310.410     7312.190     7312.200     7312.460
  1140:     7312.530     7312.680     7312.820     7312.870     7313.330
  1145:     7313.400     7313.710     7313.770     7314.310     7314.350
  1150:     7314.440     7314.590     7315.770     7316.420     7318.610
  1155:     7318.850     7318.860     7320.010     7320.100     7320.260
  1160:     7335.770     7343.750     7344.100     7344.280     7346.480
  1165:     7346.570     7346.630     7350.270     7350.350     7350.400
  1170:     7351.990     7352.050     7353.260     7353.410     7353.670
  1175:     7353.790     7353.950     7356.240     7356.690     7357.630
  1180:     7357.770     7357.850     7357.860     7357.920     7357.970
  1185:     7357.980     7358.010     7358.610     7359.100     7359.210
  1190:     7359.520     7360.670     7360.770     7360.900     7361.560
  1195:     7362.100     7362.750     7364.320     7365.310     7366.050
  1200:     7366.440     7366.640     7367.780     7367.820     7396.380
  1205:     7405.440     7405.540     7405.700     7423.180     7427.850
  1210:     7429.470     7435.770     7438.560     7444.940     7445.410
  1215:     7446.990     7447.530     7452.680     7460.450     7460.640
  1220:     7460.670     7471.090     7471.270     7481.190     7481.860
  1225:     7482.680     7483.480     7484.950     7489.290     7490.290
  1230:     7490.710     7491.090     7495.040     7495.110     7496.090
  1235:     7499.040     7499.220     7500.690     7502.270     7502.520
  1240:     7502.770     7513.240     7540.000     7540.310     7546.550
  1245:     7546.620     7548.750     7548.910     7548.970     7549.150
  1250:     7555.170     7555.390     7557.120     7559.450     7559.610
  1255:     7559.720     7562.050     7564.370     7564.540     7564.650
  1260:     7567.250     7567.290     7567.350     7567.430     7567.470
  1265:     7567.540     7568.360     7568.420     7568.770     7568.840
  1270:     7570.960     7571.010     7571.140     7571.300     7571.550
  1275:     7575.870     7576.050     7588.080     7588.740     7590.140
  1280:     7591.850     7592.970     7593.140     7593.160     7594.160
  1285:     7594.260     7594.370     7594.560     7596.100     7601.410
  1290:     7605.500     7605.750     7606.080     7606.300     7620.960
  1295:     7621.320     7634.870     7635.540     7636.780     7664.000
  1300:     7664.690     7664.860     7668.730     7672.570     7687.810
  1305:     7688.090     7688.960     7694.630     7694.940     7694.970
  1310:     7695.120     7695.130     7700.400     7711.210     7713.170
  1315:     7719.940     7766.870     7775.810     7777.720     7782.850
  1320:     7782.890     7782.990     7783.420     7783.470     7783.730
  1325:     7784.040     7789.230     7791.450     7800.070     7800.240
  1330:     7800.510     7801.430     7801.600     7801.640     7801.650
  1335:     7801.970     7806.770     7806.840     7806.960     7807.140
  1340:     7807.200     7807.630     7817.880     7818.080     7829.530
  1345:     7837.680     7870.330     7870.950     7871.590     7897.360
  1350:     7946.570     7946.910     7988.300     7990.180     8000.350
  1355:     8007.120     8050.690     8098.290     8100.300     8101.010
  1360:     8102.470     8102.680     8102.750     8102.920     8103.040
  1365:     8103.080     8103.270     8103.350     8103.550     8104.480
  1370:     8104.590     8104.980     8105.010     8105.530     8105.710
  1375:     8105.790     8105.860     8105.930     8106.420     8106.460
  1380:     8106.570     8107.140     8107.290     8110.520     8110.590
  1385:     8112.120     8113.590     8113.630     8117.530     8118.740
  1390:     8121.020     8121.350     8121.630     8122.860     8126.400
  1395:     8151.730     8152.000     8152.330     8169.200     8169.430
  1400:     8176.070     8183.960     8224.330     8224.560     8249.800
  1405:     8256.560     8257.510     8259.860     8274.030     8277.560
  1410:     8277.610     8277.660     8277.980     8280.720     8280.960
  1415:     8281.330     8283.650     8286.100     8286.130     8286.900
  1420:     8286.910     8297.710     8298.040     8298.320     8298.490
  1425:     8305.490     8305.540     8305.850     8305.920     8335.230
  1430:     8336.080     8336.300     8337.250     8344.660     8344.950
  1435:     8344.970     8345.330     8348.190     8353.720     8438.640
  1440:     8438.710     8438.920     8439.080     8439.230     8439.340
  1445:     8439.670     8446.390     8466.130     8466.750     8467.610
  1450:     8469.240     8474.610     8489.310     8489.350     8489.450
  1455:     8489.660     8491.870     8492.210     8510.180     8517.290
  1460:     8517.350     8517.940     8520.230     8520.480     8521.400
  1465:     8521.440     8521.560     8521.650     8521.710     8552.640
  1470:     8561.370     8561.390     8561.440     8561.480     8561.540
  1475:     8561.640     8562.030     8562.120     8575.710     8591.380
  1480:     8591.790     8591.880     8592.850     8593.010     8598.750
  1485:     8622.300     8622.480     8622.530     8622.690     8641.460
  1490:     8643.480     8651.370     8655.970     8660.310     8661.600
  1495:     8662.950     8678.440     8725.730     8725.850     8729.480
  1500:     8730.810     8730.970     8731.340     8731.660     8734.710
  1505:     8735.410     8735.610     8735.630     8739.940     8751.070
  1510:     8756.000     8756.030     8756.430     8762.080     8789.310
  1515:     8789.950     8789.980     8790.000     8790.110     8790.340
  1520:     8790.390     8790.840     8790.990     8791.980     8792.990
  1525:     8793.160     8793.190     8809.550     8848.260     8848.350
  1530:     8848.700     8848.950     8970.090     8970.380     8971.760
  1535:     8974.390     9016.320     9016.340     9016.410     9016.440
  1540:     9085.440     9094.080     9094.590     9120.980     9121.010
  1545:     9121.110     9121.320     9123.330     9123.380     9123.430
  1550:     9124.280     9124.480     9130.690     9131.680     9132.200
  1555:     9132.310     9144.970     9526.920     9527.320     9531.910
  1560:     9559.280     9570.590     9582.100     9583.270     9617.410
  1565:     9632.880     9633.030     9640.370     9641.010     9641.040
  1570:     9641.150     9642.340     9642.590     9642.960     9643.200
  1575:     9643.680     9645.770     9645.980     9646.330     9646.550
  1580:     9648.490     9648.780     9648.830     9649.970     9651.100
  1585:     9651.170     9651.280     9652.060     9652.510     9652.660
  1590:     9652.850     9652.980     9657.860     9658.340     9662.390
  1595:     9663.050     9663.100     9664.010     9664.080     9665.090
  1600:     9665.200     9665.550     9666.340     9666.470     9668.390
  1605:     9668.420     9669.220     9669.380     9669.700     9669.770
  1610:     9670.060     9670.210     9670.370     9670.460     9670.900
  1615:     9671.060     9671.280     9671.740     9671.860     9672.020
  1620:     9672.110     9672.930     9673.110     9673.240     9673.420
  1625:     9673.430     9673.680     9673.690     9673.860     9673.880
  1630:     9673.920     9674.070     9674.630     9675.560     9676.090
  1635:     9676.240     9677.430     9677.570     9677.880     9677.910
  1640:     9678.080     9679.490     9679.520     9679.850     9679.950
  1645:     9681.160     9681.250     9681.400     9681.740     9681.760
  1650:     9681.950     9682.020     9682.100     9682.950     9683.360
  1655:     9683.480     9683.510     9683.620     9683.670     9683.770
  1660:     9683.830     9685.080     9685.780     9685.990     9686.040
  1665:     9686.490     9686.510     9686.650     9687.060     9687.480
  1670:     9688.030     9688.200     9688.580     9688.640     9689.150
  1675:     9689.480     9689.580     9689.670     9689.920     9690.030
  1680:     9690.080     9690.130     9690.260     9690.370     9690.400
  1685:     9690.760     9691.130     9691.300     9691.860     9692.580
  1690:     9692.740     9695.280     9695.490     9696.020     9696.180
  1695:     9696.250     9696.500     9696.610     9697.330     9697.370
  1700:     9698.440     9698.810     9699.140     9699.390     9700.300
  1705:     9704.610     9743.870     9745.180     9745.310     9745.860
  1710:     9745.940     9746.020     9746.060     9746.120     9746.240
  1715:     9746.330     9756.300     9756.850     9757.650     9757.680
  1720:     9757.820     9758.510     9759.290     9759.950     9760.270
  1725:     9762.260     9763.680     9765.160     9765.330     9765.430
  1730:     9766.030     9766.480     9766.680     9767.820     9768.010
  1735:     9768.060     9768.240     9768.400     9768.470     9776.090
  1740:     9776.130     9776.190     9776.890     9777.010     9777.610
  1745:     9777.820     9777.880     9777.920     9777.930     9778.360
  1750:     9778.400     9778.690     9778.790     9778.830     9779.350
  1755:     9779.420     9780.540     9781.830     9782.100     9782.630
  1760:     9783.940     9784.170     9784.220     9786.200     9786.260
  1765:     9786.380     9786.490     9786.550     9787.480     9787.580
  1770:     9787.610     9787.730     9787.800     9787.910     9788.310
  1775:     9788.690     9788.740     9789.090     9789.980     9835.330
  1780:     9859.750     9861.690     9861.770     9889.340     9895.230
  1785:     9914.190     9914.310     9921.990     9922.090     9957.790
  1790:     9960.640     9961.000     9968.180     9968.250     9968.460
  1795:     9968.690     9983.970     9990.170     9990.320    10008.290
  1800:    10087.920    10090.330    10090.620    10090.920    10104.280
  1805:    10104.620    10129.370    10129.530    10129.580    10129.840
  1810:    10132.400    10132.430    10132.540    10157.680    10157.960
  1815:    10158.610    10158.880    10159.740    10177.750    10178.500
  1820:    10179.270    10186.550    10188.300    10216.450    10216.720
  1825:    10260.930    10275.740    10278.040    10278.580    10278.640
  1830:    10278.660    10278.710    10279.110    10279.240    10284.250
  1835:    10284.360    10284.980    10330.740    10331.480    10332.500
  1840:    10334.260    10337.620    10341.180    10362.370    10367.110
  1845:    10367.110    10367.110    10367.120    10367.120    10367.120
  1850:    10367.120    10367.120    10369.970    10371.120    10372.120
  1855:    10372.120    10373.150    10374.500    10375.730    10376.060
  1860:    10377.110    10377.220    10377.380    10377.840    10378.200
  1865:    10378.750    10379.080    10379.190    10379.260    10390.060
  1870:    10400.500    10427.750    10429.260    10467.290    10468.390
  1875:    10472.240    10473.080    10473.180    10473.230    10473.320
  1880:    10473.690    10474.600    10474.920    10480.300    10480.410
  1885:    10482.710    10483.340    10483.670    10484.850    10484.890
  1890:    10485.160    10485.290    10485.370    10492.830    10493.590
  1895:    10498.230    10498.330    10499.740    10502.410    10502.760
  1900:    10502.980    10503.320    10503.430    10504.690    10505.090
  1905:    10506.150    10506.240    10506.300    10507.760    10507.950
  1910:    10508.880    10509.530    10509.810    10516.090    10516.270
  1915:    10520.840    10520.880    10529.030    10532.020    10534.040
  1920:    10534.750    10534.850    10535.040    10535.160    10535.300
  1925:    10535.690    10537.400    10537.520    10539.650    10542.050
  1930:    10589.500    10591.070    10592.000    10593.100    10593.720
  1935:    10593.780    10593.820    10594.270    10596.430    10598.470
  1940:    10627.050    10627.770    10628.300    10630.060    10631.720
  1945:    10631.880    10637.210    10638.120    10638.850    10639.080
  1950:    10640.010    10640.140    10640.790    10640.940    10641.050
  1955:    10644.100    10644.310    10645.080    10645.250    10645.280
  1960:    10645.300    10654.170    10654.450    10655.050    10655.370
  1965:    10655.400    10800.010
