File: C:\MED-PC IV\DATA\!2025-09-03_13h31m.Subject T14



Start Date: 09/03/25
End Date: 09/03/25
Subject: T14
Experiment: OralFentSA
Group: One
Box: 2
Start Time: 13:31:56
End Time: 16:32:00
MSN: Golden_Liq_SelfAdmin_LIT
F:       0.000
G:     971.000
H:   10800.010
I:       0.000
J:       0.000
K:       0.000
L:       0.000
M:       0.000
N:       0.000
O:       0.000
P:       0.000
Q:       0.000
R:       0.000
S:       0.000
U:       0.000
V:       0.000
W:       0.000
X:       0.000
Y:       0.000
Z:       0.000
A:
     0:        0.000        0.000      180.000        4.000        0.000
     5:        5.000        0.000        5.000        0.000        0.000
    10:        1.000        0.000       10.000 300000000.00       21.000
    15:       13.000      320.000        0.000        0.000        0.000
    20:        0.000
B:
     0:        0.000        0.000        0.000      400.000        0.000
     5:      500.000        0.000      500.000        0.000        0.000
    10:        0.000        0.000     1000.000 30000000000.        0.000
    15:        0.000        0.000        0.000        0.000        0.000
    20:        0.000
C:
     0:       13.000       14.000        0.000       15.000      796.000
     5:    10715.230        4.490       13.000      196.790       15.138
    10:       15.000       11.000        0.000        0.000        0.000
    15:        0.000        0.000        0.000        0.000        0.000
    20:        0.000
D:
     0:        2.860        3.670        1.400        9.110       19.920
     5:        9.320        8.610       57.170        7.940        1.340
    10:       59.810       11.150        4.490
E:
     0:       19.000       11.000       26.000       27.000        6.000
     5:        6.000        6.000        6.000        6.000        6.000
    10:        6.000        6.000        6.000        6.000        6.000
    15:        6.000        6.000        6.000        6.000        6.000
    20:        6.000        6.000        6.000        6.000        6.000
    25:        6.000        6.000        6.000        6.000        6.000
    30:        6.000        6.000        6.000        6.000        6.000
    35:        6.000        6.000        6.000        6.000        6.000
    40:        6.000        6.000        6.000        6.000        6.000
    45:        6.000        6.000        6.000       23.000       23.000
    50:       23.000        6.000        6.000        6.000        6.000
    55:        6.000        6.000        6.000        6.000        6.000
    60:        6.000        6.000        6.000        6.000        6.000
    65:        6.000        6.000        6.000        6.000        6.000
    70:        2.000        4.000       22.000       24.000       13.000
    75:        8.000        5.000       17.000        6.000       18.000
    80:       14.000       10.000       19.000        6.000        6.000
    85:        6.000        6.000        6.000        6.000        6.000
    90:        6.000        6.000        6.000        6.000        6.000
    95:        6.000        6.000        6.000        6.000        6.000
   100:        6.000       23.000       23.000        6.000        6.000
   105:        6.000        6.000        6.000        6.000        6.000
   110:        6.000        6.000        6.000        6.000        6.000
   115:        6.000        6.000        6.000        6.000        6.000
   120:        6.000        6.000        6.000        6.000        6.000
   125:        6.000        6.000        6.000        6.000        6.000
   130:        6.000        6.000        6.000        6.000        6.000
   135:        6.000        6.000        6.000        6.000        6.000
   140:        6.000        6.000        6.000        6.000        6.000
   145:        6.000        6.000        6.000        6.000        6.000
   150:        6.000        6.000        6.000        6.000        6.000
   155:        2.000        4.000       22.000       24.000       13.000
   160:        8.000        5.000       17.000        6.000       18.000
   165:       14.000       10.000       19.000        6.000        6.000
   170:        6.000        6.000        6.000        6.000        6.000
   175:        6.000        6.000        6.000        6.000        6.000
   180:        6.000        6.000        6.000        6.000        6.000
   185:        6.000        6.000        6.000        6.000        6.000
   190:        6.000        6.000        6.000        6.000        6.000
   195:        6.000        6.000        6.000        6.000        6.000
   200:        6.000        6.000        6.000        6.000        6.000
   205:        6.000        6.000        6.000        6.000        6.000
   210:        6.000        6.000        6.000        6.000        6.000
   215:        6.000        6.000        6.000        6.000        6.000
   220:        6.000        6.000        6.000        6.000        6.000
   225:        6.000        6.000        6.000        6.000        6.000
   230:        6.000        6.000        6.000        6.000        6.000
   235:        6.000        6.000        6.000        6.000        6.000
   240:        6.000        6.000        6.000        6.000        6.000
   245:        6.000        6.000        6.000        6.000        6.000
   250:        6.000        6.000        6.000        6.000        6.000
   255:        6.000        6.000        6.000        6.000        6.000
   260:        6.000        6.000        6.000        6.000        6.000
   265:        6.000        6.000        6.000        6.000        6.000
   270:        6.000        6.000        6.000        6.000        6.000
   275:        6.000        6.000        6.000        6.000        6.000
   280:        6.000        6.000        6.000        6.000        6.000
   285:        6.000       23.000        6.000        6.000        6.000
   290:        6.000        6.000        6.000        6.000        6.000
   295:        6.000        6.000        6.000        6.000        6.000
   300:        6.000        6.000        6.000        6.000        6.000
   305:        6.000        6.000        6.000        6.000        6.000
   310:        6.000        6.000        6.000        6.000        6.000
   315:        6.000        6.000        6.000        6.000        2.000
   320:        4.000       22.000       24.000       13.000        8.000
   325:        5.000       17.000        6.000       18.000       14.000
   330:       10.000       19.000        2.000        4.000       22.000
   335:       24.000       13.000        8.000        5.000       17.000
   340:       21.000       22.000       18.000       14.000       10.000
   345:        6.000       19.000        6.000        6.000        6.000
   350:        6.000        6.000        6.000        6.000        6.000
   355:        2.000        4.000       22.000       24.000       13.000
   360:        8.000        5.000       17.000       18.000       14.000
   365:       10.000       19.000        6.000        6.000        6.000
   370:        6.000        6.000        6.000        6.000        6.000
   375:        6.000        6.000        6.000        6.000        6.000
   380:        6.000        6.000        6.000        6.000        6.000
   385:        6.000        6.000        6.000        6.000        6.000
   390:        6.000        6.000        6.000        6.000        6.000
   395:        6.000        6.000        6.000        6.000        6.000
   400:        6.000        6.000        6.000        6.000        6.000
   405:        6.000        6.000        6.000        6.000        6.000
   410:        6.000        6.000        6.000        6.000        6.000
   415:        6.000        6.000        6.000        6.000        6.000
   420:        6.000        6.000        6.000        6.000        2.000
   425:        4.000       22.000       24.000       13.000        8.000
   430:        5.000       17.000       18.000       14.000       10.000
   435:        6.000       19.000        2.000        4.000       22.000
   440:       24.000       13.000        8.000        5.000       17.000
   445:       18.000       14.000       10.000        6.000       19.000
   450:        6.000        6.000        6.000        6.000        6.000
   455:        6.000        6.000        6.000        6.000        6.000
   460:        6.000        6.000        6.000        6.000        6.000
   465:        6.000        6.000        6.000        6.000        6.000
   470:        6.000        6.000        6.000        6.000        6.000
   475:        6.000        6.000        6.000        6.000        6.000
   480:        6.000        6.000        6.000        6.000        6.000
   485:        6.000        6.000        6.000        6.000        6.000
   490:        2.000        4.000       22.000       24.000       13.000
   495:        8.000        5.000       17.000       18.000       14.000
   500:       10.000       19.000        6.000       23.000        6.000
   505:        6.000        6.000        6.000        2.000        4.000
   510:       22.000       24.000       13.000        8.000        5.000
   515:       17.000       18.000       14.000       10.000        6.000
   520:        6.000       19.000        6.000        6.000        6.000
   525:        6.000        6.000        6.000        6.000        6.000
   530:        6.000        6.000        6.000        6.000        6.000
   535:        6.000        6.000        6.000        6.000        6.000
   540:        6.000        6.000        6.000        6.000        6.000
   545:        6.000        6.000        6.000        6.000        6.000
   550:       23.000        6.000        6.000        6.000        6.000
   555:        6.000        6.000        6.000        6.000        6.000
   560:        6.000        6.000        6.000        6.000        6.000
   565:        6.000        6.000        6.000        6.000        6.000
   570:        6.000        6.000        6.000        6.000        6.000
   575:        6.000        6.000        6.000        6.000        6.000
   580:        6.000        6.000        6.000        6.000        6.000
   585:        6.000        6.000        6.000        6.000        6.000
   590:        6.000        6.000        6.000        6.000        6.000
   595:        6.000        6.000        2.000        4.000       22.000
   600:       24.000       13.000        8.000        5.000       17.000
   605:        6.000       18.000       14.000       10.000       19.000
   610:        6.000        6.000        6.000        6.000        6.000
   615:        6.000        6.000        6.000        6.000        6.000
   620:        6.000        6.000        6.000        6.000        6.000
   625:        6.000        6.000        6.000        6.000        6.000
   630:        6.000        6.000        6.000        6.000        6.000
   635:        6.000        6.000        6.000        6.000        6.000
   640:        6.000        6.000        6.000        6.000        6.000
   645:        6.000        6.000        6.000        6.000        6.000
   650:        6.000        6.000        6.000        6.000        6.000
   655:        6.000        6.000        6.000        6.000        6.000
   660:        6.000        6.000        6.000        6.000        6.000
   665:        6.000        6.000        6.000        6.000        6.000
   670:        6.000        6.000        6.000        6.000        6.000
   675:        6.000        6.000        6.000        6.000        6.000
   680:        6.000        6.000        6.000        6.000        6.000
   685:        6.000        6.000        6.000        6.000        6.000
   690:        6.000        6.000        6.000        6.000        6.000
   695:        6.000        6.000        6.000        6.000        6.000
   700:        6.000        6.000        6.000        6.000        6.000
   705:        6.000       23.000        6.000        6.000        6.000
   710:        6.000        6.000        6.000        6.000        6.000
   715:        6.000        6.000        6.000        6.000        6.000
   720:        6.000        6.000        6.000        6.000        6.000
   725:        6.000        6.000        6.000        6.000        6.000
   730:        6.000        6.000        6.000        6.000        6.000
   735:        6.000        6.000        6.000        6.000        6.000
   740:        6.000        6.000        6.000        6.000        6.000
   745:        6.000        6.000        6.000        6.000        6.000
   750:        6.000        6.000        6.000        6.000        6.000
   755:        6.000        6.000        6.000        6.000        6.000
   760:        6.000        6.000       23.000       23.000        6.000
   765:        6.000        6.000        6.000        6.000        6.000
   770:        6.000        6.000        6.000        6.000        6.000
   775:        6.000        6.000        6.000        6.000        6.000
   780:        6.000        6.000        6.000        6.000        6.000
   785:        6.000        6.000        6.000        6.000        6.000
   790:        6.000        6.000        6.000        6.000        6.000
   795:        6.000        6.000        6.000        6.000        6.000
   800:        6.000        6.000        6.000        6.000        6.000
   805:        6.000        6.000        6.000        6.000        6.000
   810:        2.000        4.000       22.000       24.000       13.000
   815:        8.000        5.000       17.000       18.000       14.000
   820:       10.000       19.000        6.000        6.000        6.000
   825:        6.000        6.000        6.000        6.000        6.000
   830:        6.000        6.000        6.000        6.000        6.000
   835:        6.000        6.000        6.000        6.000        6.000
   840:        6.000        6.000        6.000        6.000        6.000
   845:        6.000        6.000        6.000        6.000        6.000
   850:        6.000        6.000        6.000        6.000        6.000
   855:        6.000        6.000        6.000        6.000        6.000
   860:        6.000        6.000        6.000        6.000        6.000
   865:        6.000        6.000        6.000        6.000        6.000
   870:        6.000        6.000        6.000        6.000        6.000
   875:        6.000        6.000        6.000        6.000        6.000
   880:        6.000        6.000        6.000        6.000        6.000
   885:        6.000        6.000        6.000        6.000        6.000
   890:        6.000        6.000        6.000        6.000        6.000
   895:        6.000        6.000        6.000        6.000        6.000
   900:        6.000        6.000        6.000        6.000        6.000
   905:        6.000        6.000        6.000        6.000        6.000
   910:        6.000        6.000        6.000        6.000        6.000
   915:        6.000        6.000        6.000        6.000        2.000
   920:        4.000       22.000       24.000       13.000        8.000
   925:        5.000       17.000       18.000       14.000       10.000
   930:       19.000        6.000        6.000        6.000        2.000
   935:        4.000       22.000       24.000       13.000        8.000
   940:        5.000       17.000       21.000       22.000       18.000
   945:        6.000       14.000       10.000       19.000        6.000
   950:        6.000        6.000        6.000        6.000        6.000
   955:        6.000        6.000        6.000        6.000        6.000
   960:        6.000        6.000        6.000        6.000        6.000
   965:        6.000        6.000        6.000        6.000        6.000
   970:        6.000      100.000
T:
     0:        0.000        0.000        0.000        0.000        0.310
     5:        2.080        2.230        5.600        5.730        7.170
    10:       22.420       23.340       27.590       69.990       71.470
    15:       71.700       71.770       72.440      126.940      126.990
    20:      127.540      128.520      132.270      134.280      141.370
    25:      141.750      143.090      208.230      232.030      232.150
    30:      232.310      249.140      249.280      249.450      254.970
    35:      255.430      317.370      320.790      347.610      348.040
    40:      361.490      369.340      369.630      370.750      371.700
    45:      372.100      372.400      382.910      441.840      443.310
    50:      445.330      479.630      479.980      498.970      499.120
    55:      502.190      502.750      506.160      507.650      507.840
    60:      508.140      508.950      508.980      531.630      533.290
    65:      538.830      541.060      541.220      558.990      566.260
    70:      596.690      596.690      596.690      596.700      596.700
    75:      596.700      596.700      596.700      599.560      600.700
    80:      601.700      601.700      606.690      646.500      647.570
    85:      647.760      647.900      656.760      656.810      656.940
    90:      687.150      704.070      705.990      712.990      714.660
    95:      714.940      716.510      716.560      716.740      717.100
   100:      720.920      736.810      739.450      748.610      748.900
   105:      757.270      758.580      762.830      775.830      776.050
   110:      777.490      777.780      777.880      778.520      778.820
   115:      780.040      793.410      799.790      803.100      804.530
   120:      805.940      806.190      806.440      806.530      806.850
   125:      806.960      810.330      838.040      853.140      854.520
   130:      854.580      854.620      854.890      858.490      858.630
   135:      858.960      859.700      869.540      949.450     1034.090
   140:     1040.770     1041.140     1049.900     1056.310     1056.590
   145:     1056.920     1056.990     1057.080     1057.150     1085.890
   150:     1118.140     1165.820     1166.210     1198.110     1257.920
   155:     1297.560     1297.560     1297.560     1297.570     1297.570
   160:     1297.570     1297.570     1297.570     1301.240     1301.570
   165:     1302.570     1302.570     1307.560     1311.690     1316.010
   170:     1318.780     1321.530     1323.020     1324.080     1325.680
   175:     1327.570     1327.890     1328.610     1329.040     1329.740
   180:     1333.140     1334.470     1335.300     1454.740     1618.660
   185:     1618.970     2034.000     2034.260     2045.160     2045.980
   190:     2046.770     2047.460     2048.040     2049.360     2072.060
   195:     2072.480     2076.100     2077.720     2077.780     2078.170
   200:     2078.300     2080.140     2080.420     2086.840     2087.890
   205:     2115.840     2116.070     2116.450     2117.220     2130.950
   210:     2132.080     2151.890     2152.090     2170.940     2173.430
   215:     2173.860     2174.270     2182.010     2182.100     2182.630
   220:     2220.250     2247.740     2248.150     2254.460     2260.000
   225:     2262.450     2262.680     2266.850     2267.370     2267.440
   230:     2267.640     2267.810     2278.900     2282.050     2282.070
   235:     2282.440     2283.140     2283.860     2285.710     2286.400
   240:     2286.470     2287.070     2287.920     2287.960     2287.980
   245:     2288.310     2293.890     2295.230     2295.780     2296.060
   250:     2297.400     2297.850     2298.020     2298.190     2300.470
   255:     2301.200     2301.750     2302.200     2302.240     2318.890
   260:     2337.370     2339.440     2339.680     2339.980     2340.160
   265:     2340.190     2340.630     2353.480     2380.850     2387.500
   270:     2387.620     2387.690     2388.100     2388.950     2389.610
   275:     2389.990     2390.530     2390.630     2418.430     2418.570
   280:     2419.470     2419.880     2421.150     2431.940     2433.210
   285:     2472.810     2486.920     2490.940     2505.340     2506.170
   290:     2511.760     2512.870     2513.280     2515.660     2516.500
   295:     2517.500     2521.430     2527.130     2598.300     2600.120
   300:     2600.320     2660.440     2802.000     2802.170     2802.540
   305:     2803.490     2803.600     2803.740     2812.840     2851.420
   310:     2851.880     2887.340     2998.460     2998.850     2998.940
   315:     2999.280     3192.110     3192.820     3204.250     3243.640
   320:     3243.640     3243.640     3243.650     3243.650     3243.650
   325:     3243.650     3243.650     3245.050     3247.650     3248.650
   330:     3248.650     3253.640     3259.870     3259.870     3259.870
   335:     3259.880     3259.880     3259.880     3259.880     3259.880
   340:     3261.100     3261.100     3263.880     3264.880     3264.880
   345:     3268.990     3269.870     3270.190     3270.400     3279.370
   350:     3282.400     3282.820     3284.590     3284.810     3285.620
   355:     3298.530     3298.530     3298.530     3298.540     3298.540
   360:     3298.540     3298.540     3298.540     3302.540     3303.540
   365:     3303.540     3308.530     3318.460     3321.140     3321.230
   370:     3321.350     3321.960     3322.390     3323.980     3326.610
   375:     3327.000     3327.520     3327.790     3327.880     3334.000
   380:     3334.740     3335.270     3335.400     3341.460     3342.220
   385:     3342.290     3351.050     3351.240     3351.460     3353.080
   390:     3354.770     3355.040     3357.070     3372.190     3396.520
   395:     3396.560     3397.350     3397.950     3417.070     3418.520
   400:     3420.280     3424.340     3425.020     3425.450     3429.740
   405:     3448.370     3448.440     3448.470     3450.700     3450.790
   410:     3475.140     3475.430     3475.680     3478.220     3513.560
   415:     3513.880     3515.140     3515.390     3515.730     3515.880
   420:     3516.620     3561.550     3561.730     3576.210     3579.150
   425:     3579.150     3579.150     3579.160     3579.160     3579.160
   430:     3579.160     3579.160     3583.160     3584.160     3584.160
   435:     3588.480     3589.150     3632.620     3632.620     3632.620
   440:     3632.630     3632.630     3632.630     3632.630     3632.630
   445:     3636.630     3637.630     3637.630     3641.240     3642.620
   450:     3676.350     3676.960     3774.540     3808.030     3808.650
   455:     3808.810     3847.440     4185.470     4185.750     4185.970
   460:     4260.260     4260.340     4261.690     4263.200     4268.130
   465:     4270.630     4307.260     4308.210     4378.180     4379.500
   470:     4379.730     4478.890     4479.150     4479.470     4479.970
   475:     4619.910     4756.470     4901.640     4924.990     5275.150
   480:     5420.600     5424.220     5425.630     5465.550     5518.740
   485:     5521.560     5563.610     5601.500     5623.620     5623.800
   490:     5763.120     5763.120     5763.120     5763.130     5763.130
   495:     5763.130     5763.130     5763.130     5767.130     5768.130
   500:     5768.130     5773.120     5820.300     6162.080     6169.950
   505:     6215.480     6308.560     6308.820     6349.560     6349.560
   510:     6349.560     6349.570     6349.570     6349.570     6349.570
   515:     6349.570     6353.570     6354.570     6354.570     6357.510
   520:     6359.420     6359.560     6363.900     6365.930     6366.040
   525:     6386.970     6396.580     6397.510     6412.690     6426.650
   530:     6447.480     6447.710     6449.220     6449.360     6449.490
   535:     6469.090     6484.750     6484.970     6485.000     6495.650
   540:     6497.040     6498.970     6509.890     6511.270     6511.490
   545:     6511.660     6512.320     6528.040     6531.770     6532.030
   550:     6553.820     6566.310     6568.400     6568.650     6572.340
   555:     6573.710     6585.340     6585.640     6586.840     6616.640
   560:     6616.890     6621.260     6621.940     6622.350     6622.390
   565:     6622.430     6623.530     6632.420     6641.310     6686.600
   570:     6728.990     6734.290     6734.410     6734.660     6739.160
   575:     6739.650     6740.650     6746.880     6746.970     6747.630
   580:     6747.890     6752.550     6758.400     6758.430     6761.030
   585:     6766.080     6766.340     6768.450     6769.820     6770.120
   590:     6805.780     6817.250     6817.910     6828.350     6830.240
   595:     6830.310     6830.610     6831.930     6831.930     6831.930
   600:     6831.940     6831.940     6831.940     6831.940     6831.940
   605:     6833.280     6835.940     6836.940     6836.940     6841.930
   610:     6863.460     6863.610     6899.720     7004.830     7005.130
   615:     7061.340     7061.830     7178.130     7178.520     7231.080
   620:     7231.410     7232.530     7233.940     7369.160     7370.290
   625:     7370.690     7370.830     7385.900     7395.400     7403.010
   630:     7403.400     7410.900     7411.920     7422.980     7423.080
   635:     7423.170     7423.270     7423.400     7438.460     7439.090
   640:     7439.320     7449.520     7468.000     7468.070     7470.150
   645:     7470.760     7470.880     7471.000     7471.190     7528.470
   650:     7528.530     7556.540     7558.200     7604.600     7623.050
   655:     7623.300     7624.970     7625.390     7648.100     7648.860
   660:     7683.540     7684.410     7684.660     7685.200     7688.210
   665:     7688.480     7689.420     7690.840     7691.900     7708.030
   670:     7729.280     7772.910     7919.280     7923.280     7936.810
   675:     7944.130     7944.870     7945.090     7945.740     7945.960
   680:     7978.260     7978.440     7978.800     7982.270     8150.390
   685:     8151.040     8172.700     8172.950     8173.690     8173.730
   690:     8207.670     8212.920     8217.120     8288.810     8404.770
   695:     8477.160     8590.870     8597.540     8650.350     8650.980
   700:     8719.710     8719.840     8720.570     9073.570     9077.780
   705:     9078.030     9081.570     9089.350     9091.300     9091.700
   710:     9096.560     9096.690     9097.370     9104.800     9105.400
   715:     9105.600     9107.210     9107.370     9141.250     9198.360
   720:     9198.570     9217.020     9218.170     9220.040     9232.710
   725:     9258.540     9268.340     9269.060     9269.270     9269.460
   730:     9269.670     9272.610     9273.630     9273.710     9274.570
   735:     9275.110     9275.450     9294.320     9295.200     9303.690
   740:     9303.790     9323.690     9326.370     9326.390     9328.370
   745:     9328.580     9330.170     9331.110     9331.200     9331.440
   750:     9331.510     9331.540     9331.640     9344.720     9345.630
   755:     9357.200     9357.600     9371.610     9382.100     9382.690
   760:     9384.940     9387.130     9402.910     9404.030     9439.010
   765:     9450.580     9456.770     9457.050     9461.550     9461.820
   770:     9462.500     9463.220     9466.060     9466.620     9474.040
   775:     9474.070     9474.310     9480.530     9483.380     9484.820
   780:     9484.900     9505.790     9539.510     9540.940     9541.000
   785:     9605.790     9630.780     9666.450     9666.510     9668.110
   790:     9685.180     9698.260     9698.890     9699.100     9699.190
   795:     9699.670     9703.590     9703.620     9749.490     9749.830
   800:     9752.190     9752.330     9752.620     9815.250     9815.330
   805:     9817.800     9817.930     9818.020     9818.300     9818.430
   810:     9840.070     9840.070     9840.070     9840.080     9840.080
   815:     9840.080     9840.080     9840.080     9844.080     9845.080
   820:     9845.080     9850.070     9899.890     9899.950     9903.160
   825:     9903.680     9906.350     9906.420     9907.650     9908.750
   830:     9908.950     9911.990     9912.300     9913.450     9913.690
   835:     9952.260     9952.510     9952.560     9989.590     9989.940
   840:     9990.480     9990.630     9991.150     9991.250     9991.510
   845:     9998.270     9998.350     9998.660    10032.240    10032.680
   850:    10040.140    10098.200    10099.220    10101.510    10462.330
   855:    10474.960    10512.640    10512.950    10521.490    10533.160
   860:    10533.820    10534.380    10534.430    10535.200    10535.470
   865:    10536.210    10536.300    10536.400    10544.980    10545.300
   870:    10546.640    10546.890    10546.910    10549.690    10551.860
   875:    10551.960    10552.000    10552.520    10552.710    10552.780
   880:    10552.950    10553.250    10553.290    10553.680    10554.820
   885:    10572.360    10572.770    10573.160    10576.240    10576.920
   890:    10577.090    10577.160    10577.390    10577.500    10577.760
   895:    10577.860    10578.140    10578.200    10578.360    10586.950
   900:    10587.370    10587.390    10589.860    10592.570    10593.870
   905:    10594.550    10595.010    10595.660    10596.660    10596.890
   910:    10613.870    10639.820    10640.670    10646.540    10646.640
   915:    10647.360    10648.810    10649.570    10650.210    10652.640
   920:    10652.640    10652.640    10652.650    10652.650    10652.650
   925:    10652.650    10652.650    10656.650    10657.650    10657.650
   930:    10662.640    10663.800    10695.370    10713.560    10715.220
   935:    10715.220    10715.220    10715.230    10715.230    10715.230
   940:    10715.230    10715.230    10717.000    10717.000    10719.230
   945:    10719.720    10720.230    10720.230    10725.220    10745.380
   950:    10750.700    10757.780    10757.860    10757.940    10762.270
   955:    10764.180    10764.860    10768.090    10768.450    10768.520
   960:    10769.430    10771.030    10771.300    10772.430    10772.910
   965:    10773.050    10773.560    10773.580    10774.240    10791.780
   970:    10792.350    10800.010
