File: C:\MED-PC IV\DATA\!2025-08-29_15h50m.Subject T21



Start Date: 08/29/25
End Date: 08/29/25
Subject: T21
Experiment: OralFentSA
Group: One
Box: 2
Start Time: 15:50:22
End Time: 18:50:29
MSN: Golden_Liq_SelfAdmin_LIT
F:       0.000
G:     310.000
H:   10800.010
I:       0.000
J:       0.000
K:       0.000
L:       0.000
M:       0.000
N:       0.000
O:       0.000
P:       0.000
Q:       0.000
R:       0.000
S:       0.000
U:       0.000
V:       0.000
W:       0.000
X:       0.000
Y:       0.000
Z:       0.000
A:
     0:        0.000        0.000      180.000        4.000        0.000
     5:        5.000        0.000        5.000        0.000        0.000
    10:        1.000        0.000       10.000  3000000.000       19.000
    15:       10.000      320.000        0.000        0.000        0.000
    20:        0.000
B:
     0:        0.000        0.000        0.000        0.000        0.000
     5:        0.000        0.000        0.000        0.000        0.000
    10:        0.000        0.000        0.000 300000000.00        0.000
    15:        0.000        0.000        0.000        0.000        0.000
    20:        0.000
C:
     0:        0.000        1.000        0.000        0.000      306.000
     5:        0.000        0.000        0.000        0.000        0.000
    10:        0.000        0.000        0.000        0.000        0.000
    15:        0.000        0.000        0.000        0.000        0.000
    20:        0.000
D:
E:
     0:       19.000       11.000       26.000       27.000        6.000
     5:        6.000        6.000        6.000        6.000        6.000
    10:        6.000        6.000        6.000        6.000        6.000
    15:        6.000        6.000        6.000        6.000        6.000
    20:        6.000        6.000        6.000        6.000        6.000
    25:        6.000        6.000        6.000        6.000        6.000
    30:        6.000        6.000        6.000        6.000        6.000
    35:        6.000        6.000        6.000        6.000        6.000
    40:        6.000        6.000        6.000        6.000        6.000
    45:        6.000        6.000        6.000        6.000        6.000
    50:        6.000        6.000        6.000        6.000        6.000
    55:        6.000        6.000        6.000        6.000        6.000
    60:        6.000        6.000        6.000        6.000        6.000
    65:        6.000        6.000        6.000        6.000        6.000
    70:        6.000        6.000        6.000        6.000        6.000
    75:        6.000        6.000        6.000        6.000        6.000
    80:        6.000        6.000        6.000        6.000        6.000
    85:        6.000        6.000        6.000        6.000        6.000
    90:        6.000        6.000        6.000        6.000        6.000
    95:        6.000        6.000        6.000        6.000        6.000
   100:        6.000        6.000        6.000        6.000        6.000
   105:        6.000        6.000        6.000        6.000        6.000
   110:        6.000        6.000        6.000        6.000        6.000
   115:        6.000        6.000        6.000        6.000        6.000
   120:        6.000        6.000        6.000        6.000        6.000
   125:        6.000        6.000        6.000        6.000        6.000
   130:        6.000        6.000        6.000        6.000        6.000
   135:        6.000        6.000        6.000        6.000        6.000
   140:        6.000        6.000        6.000        6.000        6.000
   145:        6.000        6.000        6.000        6.000        6.000
   150:        6.000        6.000        6.000        6.000        6.000
   155:        6.000        6.000        6.000        6.000        6.000
   160:        6.000        6.000        6.000        6.000        6.000
   165:        6.000        6.000        6.000        6.000        6.000
   170:        6.000        6.000        6.000        6.000        6.000
   175:        6.000        6.000        6.000        6.000        6.000
   180:        6.000        6.000        6.000        6.000        6.000
   185:        6.000        6.000        6.000        6.000        6.000
   190:        6.000        6.000        6.000        6.000        6.000
   195:        6.000        6.000        6.000        6.000        6.000
   200:        6.000        6.000        6.000        6.000        6.000
   205:        6.000        6.000        6.000        6.000        6.000
   210:        6.000        6.000        6.000        6.000        6.000
   215:        6.000        6.000        6.000        6.000        6.000
   220:        6.000        6.000        6.000        6.000        6.000
   225:        6.000        6.000        6.000        6.000        6.000
   230:        6.000        6.000        6.000        6.000        6.000
   235:        6.000        6.000        6.000        6.000        6.000
   240:        6.000        6.000        6.000        6.000        6.000
   245:        6.000        6.000        6.000        6.000        6.000
   250:        6.000        6.000        6.000        6.000        6.000
   255:        6.000        6.000        6.000        6.000        6.000
   260:        6.000        6.000        6.000        6.000        6.000
   265:        6.000        6.000        6.000        6.000        6.000
   270:        6.000        6.000        6.000        6.000        6.000
   275:        6.000        6.000        6.000        6.000        6.000
   280:        6.000        6.000        6.000        6.000        6.000
   285:        6.000        6.000        6.000        6.000        6.000
   290:        6.000        6.000        6.000        6.000        6.000
   295:        6.000        6.000        6.000        6.000        6.000
   300:        6.000        6.000        6.000        6.000        6.000
   305:        6.000        6.000        6.000        6.000        6.000
   310:      100.000
T:
     0:        0.000        0.000        0.000        0.000       21.980
     5:       27.560       59.580       60.360       60.400       61.330
    10:       67.930      162.480      164.800      179.290      190.600
    15:      192.820      237.880      238.440      283.670      287.580
    20:      288.120      304.140      304.540      434.670      435.360
    25:      443.570      465.900      485.280      485.730      486.930
    30:      495.130      563.670      634.110      634.750      640.540
    35:      677.070      680.780      681.190      701.110      843.030
    40:      843.900      860.720      861.970      866.430      872.290
    45:      887.060      911.940      914.350      996.540      996.740
    50:      997.100      997.140      997.430      997.560      997.610
    55:      997.710      997.890      998.150     1015.820     1018.160
    60:     1025.020     1027.360     1030.260     1095.740     1151.460
    65:     1151.950     1207.890     1209.710     1271.900     1272.900
    70:     1278.700     1279.730     1279.910     1280.760     1282.060
    75:     1286.640     1288.440     1288.530     1288.630     1289.180
    80:     1292.080     1292.110     1292.470     1295.740     1305.130
    85:     1305.560     1320.650     1320.830     1321.680     1323.100
    90:     1323.720     1411.960     1412.470     1413.290     1413.510
    95:     1413.640     1414.870     1509.560     1509.750     1510.100
   100:     1513.320     1513.740     1519.840     1663.030     1663.050
   105:     1697.900     1738.880     1761.250     1764.980     1810.270
   110:     1810.780     1915.830     1916.600     1917.700     1996.360
   115:     1997.000     2096.650     2096.750     2222.230     2272.280
   120:     2277.510     2375.490     2376.060     2376.390     2378.260
   125:     2693.840     2697.160     2859.320     3090.020     3090.220
   130:     3091.350     3098.410     3098.980     3209.620     3209.750
   135:     3334.810     3337.190     3423.230     3499.080     3499.510
   140:     3545.010     3590.150     3605.240     3605.880     4164.950
   145:     4191.970     4191.980     4192.080     4192.170     4192.350
   150:     4227.110     4227.400     4227.930     4242.640     4242.940
   155:     4244.770     4245.290     4246.960     4251.980     4252.350
   160:     4252.680     4254.280     4255.920     4257.240     4259.970
   165:     4260.100     4263.230     4263.520     4263.780     4264.480
   170:     4264.690     4265.890     4266.840     4268.440     4269.410
   175:     4269.760     4270.920     4271.420     4271.610     4272.510
   180:     4292.040     4293.040     4293.480     4293.560     4293.840
   185:     4294.130     4296.070     4388.040     4388.530     4389.210
   190:     4389.300     4395.350     4396.180     4416.030     4423.290
   195:     4423.570     4430.540     4430.980     4432.210     4628.930
   200:     4629.050     4631.580     4632.040     4632.420     4635.020
   205:     4769.110     4806.140     4896.460     4914.170     4993.570
   210:     4993.610     5046.200     5096.670     5728.830     5729.310
   215:     5808.720     5852.210     6618.150     6674.640     6935.070
   220:     6935.370     6937.240     7842.750     7949.960     8024.170
   225:     8039.660     8095.290     8099.660     8117.780     8118.030
   230:     8169.700     8191.480     8207.020     8208.900     8287.270
   235:     8346.840     8498.270     8665.890     9000.410     9047.030
   240:     9050.900     9053.640     9057.940     9111.120     9116.100
   245:     9135.360     9141.300     9142.280     9155.660     9156.580
   250:     9156.900     9158.900     9168.280     9168.650     9342.360
   255:     9362.470     9363.740    10003.480    10253.180    10263.830
   260:    10267.110    10271.860    10276.240    10288.270    10296.030
   265:    10296.840    10297.020    10301.550    10305.750    10311.210
   270:    10313.430    10313.590    10321.020    10323.240    10329.150
   275:    10341.100    10345.000    10346.270    10378.720    10384.240
   280:    10384.660    10389.290    10402.980    10404.380    10405.020
   285:    10405.500    10405.640    10407.710    10413.190    10418.850
   290:    10420.600    10420.820    10420.880    10434.940    10436.240
   295:    10452.260    10533.740    10539.320    10595.630    10633.810
   300:    10634.470    10657.920    10696.740    10715.960    10741.940
   305:    10763.920    10764.630    10765.900    10766.380    10767.480
   310:    10800.010
