File: C:\MED-PC IV\DATA\!2025-08-19_11h33m.Subject T13



Start Date: 08/19/25
End Date: 08/19/25
Subject: T13
Experiment: OralFentSA
Group: One
Box: 1
Start Time: 11:33:30
End Time: 14:33:46
MSN: Golden_Liq_SelfAdmin_LIT
F:       0.000
G:    1755.000
H:   10800.010
I:       0.000
J:       0.000
K:       0.000
L:       0.000
M:       0.000
N:       0.000
O:       0.000
P:       0.000
Q:       0.000
R:       0.000
S:       0.000
U:       0.000
V:       0.000
W:       0.000
X:       0.000
Y:       0.000
Z:       0.000
A:
     0:        0.000        0.000      180.000        4.000        0.000
     5:        5.000        0.000        5.000        0.000        0.000
    10:        1.000        0.000       10.000     1200.000       21.000
    15:        2.000      320.000        0.000        0.000        0.000
    20:        0.000
B:
     0:        0.000        0.000        0.000      400.000        0.000
     5:      500.000        0.000      500.000        0.000        0.000
    10:        0.000        0.000     1000.000   120000.000        0.000
    15:        0.000        0.000        0.000        0.000        0.000
    20:        0.000
C:
     0:       12.000       13.000        0.000        1.000     1628.000
     5:    10784.070        0.110       12.000       65.230        5.436
    10:        1.000        1.000       11.000        0.000        0.000
    15:        0.000        0.000        0.000        0.000        0.000
    20:        0.000
D:
     0:       20.360        0.250        0.260        1.340        6.090
     5:       21.210        2.180        3.420        0.870        2.580
    10:        6.560        0.110
E:
     0:       19.000       11.000       26.000       27.000        6.000
     5:        6.000        6.000        6.000        6.000        6.000
    10:        6.000        6.000        6.000        6.000        6.000
    15:        6.000        6.000        6.000        6.000        6.000
    20:        6.000        6.000        6.000        6.000        6.000
    25:        6.000        6.000        2.000        4.000       22.000
    30:       24.000       13.000        8.000        5.000       17.000
    35:       18.000       14.000       10.000       19.000        6.000
    40:        6.000        6.000        6.000        6.000        6.000
    45:        6.000        6.000        6.000        6.000        6.000
    50:        6.000       23.000        6.000        6.000        6.000
    55:        6.000        6.000        6.000        6.000        6.000
    60:        6.000        6.000        6.000        6.000        6.000
    65:        6.000        6.000        6.000        6.000        6.000
    70:        6.000        6.000        6.000        6.000        6.000
    75:        6.000        6.000        6.000        6.000        6.000
    80:        6.000        6.000        6.000        6.000        6.000
    85:        6.000        6.000        6.000        6.000        6.000
    90:        6.000        6.000        6.000        6.000        6.000
    95:        6.000        6.000        6.000        6.000        6.000
   100:        6.000        6.000        6.000        6.000        6.000
   105:        6.000        6.000        6.000        6.000        6.000
   110:        6.000        6.000        6.000        6.000        6.000
   115:        6.000        6.000        6.000        6.000        6.000
   120:        6.000        6.000        6.000        6.000        6.000
   125:        6.000        6.000        6.000        6.000        6.000
   130:        6.000        6.000        6.000        6.000        6.000
   135:        6.000        6.000        6.000        6.000        6.000
   140:        6.000        6.000        6.000        6.000        6.000
   145:        6.000        6.000        6.000        6.000        6.000
   150:        6.000        6.000        6.000        6.000        6.000
   155:        6.000        6.000        6.000        6.000        6.000
   160:        6.000        6.000        6.000        6.000        6.000
   165:        6.000        6.000        6.000        6.000        6.000
   170:        6.000        6.000        6.000        6.000        6.000
   175:       25.000       24.000       13.000        8.000        5.000
   180:       17.000        6.000        6.000        6.000       18.000
   185:       14.000       10.000        6.000       19.000        6.000
   190:        6.000        6.000        6.000        6.000        6.000
   195:        6.000        6.000        6.000        6.000        6.000
   200:        6.000        6.000        6.000        6.000        6.000
   205:        6.000        6.000        6.000        6.000        6.000
   210:        6.000        6.000        6.000        6.000        6.000
   215:        6.000        6.000        6.000        6.000        6.000
   220:        6.000        6.000        6.000        6.000        6.000
   225:        6.000        6.000        6.000        6.000        6.000
   230:        6.000        6.000        6.000        6.000        6.000
   235:        6.000        6.000        6.000        6.000        6.000
   240:        6.000        6.000        6.000        6.000        6.000
   245:        6.000        6.000        6.000        6.000        6.000
   250:        6.000        6.000        6.000        6.000        6.000
   255:        6.000        6.000        6.000        6.000        6.000
   260:        6.000        6.000        6.000        6.000        6.000
   265:        6.000        6.000        6.000        6.000        6.000
   270:        6.000        6.000        6.000        6.000        6.000
   275:        6.000        6.000        6.000        6.000        6.000
   280:        6.000        6.000        6.000        6.000        6.000
   285:        6.000        6.000        6.000        6.000        6.000
   290:        6.000        6.000        6.000        6.000        6.000
   295:        6.000        6.000        6.000        6.000        6.000
   300:        6.000        6.000        6.000        6.000        6.000
   305:        6.000        6.000        6.000        6.000        6.000
   310:        6.000        6.000        6.000        6.000        6.000
   315:        6.000        6.000        6.000        6.000        6.000
   320:        6.000        6.000        6.000        6.000        6.000
   325:        6.000        6.000        6.000        6.000       25.000
   330:       24.000       13.000        8.000        5.000       17.000
   335:        6.000       18.000       14.000       10.000        6.000
   340:       19.000        6.000        6.000        6.000        6.000
   345:        6.000        6.000        6.000        6.000        6.000
   350:        6.000        6.000        6.000        6.000        6.000
   355:        6.000        6.000        6.000        6.000        6.000
   360:        6.000        6.000        6.000        6.000        6.000
   365:        6.000        6.000        6.000        6.000        6.000
   370:        6.000        6.000        6.000        6.000        6.000
   375:        6.000        6.000        6.000        6.000        6.000
   380:        6.000        6.000        6.000        6.000        6.000
   385:        6.000        6.000        6.000        6.000        6.000
   390:        6.000        6.000        6.000        6.000        6.000
   395:        6.000        6.000        6.000        6.000        6.000
   400:        6.000        6.000        6.000        6.000        6.000
   405:        6.000        6.000        6.000        6.000        6.000
   410:        6.000        6.000        6.000        6.000        6.000
   415:        6.000        6.000        6.000        6.000        6.000
   420:        6.000        6.000        6.000        6.000        6.000
   425:        6.000        6.000        6.000        6.000        6.000
   430:        6.000        6.000        6.000        6.000        6.000
   435:        6.000        6.000        6.000        6.000        6.000
   440:        6.000        6.000        6.000        6.000        6.000
   445:       25.000       24.000       13.000        8.000        5.000
   450:       17.000        6.000       18.000       14.000       10.000
   455:       19.000        6.000        6.000        6.000        6.000
   460:        6.000        6.000        6.000        6.000        6.000
   465:        6.000        6.000        6.000        6.000        6.000
   470:        6.000        6.000        6.000        6.000        6.000
   475:        6.000        6.000        6.000        6.000        6.000
   480:        6.000        6.000        6.000        6.000        6.000
   485:        6.000        6.000        6.000        6.000        6.000
   490:        6.000        6.000        6.000        6.000        6.000
   495:        6.000        6.000        6.000        6.000        6.000
   500:        6.000        6.000        6.000        6.000        6.000
   505:        6.000        6.000        6.000        6.000        6.000
   510:        6.000        6.000        6.000        6.000        6.000
   515:        6.000        6.000        6.000        6.000        6.000
   520:        6.000        6.000        6.000        6.000        6.000
   525:        6.000        6.000        6.000        6.000        6.000
   530:        6.000        6.000        6.000        6.000        6.000
   535:        6.000        6.000        6.000        6.000        6.000
   540:        6.000        6.000        6.000        6.000        6.000
   545:        6.000        6.000        6.000        6.000        6.000
   550:        6.000        6.000        6.000        6.000        6.000
   555:        6.000        6.000        6.000        6.000        6.000
   560:        6.000        6.000        6.000        6.000        6.000
   565:        6.000        6.000        6.000        6.000        6.000
   570:        6.000        6.000        6.000        6.000        6.000
   575:        6.000        6.000        6.000        6.000        6.000
   580:        6.000        6.000        6.000        6.000        6.000
   585:        6.000        6.000        6.000        6.000        6.000
   590:        6.000        6.000        6.000        6.000        6.000
   595:        6.000        6.000        6.000        6.000        6.000
   600:        6.000        6.000        6.000        6.000        6.000
   605:        6.000        6.000        6.000        6.000        6.000
   610:        6.000        6.000        6.000        6.000        6.000
   615:        6.000        6.000        6.000        6.000        6.000
   620:        6.000        6.000        6.000        6.000        6.000
   625:        6.000        6.000        6.000        6.000        6.000
   630:        6.000        6.000       25.000       24.000       13.000
   635:        8.000        5.000       17.000       18.000       14.000
   640:       10.000        6.000       19.000        6.000        6.000
   645:        6.000        6.000        6.000        6.000        6.000
   650:        6.000        6.000        6.000        6.000        6.000
   655:        6.000        6.000        6.000        6.000        6.000
   660:        6.000        6.000        6.000        6.000        6.000
   665:        6.000        6.000        6.000        6.000        6.000
   670:        6.000        6.000        6.000        6.000        6.000
   675:        6.000        6.000        6.000        6.000        6.000
   680:        6.000        6.000        6.000        6.000        6.000
   685:        6.000        6.000        6.000        6.000        6.000
   690:        6.000        6.000        6.000        6.000        6.000
   695:        6.000        6.000        6.000        6.000        6.000
   700:        6.000        6.000        6.000        6.000        6.000
   705:        6.000        6.000        6.000        6.000        6.000
   710:        6.000        6.000        6.000        6.000        6.000
   715:        6.000        6.000        6.000        6.000        6.000
   720:        6.000        6.000        6.000        6.000        6.000
   725:        6.000        6.000        6.000        6.000        6.000
   730:        6.000        6.000        6.000        6.000        6.000
   735:        6.000        6.000        6.000        6.000        6.000
   740:        6.000        6.000        6.000        6.000       25.000
   745:       24.000       13.000        8.000        5.000       17.000
   750:       18.000       14.000       10.000       19.000        6.000
   755:        6.000        6.000        6.000        6.000        6.000
   760:        6.000        6.000        6.000        6.000        6.000
   765:        6.000        6.000        6.000        6.000        6.000
   770:        6.000        6.000        6.000        6.000        6.000
   775:        6.000        6.000        6.000        6.000        6.000
   780:        6.000        6.000        6.000        6.000        6.000
   785:        6.000        6.000        6.000        6.000        6.000
   790:        6.000        6.000        6.000        6.000        6.000
   795:        6.000        6.000        6.000        6.000        6.000
   800:        6.000        6.000        6.000        6.000        6.000
   805:        6.000        6.000        6.000        6.000        6.000
   810:        6.000        6.000        6.000        6.000        6.000
   815:        6.000        6.000        6.000        6.000        6.000
   820:        6.000        6.000        6.000        6.000        6.000
   825:        6.000        6.000        6.000        6.000        6.000
   830:        6.000        6.000        6.000        6.000        6.000
   835:        6.000        6.000        6.000        6.000        6.000
   840:        6.000        6.000        6.000        6.000        6.000
   845:        6.000        6.000        6.000        6.000        6.000
   850:        6.000        6.000        6.000        6.000        6.000
   855:        6.000        6.000        6.000        6.000        6.000
   860:        6.000        6.000        6.000        6.000        6.000
   865:        6.000        6.000        6.000        6.000        6.000
   870:        6.000        6.000        6.000        6.000        6.000
   875:        6.000        6.000        6.000        6.000        6.000
   880:        6.000        6.000        6.000        6.000        6.000
   885:        6.000        6.000        6.000        6.000        6.000
   890:        6.000        6.000        6.000        6.000        6.000
   895:        6.000        6.000        6.000        6.000        6.000
   900:        6.000        6.000        6.000        6.000        6.000
   905:        6.000        6.000        6.000        6.000        6.000
   910:        6.000        6.000        6.000        6.000        6.000
   915:        6.000        6.000        6.000        6.000        6.000
   920:        6.000        6.000        6.000        6.000        6.000
   925:        6.000        6.000        6.000        6.000        6.000
   930:        6.000        6.000        6.000        6.000        6.000
   935:        6.000        6.000        6.000        6.000        6.000
   940:        6.000        6.000        6.000        6.000        6.000
   945:        6.000        6.000        6.000        6.000        6.000
   950:        6.000        6.000        6.000        6.000        6.000
   955:        6.000        6.000        6.000        6.000        6.000
   960:        6.000        6.000        6.000        6.000        6.000
   965:        6.000        6.000        6.000        6.000        6.000
   970:        6.000        6.000        6.000        6.000        6.000
   975:        6.000        6.000        6.000        6.000        6.000
   980:        6.000        6.000        6.000        6.000        6.000
   985:        6.000        6.000        6.000        6.000        6.000
   990:        6.000        6.000        6.000        6.000        6.000
   995:        6.000        6.000        6.000        6.000        6.000
  1000:        6.000        6.000        6.000        6.000        6.000
  1005:        6.000        6.000        6.000        6.000       25.000
  1010:       24.000       13.000        8.000        5.000       17.000
  1015:        6.000       18.000       14.000       10.000       19.000
  1020:        6.000        6.000        6.000        6.000        6.000
  1025:        6.000        6.000        6.000        6.000        6.000
  1030:        6.000        6.000        6.000        6.000        6.000
  1035:        6.000        6.000        6.000        6.000        6.000
  1040:        6.000        6.000        6.000        6.000        6.000
  1045:        6.000        6.000        6.000        6.000        6.000
  1050:        6.000        6.000        6.000        6.000        6.000
  1055:        6.000        6.000        6.000        6.000        6.000
  1060:        6.000        6.000        6.000        6.000        6.000
  1065:        6.000        6.000        6.000        6.000        6.000
  1070:        6.000        6.000        6.000        6.000        6.000
  1075:        6.000        6.000        6.000        6.000        6.000
  1080:        6.000        6.000        6.000        6.000        6.000
  1085:        6.000        6.000        6.000        6.000        6.000
  1090:        6.000        6.000        6.000        6.000        6.000
  1095:        6.000        6.000        6.000        6.000        6.000
  1100:        6.000        6.000        6.000        6.000        6.000
  1105:        6.000        6.000        6.000        6.000        6.000
  1110:        6.000        6.000        6.000        6.000        6.000
  1115:        6.000        6.000        6.000        6.000        6.000
  1120:        6.000        6.000        6.000        6.000        6.000
  1125:        6.000        6.000        6.000        6.000        6.000
  1130:        6.000        6.000        6.000        6.000        6.000
  1135:        6.000        6.000        6.000        6.000        6.000
  1140:        6.000        6.000        6.000        6.000        6.000
  1145:        6.000        6.000        6.000        6.000        6.000
  1150:        6.000        6.000        6.000        6.000        6.000
  1155:        6.000        6.000        6.000        6.000        6.000
  1160:        6.000        6.000        6.000        6.000        6.000
  1165:        6.000        6.000        6.000        6.000        6.000
  1170:        6.000        6.000        6.000        6.000        6.000
  1175:        6.000        6.000        6.000        6.000        6.000
  1180:        6.000        6.000        6.000        6.000        6.000
  1185:        6.000        6.000        6.000        6.000        6.000
  1190:        6.000        6.000        6.000        6.000        6.000
  1195:        6.000        6.000        6.000        6.000        6.000
  1200:        6.000        6.000        6.000        6.000        6.000
  1205:        6.000        6.000        6.000        6.000        6.000
  1210:        6.000        6.000        6.000        6.000        6.000
  1215:        6.000        6.000        6.000        6.000        6.000
  1220:        6.000        6.000        6.000        6.000        6.000
  1225:        6.000        6.000        6.000        6.000        6.000
  1230:        6.000        6.000        6.000        6.000        6.000
  1235:        6.000        6.000        6.000        6.000        6.000
  1240:        6.000        6.000        6.000        6.000        6.000
  1245:        6.000        6.000        6.000        6.000        6.000
  1250:        6.000        6.000        6.000        6.000        6.000
  1255:        6.000        6.000        6.000        6.000        6.000
  1260:        6.000        6.000        6.000        6.000        6.000
  1265:        6.000        6.000        6.000        6.000        6.000
  1270:        6.000        6.000        6.000        6.000        6.000
  1275:        6.000        6.000        6.000        6.000        6.000
  1280:        6.000        6.000        6.000        6.000        6.000
  1285:        6.000        6.000        6.000        6.000        6.000
  1290:        6.000        6.000        6.000        6.000        6.000
  1295:        6.000        6.000        6.000        6.000        6.000
  1300:        6.000        6.000        6.000        6.000        6.000
  1305:        6.000        6.000        6.000        6.000        6.000
  1310:        6.000        6.000        6.000        6.000        6.000
  1315:        6.000        6.000        6.000        6.000        6.000
  1320:        6.000        6.000        6.000        6.000        6.000
  1325:        6.000        6.000        6.000        6.000        6.000
  1330:        6.000        6.000        6.000        6.000        6.000
  1335:        6.000        6.000        6.000        6.000        6.000
  1340:        6.000        6.000        6.000        6.000        6.000
  1345:        6.000        6.000        6.000        6.000        6.000
  1350:        6.000        6.000        6.000        6.000        6.000
  1355:        6.000        6.000        6.000        6.000        6.000
  1360:        6.000        6.000        6.000        6.000        6.000
  1365:        6.000        6.000        6.000        6.000        6.000
  1370:        6.000        6.000        6.000        6.000        6.000
  1375:        6.000        6.000       25.000       24.000       13.000
  1380:        8.000        5.000       17.000        6.000       18.000
  1385:       14.000       10.000       19.000        6.000        6.000
  1390:        6.000        6.000        6.000        6.000        6.000
  1395:        6.000        6.000        6.000        6.000        6.000
  1400:        6.000        6.000        6.000        6.000        6.000
  1405:        6.000        6.000        6.000        6.000        6.000
  1410:        6.000        6.000        6.000        6.000        6.000
  1415:        6.000        6.000        6.000        6.000        6.000
  1420:        6.000        6.000        6.000        6.000        6.000
  1425:        6.000        6.000        6.000        6.000        6.000
  1430:        6.000        6.000        6.000        6.000        6.000
  1435:        6.000        6.000        6.000        6.000        6.000
  1440:        6.000        6.000        6.000        6.000        6.000
  1445:        6.000        6.000        6.000        6.000        6.000
  1450:        6.000        6.000        6.000        6.000        6.000
  1455:        6.000        6.000        6.000        6.000        6.000
  1460:        6.000        6.000        6.000        6.000        6.000
  1465:        6.000        6.000        6.000        6.000        6.000
  1470:        6.000        6.000        6.000        6.000        6.000
  1475:        6.000        6.000        6.000        6.000        6.000
  1480:        6.000        6.000        6.000        6.000        6.000
  1485:        6.000        6.000        6.000        6.000        6.000
  1490:        6.000        6.000        6.000        6.000        6.000
  1495:        6.000        6.000        6.000        6.000        6.000
  1500:        6.000        6.000        6.000        6.000        6.000
  1505:        6.000        6.000        6.000        6.000        6.000
  1510:        6.000        6.000        6.000        6.000        6.000
  1515:        6.000        6.000        6.000        6.000        6.000
  1520:       25.000       24.000       13.000        8.000        5.000
  1525:       17.000        6.000        6.000        6.000       18.000
  1530:        6.000       14.000       10.000        6.000       19.000
  1535:        6.000        6.000        6.000        6.000        6.000
  1540:        6.000        6.000        6.000        6.000        6.000
  1545:        6.000        6.000        6.000        6.000        6.000
  1550:        6.000        6.000        6.000        6.000        6.000
  1555:        6.000        6.000        6.000        6.000        6.000
  1560:        6.000        6.000        6.000        6.000        6.000
  1565:        6.000        6.000        6.000        6.000        6.000
  1570:        6.000        6.000        6.000        6.000        6.000
  1575:        6.000        6.000        6.000        6.000        6.000
  1580:        6.000        6.000        6.000        6.000        6.000
  1585:        6.000        6.000        6.000        6.000        6.000
  1590:        6.000        6.000        6.000        6.000        6.000
  1595:        6.000        6.000        6.000        6.000        6.000
  1600:        6.000        6.000        6.000        6.000        6.000
  1605:        6.000        6.000        6.000        6.000        6.000
  1610:        6.000        6.000        6.000        6.000        6.000
  1615:        6.000        6.000        6.000        6.000        6.000
  1620:        6.000        6.000        6.000        6.000        6.000
  1625:        6.000        6.000        6.000        6.000        6.000
  1630:        6.000        6.000        6.000        6.000        6.000
  1635:        6.000        6.000        6.000        6.000        6.000
  1640:        6.000        6.000        6.000        6.000        6.000
  1645:        6.000        6.000        6.000        6.000        6.000
  1650:        6.000        6.000        6.000        6.000        6.000
  1655:        6.000       30.000       24.000       13.000        8.000
  1660:        5.000       17.000        6.000        6.000       18.000
  1665:        6.000       14.000       10.000       19.000        6.000
  1670:        6.000        6.000        6.000        6.000        6.000
  1675:        6.000        6.000        6.000        6.000        6.000
  1680:        6.000        6.000        6.000        6.000        6.000
  1685:        6.000        6.000        6.000        6.000        6.000
  1690:        6.000        6.000        6.000        6.000       30.000
  1695:       24.000       13.000        8.000        5.000       17.000
  1700:       18.000       14.000       10.000        6.000       19.000
  1705:        6.000        6.000        6.000        6.000        6.000
  1710:        6.000        6.000        6.000        6.000        6.000
  1715:        6.000        6.000        6.000        6.000        6.000
  1720:        6.000        6.000        6.000        6.000        6.000
  1725:        6.000        6.000        6.000        6.000        6.000
  1730:        6.000        6.000        6.000        6.000        6.000
  1735:        6.000        6.000        6.000        6.000        6.000
  1740:        6.000        6.000       30.000       24.000       13.000
  1745:        8.000        5.000       17.000        6.000        6.000
  1750:       18.000       14.000       10.000       19.000        6.000
  1755:      100.000
T:
     0:        0.000        0.000        0.000        0.000       46.700
     5:       60.350       60.550       62.530       62.560       64.290
    10:       66.220       66.680       69.120       84.150       97.460
    15:       99.300      100.290      105.570      105.920      106.750
    20:      107.100      107.570      107.950      110.630      143.110
    25:      149.710      150.570      154.010      154.010      154.010
    30:      154.020      154.020      154.020      154.020      154.020
    35:      158.020      159.020      159.020      164.010      174.380
    40:      174.490      183.130      186.450      188.570      189.260
    45:      190.400      193.960      195.510      195.580      195.590
    50:      196.210      215.960      241.270      274.790      294.060
    55:      300.950      301.450      301.530      301.940      302.020
    60:      305.190      305.730      315.090      316.000      316.610
    65:      317.340      318.680      318.860      321.590      332.360
    70:      339.050      389.840      404.600      405.330      405.610
    75:      407.600      407.640      413.350      413.700      414.130
    80:      414.510      414.600      416.590      467.670      468.140
    85:      499.080      505.030      507.330      507.370      507.680
    90:      507.690      507.860      510.290      510.860      510.900
    95:      511.010      512.200      514.150      514.870      514.970
   100:      515.250      516.430      516.860      517.520      517.550
   105:      524.910      581.430      582.110      582.250      600.480
   110:      621.520      660.150      684.340      685.090      685.310
   115:      685.520      710.990      713.890      714.090      714.200
   120:      737.620      743.430      744.100      744.280      745.030
   125:      745.350      746.300      747.450      748.030      748.090
   130:      748.330      748.360      748.570      752.000      752.610
   135:      753.020      754.730      774.270      782.870      783.680
   140:      785.570      790.840      791.110      792.620      796.850
   145:      939.240      966.930      967.280      967.320     1000.650
   150:     1000.800     1053.690     1103.920     1111.160     1112.660
   155:     1115.650     1115.850     1115.930     1115.980     1116.460
   160:     1117.090     1117.750     1120.870     1121.220     1128.030
   165:     1131.830     1136.450     1184.390     1254.320     1360.620
   170:     1362.580     1362.980     1363.010     1363.190     1363.740
   175:     1364.010     1364.020     1364.020     1364.020     1364.020
   180:     1364.020     1364.270     1364.490     1366.210     1368.020
   185:     1369.020     1369.020     1370.370     1374.010     1376.020
   190:     1376.370     1376.420     1376.450     1376.670     1376.700
   195:     1377.210     1382.540     1388.910     1390.670     1392.720
   200:     1392.910     1395.140     1395.260     1398.250     1403.220
   205:     1407.780     1407.870     1408.250     1457.350     1460.030
   210:     1464.700     1473.650     1489.310     1489.640     1514.190
   215:     1514.740     1515.240     1515.950     1552.210     1554.900
   220:     1555.670     1555.790     1558.230     1558.320     1558.660
   225:     1558.960     1559.390     1571.260     1571.860     1726.560
   230:     1735.520     1791.090     1791.570     1793.910     1805.950
   235:     1806.540     1806.970     1807.950     1816.000     1816.180
   240:     1858.940     1860.830     1880.600     1881.190     1882.730
   245:     1885.290     1886.000     1888.890     1889.260     1890.480
   250:     1891.310     1891.320     1891.830     1892.320     1892.900
   255:     1893.280     1894.520     1894.930     1895.900     1896.970
   260:     1899.340     1908.730     1910.640     1910.680     1912.010
   265:     1912.620     1912.740     1913.620     1942.200     1942.630
   270:     1943.120     1943.970     1944.230     1944.540     1945.130
   275:     1946.060     2033.940     2034.120     2035.770     2035.820
   280:     2036.010     2036.470     2036.610     2036.690     2036.760
   285:     2037.250     2040.880     2065.190     2065.450     2065.530
   290:     2071.090     2071.760     2072.900     2075.970     2078.140
   295:     2078.260     2111.660     2146.230     2149.770     2151.390
   300:     2151.630     2223.630     2233.490     2297.780     2313.830
   305:     2314.530     2314.750     2322.980     2323.650     2353.790
   310:     2373.570     2374.270     2400.630     2407.950     2408.610
   315:     2434.190     2434.210     2437.370     2437.660     2438.600
   320:     2439.230     2439.280     2440.160     2442.590     2447.820
   325:     2448.620     2448.860     2475.030     2550.490     2574.010
   330:     2574.020     2574.020     2574.020     2574.020     2574.020
   335:     2574.280     2578.020     2579.020     2579.020     2579.040
   340:     2584.010     2586.160     2587.760     2588.990     2596.590
   345:     2597.080     2597.160     2597.260     2597.850     2598.410
   350:     2639.390     2643.210     2643.350     2643.530     2644.280
   355:     2644.950     2651.800     2665.420     2666.090     2666.410
   360:     2667.250     2667.470     2667.670     2667.740     2668.150
   365:     2669.020     2669.280     2669.560     2676.160     2677.770
   370:     2679.720     2679.870     2680.210     2680.370     2680.440
   375:     2680.500     2680.890     2681.430     2700.760     2711.780
   380:     2738.000     2738.030     2739.120     2857.850     3011.390
   385:     3011.640     3024.920     3025.670     3054.550     3054.650
   390:     3056.110     3056.570     3057.260     3057.370     3071.050
   395:     3071.460     3072.560     3073.570     3074.830     3075.090
   400:     3075.570     3075.750     3196.460     3414.060     3414.590
   405:     3596.440     3596.650     3596.840     3597.440     3614.610
   410:     3614.740     3614.940     3615.740     3618.030     3618.410
   415:     3626.100     3629.700     3630.370     3639.770     3641.230
   420:     3642.400     3643.290     3649.160     3651.130     3665.550
   425:     3666.720     3667.450     3670.240     3671.630     3675.160
   430:     3675.240     3684.020     3684.500     3685.650     3703.310
   435:     3734.690     3747.640     3748.000     3748.590     3750.400
   440:     3750.640     3750.750     3750.850     3759.510     3760.320
   445:     3784.010     3784.020     3784.020     3784.020     3784.020
   450:     3784.020     3785.360     3788.020     3789.020     3789.020
   455:     3794.010     3798.270     3804.690     3804.840     3806.120
   460:     3806.220     3806.550     3810.620     3810.660     3810.700
   465:     3814.240     3814.580     3816.710     3817.280     3817.830
   470:     3817.890     3818.000     3818.120     3818.510     3819.730
   475:     3819.910     3827.110     3827.250     3827.470     3830.200
   480:     3843.960     3850.220     3850.340     3852.030     3853.790
   485:     3853.890     3856.620     3856.690     3857.680     3857.740
   490:     3857.760     3858.420     3863.910     3864.410     3870.740
   495:     3872.860     3885.160     3887.080     3887.120     3887.150
   500:     3896.280     3906.240     3917.420     3917.840     3918.220
   505:     3924.800     3938.390     3952.380     3953.040     3954.300
   510:     3955.110     3956.660     3957.520     3958.340     3959.530
   515:     3959.600     3961.920     3963.710     3964.630     3994.800
   520:     4032.390     4041.440     4042.050     4043.250     4047.190
   525:     4047.300     4047.580     4052.810     4052.880     4058.090
   530:     4067.630     4068.040     4068.350     4069.270     4069.290
   535:     4069.710     4082.920     4087.850     4101.450     4111.140
   540:     4112.290     4113.280     4114.790     4115.180     4116.300
   545:     4119.860     4120.090     4120.820     4127.850     4130.100
   550:     4131.320     4140.660     4141.720     4145.600     4146.700
   555:     4152.540     4154.170     4157.110     4158.950     4160.330
   560:     4178.150     4178.190     4224.460     4224.880     4226.140
   565:     4226.470     4226.810     4228.150     4228.290     4228.910
   570:     4232.010     4233.060     4233.590     4233.720     4235.860
   575:     4241.340     4241.960     4242.140     4243.520     4246.660
   580:     4247.340     4247.620     4252.120     4312.960     4337.420
   585:     4340.290     4359.200     4368.400     4369.010     4370.250
   590:     4370.660     4392.100     4415.740     4415.920     4437.870
   595:     4437.930     4438.290     4438.660     4439.270     4440.330
   600:     4440.570     4441.710     4442.190     4460.360     4463.190
   605:     4465.060     4465.700     4473.340     4473.570     4473.800
   610:     4516.410     4521.200     4563.660     4563.950     4569.530
   615:     4586.160     4586.530     4591.990     4592.200     4614.390
   620:     4688.780     4689.440     4690.380     4690.470     4690.490
   625:     4690.880     4692.140     4692.190     4754.230     4754.870
   630:     4859.870     4917.610     4994.010     4994.020     4994.020
   635:     4994.020     4994.020     4994.020     4998.020     4999.020
   640:     4999.020     5000.110     5004.010     5019.800     5023.020
   645:     5023.140     5023.550     5023.590     5023.670     5023.690
   650:     5025.240     5036.480     5038.280     5043.290     5043.450
   655:     5045.580     5046.080     5062.280     5063.160     5065.420
   660:     5065.580     5065.790     5068.120     5071.220     5071.410
   665:     5071.920     5144.810     5145.340     5197.050     5207.560
   670:     5208.030     5213.080     5213.270     5213.560     5214.280
   675:     5215.650     5218.090     5218.140     5218.200     5218.240
   680:     5231.610     5231.870     5272.500     5333.770     5335.480
   685:     5342.730     5342.990     5343.900     5344.510     5765.260
   690:     5766.050     5766.220     5768.010     5768.690     5774.820
   695:     5775.260     5775.480     5776.150     5777.640     5778.630
   700:     5779.200     5780.670     5781.110     5781.800     5783.090
   705:     5783.690     5784.180     5786.170     5786.330     5789.670
   710:     5789.700     5794.250     5794.640     5850.050     5851.940
   715:     5897.180     5897.360     5898.220     5900.200     5972.930
   720:     5984.410     5985.270     6020.760     6021.390     6034.170
   725:     6037.340     6037.540     6039.670     6071.140     6073.710
   730:     6073.770     6074.070     6074.420     6079.620     6085.580
   735:     6091.190     6091.610     6095.720     6096.490     6097.190
   740:     6101.490     6158.000     6158.040     6160.040     6204.010
   745:     6204.020     6204.020     6204.020     6204.020     6204.020
   750:     6208.020     6209.020     6209.020     6214.010     6225.230
   755:     6231.000     6238.300     6238.360     6239.870     6241.770
   760:     6248.960     6249.080     6250.050     6252.740     6253.330
   765:     6253.530     6269.120     6272.600     6273.110     6273.650
   770:     6274.490     6275.230     6275.400     6275.900     6279.040
   775:     6279.920     6281.250     6281.480     6282.130     6285.410
   780:     6285.890     6285.980     6286.580     6288.440     6289.220
   785:     6290.000     6290.760     6290.820     6295.400     6296.050
   790:     6296.080     6296.590     6298.090     6300.130     6301.040
   795:     6304.280     6305.410     6305.630     6305.650     6305.770
   800:     6306.380     6306.780     6307.340     6307.970     6310.580
   805:     6329.280     6329.390     6338.920     6342.370     6350.940
   810:     6352.970     6358.720     6358.920     6359.000     6359.100
   815:     6368.900     6380.250     6417.020     6423.800     6423.820
   820:     6424.170     6430.340     6430.430     6430.800     6431.520
   825:     6432.250     6432.340     6432.400     6433.350     6443.730
   830:     6443.920     6467.150     6468.140     6569.060     6569.710
   835:     6570.610     6575.970     6724.500     6725.280     6744.660
   840:     6753.510     6755.090     6755.340     6756.390     6795.980
   845:     6796.510     6796.710     6798.140     6799.710     6832.820
   850:     6954.730     6980.890     6982.930     7006.000     7009.550
   855:     7013.680     7013.780     7014.360     7016.610     7019.500
   860:     7021.300     7024.730     7026.730     7026.750     7026.790
   865:     7026.930     7027.260     7027.830     7027.880     7028.340
   870:     7029.300     7029.350     7029.400     7032.150     7032.310
   875:     7032.850     7032.920     7034.260     7037.440     7040.420
   880:     7041.210     7041.940     7042.380     7042.530     7042.870
   885:     7043.650     7043.760     7044.180     7050.030     7051.630
   890:     7052.780     7073.090     7073.460     7075.070     7082.500
   895:     7099.060     7137.410     7137.530     7151.540     7152.610
   900:     7153.190     7155.670     7157.210     7157.490     7159.680
   905:     7159.770     7161.550     7161.570     7161.610     7162.560
   910:     7162.690     7162.750     7162.940     7163.000     7164.630
   915:     7164.820     7165.100     7165.390     7165.450     7165.710
   920:     7166.060     7166.580     7168.970     7169.060     7169.620
   925:     7169.880     7170.000     7170.160     7170.180     7170.710
   930:     7170.750     7171.370     7171.420     7171.500     7171.960
   935:     7173.620     7175.430     7175.830     7177.630     7177.780
   940:     7179.360     7180.850     7181.480     7181.530     7181.640
   945:     7181.660     7181.680     7181.930     7182.030     7182.700
   950:     7183.020     7183.080     7183.280     7183.360     7183.840
   955:     7183.920     7184.490     7185.030     7186.590     7186.870
   960:     7188.390     7201.010     7206.020     7206.560     7206.640
   965:     7209.010     7212.160     7212.710     7212.920     7213.210
   970:     7228.710     7232.080     7238.350     7239.410     7303.720
   975:     7304.580     7305.930     7305.940     7305.990     7306.130
   980:     7306.380     7307.230     7307.500     7310.940     7310.970
   985:     7312.630     7320.130     7320.540     7320.730     7321.440
   990:     7324.210     7325.100     7325.690     7326.490     7326.530
   995:     7327.650     7331.240     7331.310     7346.500     7348.070
  1000:     7349.090     7349.630     7371.200     7379.520     7379.850
  1005:     7380.550     7381.340     7381.540     7386.980     7414.010
  1010:     7414.020     7414.020     7414.020     7414.020     7414.020
  1015:     7416.200     7418.020     7419.020     7419.020     7424.010
  1020:     7436.920     7442.590     7442.700     7444.840     7445.590
  1025:     7450.470     7451.060     7452.960     7459.390     7482.280
  1030:     7485.830     7486.030     7486.220     7486.960     7487.170
  1035:     7487.880     7488.080     7488.280     7488.560     7488.820
  1040:     7488.850     7488.870     7488.990     7489.210     7489.280
  1045:     7491.780     7492.770     7493.270     7493.500     7498.120
  1050:     7498.210     7502.780     7502.910     7502.970     7503.200
  1055:     7503.310     7503.470     7504.080     7506.190     7506.580
  1060:     7506.630     7507.060     7507.670     7507.760     7510.410
  1065:     7510.520     7511.140     7512.130     7512.610     7512.820
  1070:     7512.890     7513.030     7513.280     7513.600     7513.720
  1075:     7513.860     7514.120     7514.720     7514.740     7515.300
  1080:     7515.390     7515.660     7515.780     7517.380     7517.730
  1085:     7517.800     7517.940     7518.160     7518.340     7518.600
  1090:     7518.640     7519.060     7519.400     7520.410     7520.530
  1095:     7522.870     7523.540     7523.610     7523.810     7524.010
  1100:     7524.320     7525.230     7526.310     7526.830     7527.180
  1105:     7527.520     7528.430     7528.720     7528.850     7529.000
  1110:     7529.090     7529.140     7529.570     7529.590     7529.820
  1115:     7530.130     7530.440     7530.670     7533.360     7533.510
  1120:     7533.650     7534.110     7534.570     7534.900     7535.400
  1125:     7535.450     7535.810     7536.330     7536.710     7536.980
  1130:     7537.100     7539.810     7540.080     7540.640     7541.010
  1135:     7541.110     7541.190     7541.350     7541.640     7541.820
  1140:     7541.860     7541.930     7542.110     7542.240     7542.500
  1145:     7543.350     7545.110     7545.340     7548.040     7550.390
  1150:     7553.450     7555.120     7555.180     7558.960     7559.010
  1155:     7559.590     7559.790     7560.470     7560.640     7560.710
  1160:     7562.770     7562.800     7562.960     7566.800     7566.830
  1165:     7567.780     7569.280     7577.610     7577.900     7578.060
  1170:     7578.190     7578.760     7581.110     7582.030     7583.800
  1175:     7584.040     7584.090     7584.260     7585.840     7586.170
  1180:     7586.220     7587.740     7591.130     7591.320     7592.630
  1185:     7592.850     7594.030     7595.570     7595.690     7595.900
  1190:     7596.180     7596.580     7596.900     7596.940     7598.090
  1195:     7600.540     7601.760     7603.020     7603.120     7603.150
  1200:     7603.800     7604.020     7604.210     7604.270     7604.520
  1205:     7604.910     7605.440     7605.680     7605.720     7714.390
  1210:     7714.430     7715.160     7716.580     7722.290     7722.350
  1215:     7729.350     7729.890     7730.410     7730.500     7747.290
  1220:     7762.890     7763.670     7763.820     7764.290     7767.330
  1225:     7768.790     7769.680     7772.730     7772.810     7773.120
  1230:     7773.200     7773.770     7774.910     7775.130     7775.600
  1235:     7777.130     7777.200     7788.680     7789.020     7789.390
  1240:     7789.450     7791.010     7791.340     7791.650     7791.880
  1245:     7792.030     7793.150     7793.190     7803.730     7804.490
  1250:     7821.190     7821.400     7821.590     7822.550     7822.600
  1255:     7822.640     7822.950     7823.190     7823.230     7824.090
  1260:     7824.130     7824.380     7824.750     7825.530     7835.180
  1265:     7853.130     7854.470     7854.720     7854.880     7859.940
  1270:     7859.980     7861.080     7862.280     7863.280     7877.020
  1275:     7877.840     7879.140     7879.360     7880.130     7884.410
  1280:     7887.030     7887.830     7902.800     7903.320     7908.370
  1285:     7908.460     7908.510     7910.240     7914.740     7918.770
  1290:     7919.920     7920.480     7922.070     7922.160     7923.660
  1295:     7924.570     7928.050     7930.040     7930.880     7930.980
  1300:     7992.760     8002.480     8010.190     8016.770     8019.770
  1305:     8020.290     8021.520     8022.160     8024.400     8026.680
  1310:     8026.880     8027.420     8030.080     8030.260     8031.970
  1315:     8032.040     8032.930     8034.510     8065.850     8066.330
  1320:     8066.660     8070.440     8070.830     8108.550     8109.500
  1325:     8117.450     8117.960     8126.350     8127.010     8128.050
  1330:     8128.780     8147.900     8153.710     8159.080     8177.580
  1335:     8182.380     8182.670     8184.370     8227.130     8243.700
  1340:     8283.730     8335.960     8340.310     8340.740     8340.870
  1345:     8342.050     8342.380     8346.450     8403.480     8441.250
  1350:     8442.310     8446.930     8447.520     8447.930     8447.980
  1355:     8509.530     8511.900     8511.970     8515.620     8515.870
  1360:     8516.270     8517.240     8517.420     8555.430     8556.310
  1365:     8557.030     8560.600     8560.970     8561.120     8561.330
  1370:     8561.670     8573.420     8576.780     8579.870     8617.060
  1375:     8619.100     8619.260     8624.010     8624.020     8624.020
  1380:     8624.020     8624.020     8624.020     8627.440     8628.020
  1385:     8629.020     8629.020     8634.010     8636.440     8641.450
  1390:     8641.720     8642.270     8642.380     8645.700     8652.500
  1395:     8653.130     8674.210     8679.120     8774.350     8789.310
  1400:     9166.630     9170.330     9171.350     9171.380     9190.390
  1405:     9210.840     9211.230     9211.690     9211.760     9218.930
  1410:     9219.150     9219.550     9228.060     9228.890     9229.050
  1415:     9230.460     9233.370     9239.450     9240.370     9241.030
  1420:     9242.320     9282.350     9284.830     9285.360     9289.200
  1425:     9289.990     9290.400     9291.200     9292.520     9292.560
  1430:     9293.930     9294.780     9336.530     9336.860     9337.280
  1435:     9337.440     9340.020     9345.350     9345.810     9363.940
  1440:     9365.540     9413.700     9419.000     9420.480     9445.010
  1445:     9453.300     9453.720     9454.220     9514.380     9515.060
  1450:     9523.680     9524.760     9524.930     9526.450     9528.660
  1455:     9534.660     9597.760     9599.410     9600.420     9608.880
  1460:     9669.530     9670.220     9670.590     9677.450     9678.320
  1465:     9679.510     9679.930     9681.430     9681.560     9681.570
  1470:     9681.860     9684.810     9718.240     9718.410     9718.990
  1475:     9722.400     9723.870     9724.730     9724.850     9724.970
  1480:     9726.630     9726.810     9727.140     9727.430     9728.040
  1485:     9731.240     9757.510     9759.630     9759.670     9759.760
  1490:     9759.860     9759.930     9760.120     9760.810     9761.200
  1495:     9761.240     9761.440     9761.480     9761.860     9761.910
  1500:     9762.070     9763.450     9764.400     9764.720     9767.020
  1505:     9767.050     9767.110     9767.940     9768.530     9770.020
  1510:     9793.750     9794.190     9795.690     9795.760     9795.840
  1515:     9803.880     9823.840     9826.330     9830.030     9831.000
  1520:     9834.010     9834.020     9834.020     9834.020     9834.020
  1525:     9834.020     9834.890     9835.880     9835.920     9838.020
  1530:     9838.540     9839.020     9839.020     9843.430     9844.010
  1535:     9848.620     9854.040     9854.360     9857.180     9857.650
  1540:     9857.710     9857.780     9857.870     9858.490     9859.470
  1545:     9859.940     9860.130     9862.200     9863.160     9864.600
  1550:     9864.740     9865.590     9866.330     9875.130     9880.480
  1555:     9881.700     9881.830     9882.040     9882.100     9882.400
  1560:     9884.400     9898.430     9901.220     9921.280     9932.910
  1565:     9935.690     9941.920     9943.610     9943.760     9944.370
  1570:     9944.460     9944.560     9944.820     9944.920     9957.110
  1575:     9957.280     9959.400     9967.130     9988.050     9988.490
  1580:    10006.460    10006.570    10007.050    10007.670    10008.670
  1585:    10015.890    10015.970    10025.630    10031.190    10031.460
  1590:    10040.860    10051.740    10069.170    10069.560    10070.540
  1595:    10070.610    10071.040    10071.130    10071.270    10072.620
  1600:    10083.850    10097.420    10097.550    10137.970    10139.240
  1605:    10140.410    10140.460    10140.590    10141.200    10153.370
  1610:    10154.910    10169.920    10180.580    10190.770    10190.920
  1615:    10191.570    10215.660    10231.550    10238.870    10241.470
  1620:    10242.040    10244.670    10246.110    10270.320    10270.390
  1625:    10270.600    10270.930    10273.040    10273.140    10274.330
  1630:    10274.410    10363.650    10397.750    10431.500    10433.850
  1635:    10434.070    10446.450    10446.500    10447.630    10458.370
  1640:    10458.900    10461.410    10477.710    10478.770    10489.190
  1645:    10501.610    10539.250    10539.570    10543.900    10544.390
  1650:    10544.680    10545.710    10545.740    10549.380    10550.770
  1655:    10551.130    10554.480    10554.480    10554.480    10554.480
  1660:    10554.480    10554.480    10557.060    10557.100    10558.480
  1665:    10559.450    10559.480    10559.480    10564.470    10566.660
  1670:    10569.870    10570.000    10576.790    10576.880    10576.930
  1675:    10577.130    10581.670    10581.870    10583.500    10583.680
  1680:    10587.700    10588.590    10588.620    10598.290    10600.170
  1685:    10600.210    10601.830    10605.720    10606.960    10607.110
  1690:    10609.250    10610.880    10618.140    10628.120    10631.550
  1695:    10631.550    10631.550    10631.550    10631.550    10631.550
  1700:    10635.550    10636.550    10636.550    10638.110    10641.540
  1705:    10645.790    10649.270    10653.770    10660.130    10661.600
  1710:    10663.940    10669.100    10675.950    10676.690    10676.700
  1715:    10677.270    10679.090    10679.430    10679.510    10684.410
  1720:    10702.300    10702.860    10704.500    10708.540    10710.510
  1725:    10710.800    10711.050    10711.170    10712.060    10712.860
  1730:    10713.510    10719.920    10721.720    10751.670    10758.130
  1735:    10762.760    10763.450    10763.830    10764.850    10764.910
  1740:    10764.960    10766.870    10784.070    10784.070    10784.070
  1745:    10784.070    10784.070    10784.070    10784.180    10784.210
  1750:    10788.070    10789.070    10789.070    10794.060    10799.820
  1755:    10800.010
