File: C:\MED-PC IV\DATA\!2025-05-31_14h42m.Subject T7



Start Date: 05/31/25
End Date: 05/31/25
Subject: T7
Experiment: OralFentSA
Group: One
Box: 1
Start Time: 14:42:45
End Time: 17:42:51
MSN: Golden_Liq_SelfAdmin
F:       0.000
G:     460.000
H:   10800.010
I:       0.000
J:       0.000
K:       0.000
L:       0.000
M:       0.000
N:       0.000
O:       0.000
P:       0.000
Q:       0.000
R:       0.000
S:       0.000
U:       0.000
V:       0.000
W:       0.000
X:       0.000
Y:       0.000
Z:       0.000
A:
     0:        0.000        0.000      180.000        4.000        0.000
     5:        5.000        0.000        5.000        0.000        0.000
    10:        1.000        0.000       10.000  3000000.000       20.000
    15:       15.000      640.000        0.000        0.000        0.000
    20:        0.000
B:
     0:        0.000        0.000        0.000      400.000        0.000
     5:      500.000        0.000      500.000        0.000        0.000
    10:        0.000        0.000     1000.000 300000000.00        0.000
    15:        0.000        0.000        0.000        0.000        0.000
    20:        0.000
C:
     0:        1.000        2.000        0.000        1.000      440.000
     5:     5875.930        7.490        1.000        7.490        7.490
    10:        1.000        2.000        0.000        0.000        0.000
    15:        0.000        0.000        0.000        0.000        0.000
    20:        0.000
D:
     0:        7.490
E:
     0:       19.000       11.000       26.000       27.000        6.000
     5:        6.000        6.000        6.000        6.000        6.000
    10:        6.000        6.000        6.000        6.000        6.000
    15:        6.000        6.000        6.000        6.000        6.000
    20:        6.000        6.000        6.000        6.000        6.000
    25:        6.000        6.000        6.000        6.000        6.000
    30:        6.000        6.000        6.000        6.000        6.000
    35:        6.000        6.000        6.000        6.000        6.000
    40:        6.000        6.000        6.000        6.000        6.000
    45:        6.000        6.000        6.000        6.000        6.000
    50:        6.000        6.000        6.000        6.000        6.000
    55:        6.000        6.000       23.000        6.000        6.000
    60:        6.000        6.000        6.000        6.000        6.000
    65:        6.000        6.000        6.000        6.000        6.000
    70:        6.000        6.000        6.000        6.000        6.000
    75:        6.000        6.000        6.000        6.000        6.000
    80:        6.000        6.000        6.000        6.000        6.000
    85:        6.000        6.000        6.000        6.000        6.000
    90:        6.000        6.000        6.000        6.000        6.000
    95:        6.000        6.000        6.000        6.000        6.000
   100:        6.000        6.000        6.000        6.000        6.000
   105:        6.000        6.000        6.000        6.000        6.000
   110:        6.000        6.000        6.000        6.000        6.000
   115:        6.000        6.000        6.000        6.000        6.000
   120:        6.000        6.000        6.000        6.000        6.000
   125:        6.000        6.000        6.000        6.000        6.000
   130:        6.000        6.000        6.000        6.000        6.000
   135:        6.000        6.000        6.000        6.000        6.000
   140:        6.000        6.000        6.000        6.000        6.000
   145:        6.000        6.000        6.000        6.000        6.000
   150:        6.000        6.000        6.000        6.000        6.000
   155:        6.000        6.000        6.000        6.000        6.000
   160:        6.000        6.000        6.000        6.000        6.000
   165:        6.000        6.000        6.000        6.000        6.000
   170:        6.000        6.000        6.000        6.000        6.000
   175:        6.000        6.000        6.000        6.000        2.000
   180:        4.000       22.000       24.000       12.000       13.000
   185:        8.000        5.000       17.000       18.000       14.000
   190:       10.000        6.000       19.000       11.000        6.000
   195:        6.000        6.000        6.000        6.000        6.000
   200:        6.000        6.000        6.000        6.000        6.000
   205:        6.000        6.000        6.000        6.000        6.000
   210:        6.000        6.000        6.000        6.000        6.000
   215:        6.000        6.000        6.000        6.000        6.000
   220:        6.000        6.000        6.000        6.000        6.000
   225:        6.000        6.000        6.000        6.000        6.000
   230:        6.000        6.000        6.000        6.000        6.000
   235:        6.000        6.000        6.000        6.000        6.000
   240:        6.000        6.000        6.000        6.000        6.000
   245:        6.000        6.000        6.000        6.000        6.000
   250:        6.000        6.000        6.000        6.000        6.000
   255:        6.000        6.000        6.000        6.000        6.000
   260:        6.000        6.000        6.000        6.000        6.000
   265:        6.000        6.000        6.000        6.000        6.000
   270:        6.000        6.000        6.000        6.000        6.000
   275:        6.000        6.000        6.000        6.000        6.000
   280:        6.000        6.000        6.000        6.000        6.000
   285:        6.000        6.000        6.000        6.000        6.000
   290:        6.000        6.000        6.000        6.000        6.000
   295:        6.000        6.000        6.000        6.000        6.000
   300:        6.000        6.000        6.000        6.000        6.000
   305:        6.000        6.000        6.000        6.000        6.000
   310:        6.000        6.000        6.000        6.000        6.000
   315:        6.000        6.000        6.000        6.000        6.000
   320:        6.000        6.000        6.000        6.000        6.000
   325:        6.000        6.000        6.000        6.000        6.000
   330:        6.000        6.000        6.000        6.000        6.000
   335:        6.000        6.000        6.000        6.000        6.000
   340:        6.000        6.000        6.000        6.000        6.000
   345:        6.000        6.000        6.000        6.000        6.000
   350:        6.000        6.000        6.000        6.000        6.000
   355:        6.000        6.000        6.000        6.000        6.000
   360:        6.000        6.000        6.000        6.000        6.000
   365:        6.000        6.000        6.000        6.000        6.000
   370:        6.000        6.000        6.000        6.000        6.000
   375:        6.000        6.000        6.000        6.000        6.000
   380:        6.000        6.000        6.000       23.000        6.000
   385:        6.000        6.000        6.000        6.000        6.000
   390:        6.000        6.000        6.000        6.000        6.000
   395:        6.000        6.000        6.000        6.000        6.000
   400:        6.000        6.000        6.000        6.000        6.000
   405:        6.000        6.000        6.000        6.000        6.000
   410:        6.000        6.000        6.000        6.000        6.000
   415:        6.000        6.000        6.000        6.000        6.000
   420:        6.000        6.000        6.000        6.000        6.000
   425:        6.000        6.000        6.000        6.000        6.000
   430:        6.000        6.000        6.000        6.000        6.000
   435:        6.000        6.000        6.000        6.000        6.000
   440:        6.000        6.000        6.000        6.000        6.000
   445:        6.000        6.000        6.000        6.000        6.000
   450:        6.000        6.000        6.000        6.000        6.000
   455:        6.000        6.000        6.000        6.000        6.000
   460:      100.000
T:
     0:        0.000        0.000        0.000        0.000       52.300
     5:       80.870       83.090       83.140       83.170       83.980
    10:       90.110      151.820      176.450      176.510      177.490
    15:      177.520      248.570      393.640      437.240      446.650
    20:      450.660      453.230      454.830      557.350      580.140
    25:      581.260      581.430      583.410      596.820      759.020
    30:      760.400      764.350      765.070      772.310      772.990
    35:      836.470      840.860      846.990      961.030     1486.220
    40:     1581.310     1588.670     1588.880     1589.530     1589.670
    45:     1590.020     1593.680     1594.640     1595.290     1596.890
    50:     1604.640     1605.390     1774.040     1782.970     1868.530
    55:     1869.240     1874.010     2046.470     2058.310     2065.910
    60:     2222.860     2292.420     2381.190     2420.630     2421.030
    65:     2444.800     2444.910     2446.620     2446.670     2446.840
    70:     2447.250     2455.980     2459.510     2531.700     2582.350
    75:     2583.430     2595.250     2656.070     2690.410     2705.630
    80:     2767.160     2813.070     2813.480     2813.700     2813.750
    85:     2813.830     2864.070     2867.290     2867.460     2880.960
    90:     2982.700     2982.920     3001.020     3172.930     3194.100
    95:     3292.920     3331.260     3471.700     3472.140     3479.550
   100:     3481.320     3482.660     3486.470     3487.140     3487.340
   105:     3488.970     3490.740     3491.790     3491.860     3494.750
   110:     3497.980     3498.030     3677.000     3677.530     3677.580
   115:     3725.960     3725.990     3726.040     3754.710     3755.270
   120:     3759.570     3759.900     3760.100     3760.660     3774.030
   125:     4020.450     4020.840     4020.950     4021.540     4063.380
   130:     4064.490     4075.410     4081.270     4081.570     4081.650
   135:     4082.060     4085.170     4085.830     4085.890     4095.170
   140:     4146.520     4164.200     4331.690     4369.600     4375.330
   145:     4376.610     4405.930     4407.030     4486.910     4498.800
   150:     4499.360     4683.190     4686.860     4687.180     4749.520
   155:     4749.810     4750.060     4753.100     4753.580     4753.680
   160:     4776.800     4777.230     4777.650     4802.560     4803.010
   165:     4838.830     5018.580     5067.160     5068.750     5393.650
   170:     5394.310     5394.470     5394.530     5394.790     5395.000
   175:     5450.350     5450.710     5541.730     5722.640     5875.920
   180:     5875.920     5875.920     5875.930     5875.930     5875.930
   185:     5875.930     5875.930     5875.930     5879.930     5880.930
   190:     5880.930     5883.420     5885.920     5885.930     5887.770
   195:     5900.990     5913.810     5969.870     5980.240     6005.490
   200:     6088.220     6094.380     6096.280     6097.390     6120.620
   205:     6196.910     6208.430     6208.600     6278.880     6317.130
   210:     6328.860     6328.960     6331.390     6333.040     6333.300
   215:     6335.990     6341.470     6343.340     6343.390     6343.760
   220:     6344.220     6348.330     6348.440     6350.600     6353.870
   225:     6748.260     6754.960     6760.540     6764.930     6765.770
   230:     6769.030     6770.890     6775.610     6776.530     6776.840
   235:     6777.200     6777.330     6777.900     6778.080     6778.120
   240:     6778.420     6783.300     6783.470     6783.540     6785.880
   245:     6804.210     6804.510     6804.700     6805.320     6805.450
   250:     6805.490     6805.530     6811.310     6811.830     6812.070
   255:     6812.160     6812.220     6812.650     6814.100     6818.530
   260:     6819.310     6898.330     6898.710     6905.790     6923.750
   265:     6925.570     6925.760     7514.150     7516.870     7517.130
   270:     7518.140     7540.650     7699.590     7963.680     8035.360
   275:     8097.530     8099.110     8101.210     8101.610     8107.730
   280:     8110.410     8113.790     8113.870     8114.020     8114.400
   285:     8115.700     8118.720     8122.880     8124.800     8124.870
   290:     8125.060     8126.090     8127.470     8127.550     8127.880
   295:     8127.940     8128.530     8131.310     8132.270     8132.350
   300:     8134.080     8134.130     8135.650     8138.460     8138.770
   305:     8139.320     8145.380     8147.960     8149.450     8149.600
   310:     8149.620     8150.090     8158.490     8161.520     8161.990
   315:     8164.080     8165.330     8170.130     8170.280     8170.560
   320:     8171.050     8171.550     8186.320     8187.410     8187.570
   325:     8188.280     8189.480     8189.570     8191.970     8192.250
   330:     8388.630     8388.900     8388.910     8389.310     8496.610
   335:     8502.520     8504.770     8506.260     8506.400     8507.340
   340:     8508.840     8508.880     8509.230     8511.890     8512.040
   345:     8512.360     8512.470     8516.170     8516.230     8516.960
   350:     8517.190     8518.290     8518.350     8518.810     8518.870
   355:     8519.390     8525.080     8600.340     8600.650     8615.340
   360:     8655.420     8683.200     8777.900     8778.320     8778.350
   365:     8778.790     8902.020     8902.050     8924.340     8925.160
   370:     8925.200     8925.300     8925.400     8925.430     8928.030
   375:     8968.560     8971.090     8972.200     8972.980     9007.100
   380:     9007.150     9007.230     9007.380     9089.450     9100.240
   385:     9100.650     9100.730     9100.840     9101.010     9101.480
   390:     9104.030     9129.190     9129.310     9129.400     9138.200
   395:     9138.670     9139.020     9139.050     9244.970     9247.710
   400:     9281.170     9281.660     9281.760     9283.840     9285.460
   405:     9286.870     9291.210     9291.770     9298.730     9388.680
   410:     9579.260     9579.580     9703.370     9703.520     9704.780
   415:     9796.280     9798.810     9800.040     9800.440     9802.760
   420:     9803.630     9803.840     9804.350     9804.780     9804.800
   425:     9805.130     9805.670     9807.360     9807.610     9807.980
   430:     9809.750     9812.260     9823.850     9834.330    10129.540
   435:    10129.580    10129.720    10130.380    10130.920    10131.480
   440:    10168.360    10169.510    10201.630    10202.130    10241.230
   445:    10366.690    10367.130    10367.210    10369.410    10378.240
   450:    10477.770    10520.660    10521.480    10521.540    10521.680
   455:    10521.890    10607.480    10683.750    10683.780    10777.540
   460:    10800.010
