File: C:\MED-PC IV\DATA\!2025-05-24_14h52m.Subject T11



Start Date: 05/24/25
End Date: 05/24/25
Subject: T11
Experiment: OralFentSA
Group: One
Box: 5
Start Time: 14:52:31
End Time: 17:52:36
MSN: Golden_Liq_SelfAdmin
F:       0.000
G:     799.000
H:   10800.010
I:       0.000
J:       0.000
K:       0.000
L:       0.000
M:       0.000
N:       0.000
O:       0.000
P:       0.000
Q:       0.000
R:       0.000
S:       0.000
U:       0.000
V:       0.000
W:       0.000
X:       0.000
Y:       0.000
Z:       0.000
A:
     0:        0.000        0.000      180.000        4.000        0.000
     5:        5.000        0.000        5.000        0.000        0.000
    10:        1.000        0.000       10.000  3000000.000       25.000
    15:       10.000      640.000        0.000        0.000        0.000
    20:        0.000
B:
     0:        0.000        0.000        0.000      400.000        0.000
     5:      500.000        0.000      500.000        0.000        0.000
    10:        0.000        0.000     1000.000 300000000.00        0.000
    15:        0.000        0.000        0.000        0.000        0.000
    20:        0.000
C:
     0:        9.000       10.000        0.000       13.000      610.000
     5:     9031.890        1.080        9.000       21.830        2.426
    10:       13.000       51.000        0.000        0.000        0.000
    15:        0.000        0.000        0.000        0.000        0.000
    20:        0.000
D:
     0:        1.190        1.320        0.810        4.850        3.240
     5:        3.960        3.520        1.860        1.080
E:
     0:       19.000       11.000       26.000       27.000        6.000
     5:        6.000        6.000       23.000        6.000        6.000
    10:        6.000        6.000       23.000        6.000        6.000
    15:        6.000        6.000        6.000        6.000        6.000
    20:        6.000        6.000        6.000        6.000        6.000
    25:        6.000        6.000        6.000        6.000        6.000
    30:        6.000        6.000        6.000        6.000       23.000
    35:       23.000        6.000        6.000        6.000        6.000
    40:        6.000        6.000        6.000        6.000        6.000
    45:        6.000        6.000        6.000        6.000       23.000
    50:        6.000        2.000        4.000       22.000       24.000
    55:       12.000       13.000        8.000        5.000       17.000
    60:        6.000        6.000        6.000       18.000       14.000
    65:       10.000       21.000       22.000       19.000       11.000
    70:        2.000        4.000       22.000       24.000       12.000
    75:       13.000        8.000        5.000       17.000        6.000
    80:        6.000        6.000        6.000       18.000       14.000
    85:       10.000       19.000       11.000        6.000        6.000
    90:        6.000        6.000        6.000        6.000        6.000
    95:        6.000        6.000        6.000        6.000        6.000
   100:        6.000        2.000        4.000       22.000       24.000
   105:       12.000       13.000        8.000        5.000       17.000
   110:        6.000        6.000       18.000       14.000       10.000
   115:       19.000       11.000        6.000        6.000        6.000
   120:        6.000        6.000       23.000        6.000        6.000
   125:        6.000        6.000        6.000        6.000        6.000
   130:        6.000        6.000        6.000        6.000        6.000
   135:        6.000        6.000        6.000        6.000        6.000
   140:        6.000        6.000        6.000        6.000        6.000
   145:        6.000        6.000        6.000        6.000        6.000
   150:        6.000        6.000        6.000        6.000        6.000
   155:        6.000        6.000        6.000        6.000        6.000
   160:        6.000        6.000        6.000        6.000        6.000
   165:        6.000        6.000        6.000        6.000        6.000
   170:        6.000        6.000        6.000        6.000        6.000
   175:        6.000        6.000        6.000        6.000        6.000
   180:        6.000        6.000        6.000        6.000        6.000
   185:        6.000        6.000        6.000        6.000        6.000
   190:        6.000        6.000        6.000        6.000        6.000
   195:        6.000        6.000        6.000        6.000        6.000
   200:        6.000        6.000        6.000        6.000        6.000
   205:        6.000        6.000        6.000        6.000        6.000
   210:        6.000        6.000        6.000        6.000        6.000
   215:        6.000        6.000        6.000        6.000        6.000
   220:        6.000       23.000       23.000        6.000        6.000
   225:        6.000        6.000        6.000        6.000        6.000
   230:        6.000        6.000        6.000        6.000        6.000
   235:        6.000        6.000        6.000        6.000        6.000
   240:        6.000        6.000        6.000        6.000        6.000
   245:        6.000        6.000        6.000        6.000        6.000
   250:        6.000        6.000        6.000        6.000        2.000
   255:        4.000       22.000       24.000       12.000       13.000
   260:        8.000        5.000       17.000       18.000        6.000
   265:       14.000       10.000        6.000       19.000       11.000
   270:        6.000        6.000        6.000        6.000        6.000
   275:        6.000        6.000        6.000        6.000        6.000
   280:        6.000        6.000        6.000        6.000       23.000
   285:       23.000        6.000        6.000        6.000        6.000
   290:        6.000        6.000        6.000        6.000        6.000
   295:        6.000        6.000        6.000        6.000        6.000
   300:        6.000        6.000        6.000        6.000        6.000
   305:        6.000        6.000        6.000        6.000        6.000
   310:        6.000        6.000        6.000        6.000        6.000
   315:        6.000        6.000        6.000        6.000        6.000
   320:        6.000        6.000        6.000        6.000        6.000
   325:        6.000        6.000        6.000        6.000        6.000
   330:        6.000        6.000        6.000        6.000        6.000
   335:        6.000        6.000        6.000        6.000        6.000
   340:        6.000        6.000        6.000        6.000        6.000
   345:        6.000        6.000        6.000        6.000        6.000
   350:        6.000        6.000        6.000        6.000        6.000
   355:        6.000        6.000        6.000        6.000        6.000
   360:        6.000        6.000        6.000        6.000        6.000
   365:        6.000        6.000        6.000        6.000        6.000
   370:        6.000        6.000        6.000        6.000        6.000
   375:        6.000        6.000        6.000        6.000        6.000
   380:        6.000        6.000        6.000        6.000        6.000
   385:        6.000        6.000        6.000        6.000        6.000
   390:       23.000        6.000        6.000        6.000        6.000
   395:        6.000        6.000        6.000        6.000        6.000
   400:        6.000        6.000        6.000        6.000        6.000
   405:        6.000        6.000        6.000        6.000        6.000
   410:        6.000       23.000        6.000        6.000        6.000
   415:        6.000        6.000        6.000        6.000        6.000
   420:        6.000        2.000        4.000       22.000       24.000
   425:       12.000       13.000        8.000        5.000       17.000
   430:       21.000       22.000        6.000        6.000       18.000
   435:       14.000       10.000       19.000       11.000        6.000
   440:        6.000        6.000        6.000        6.000        6.000
   445:        6.000        6.000        6.000        6.000        6.000
   450:        6.000        6.000        6.000        6.000        6.000
   455:        6.000        6.000        6.000        6.000        6.000
   460:        6.000        6.000        6.000        6.000        6.000
   465:        6.000        6.000        6.000       23.000       23.000
   470:       23.000        6.000       23.000       23.000        6.000
   475:        2.000        4.000       22.000       24.000       12.000
   480:       13.000        8.000        5.000       17.000        6.000
   485:       18.000       14.000       10.000       21.000       22.000
   490:       19.000       11.000        6.000        6.000        6.000
   495:        2.000        4.000       22.000       24.000       12.000
   500:       13.000        8.000        5.000       17.000        6.000
   505:       18.000       14.000       10.000       19.000       11.000
   510:        6.000        6.000        6.000        6.000        6.000
   515:        6.000        6.000        6.000        6.000        6.000
   520:        6.000        6.000        6.000        6.000        6.000
   525:        6.000        6.000        6.000        6.000        6.000
   530:        6.000        6.000        6.000        6.000        6.000
   535:        6.000        6.000        6.000        6.000        6.000
   540:        6.000        6.000        6.000        6.000        6.000
   545:        6.000        6.000        6.000        6.000        6.000
   550:        6.000        6.000        6.000        6.000        6.000
   555:        6.000        6.000        6.000        6.000        6.000
   560:        6.000        6.000        6.000        6.000        6.000
   565:        6.000        6.000        6.000        6.000        6.000
   570:        6.000        6.000        6.000        6.000        6.000
   575:        6.000        6.000        6.000        6.000        6.000
   580:        6.000        6.000        6.000        6.000        6.000
   585:        6.000        6.000        6.000        2.000        4.000
   590:       22.000       24.000       12.000       13.000        8.000
   595:        5.000       17.000        6.000       18.000       14.000
   600:       10.000        6.000        6.000       19.000       11.000
   605:        6.000        6.000        6.000        6.000        6.000
   610:        6.000        2.000        4.000       22.000       24.000
   615:       12.000       13.000        8.000        5.000       17.000
   620:       21.000       22.000        6.000       18.000       14.000
   625:       10.000       19.000       11.000        6.000        6.000
   630:        6.000        6.000        6.000        6.000        6.000
   635:        6.000        6.000        6.000        6.000        6.000
   640:        6.000        6.000        6.000        6.000        6.000
   645:        6.000        6.000        6.000        6.000        6.000
   650:        6.000        6.000        6.000        6.000        6.000
   655:        6.000        6.000        6.000        6.000        6.000
   660:        6.000        6.000        6.000        6.000        6.000
   665:        6.000        6.000        6.000        6.000        6.000
   670:        6.000        6.000        6.000        6.000        6.000
   675:        6.000        6.000        6.000        6.000        6.000
   680:        6.000        6.000        6.000        6.000        6.000
   685:        6.000        6.000        6.000        6.000        6.000
   690:        6.000        6.000        6.000        6.000        6.000
   695:        6.000        6.000        6.000        6.000        6.000
   700:        6.000        6.000        6.000        6.000        6.000
   705:        6.000        6.000        6.000        6.000        6.000
   710:        6.000        6.000        6.000        6.000        6.000
   715:        6.000        6.000        6.000        6.000        6.000
   720:        6.000        6.000        6.000        6.000        6.000
   725:        6.000        6.000        6.000        6.000        6.000
   730:        6.000        6.000        6.000        6.000        6.000
   735:        6.000        6.000        6.000        6.000        6.000
   740:        6.000        6.000        6.000        6.000        6.000
   745:        6.000        6.000        6.000        6.000        6.000
   750:        6.000        6.000        6.000        6.000        6.000
   755:        6.000        6.000       23.000       23.000        6.000
   760:        6.000        6.000        6.000        6.000        6.000
   765:        6.000        6.000       23.000       23.000       23.000
   770:       23.000       23.000       23.000       23.000       23.000
   775:       23.000       23.000       23.000       23.000       23.000
   780:       23.000       23.000       23.000       23.000       23.000
   785:       23.000       23.000       23.000       23.000       23.000
   790:       23.000       23.000       23.000       23.000       23.000
   795:       23.000       23.000       23.000       23.000      100.000
T:
     0:        0.000        0.000        0.000        0.000        3.490
     5:       16.640       17.350       67.570      167.700      169.450
    10:      180.230      185.300      199.850      210.000      210.140
    15:      247.570      248.030      250.290      250.370      250.380
    20:      250.550      250.630      335.050      335.390      337.350
    25:      352.010      352.840      352.900      353.630      353.850
    30:      354.450      354.490      419.600      478.220      488.450
    35:      489.070      517.730      525.290      538.920      540.890
    40:      541.460      541.500      578.790      581.560      581.930
    45:      582.020      582.140      582.300      582.360      655.270
    50:      663.250      669.160      669.160      669.160      669.170
    55:      669.170      669.170      669.170      669.170      669.170
    60:      670.360      671.020      671.510      673.170      674.170
    65:      674.170      675.400      675.400      679.160      679.170
    70:      686.290      686.290      686.290      686.300      686.300
    75:      686.300      686.300      686.300      686.300      687.620
    80:      689.900      689.960      690.030      690.300      691.300
    85:      691.300      696.290      696.300      697.410      699.570
    90:      700.760      700.830      701.150      701.800      701.840
    95:      701.950      702.010      702.210      702.280      702.660
   100:      702.870      706.410      706.410      706.410      706.420
   105:      706.420      706.420      706.420      706.420      706.420
   110:      707.230      710.320      710.420      711.420      711.420
   115:      716.410      716.420      729.250      748.410      750.460
   120:      764.610      783.570      810.640      822.500      823.220
   125:      827.470      827.750      834.050      834.580      834.610
   130:      834.690      835.140      836.770      837.250      850.400
   135:      850.580      850.660      851.030      851.160      853.860
   140:      856.480      857.300      857.350      857.400      857.560
   145:      857.700      857.720      857.760      857.850      857.940
   150:      857.990      859.780      862.610      862.990      863.280
   155:      863.420      863.590      863.640      864.550      865.700
   160:      865.790      868.710      868.820      869.240      869.290
   165:      869.850      870.580      871.080      872.290      872.330
   170:      873.010      873.080      873.110      873.500      874.080
   175:      875.050      875.540      877.780      878.240      885.250
   180:      891.550      892.250      893.710      895.160      901.910
   185:      902.270     1058.790     1059.650     1072.670     1072.800
   190:     1074.540     1074.750     1305.200     1305.360     1338.360
   195:     1338.520     1434.690     1682.250     1682.690     1683.130
   200:     1856.090     1858.890     1864.180     1866.060     1866.680
   205:     1868.250     1893.570     1893.780     2004.750     2021.030
   210:     2258.650     2345.150     2381.990     2440.250     2443.470
   215:     2738.340     2744.480     2821.320     2839.120     2861.080
   220:     2861.140     2881.080     2881.420     2890.610     2890.850
   225:     2891.380     2891.790     2893.570     2910.580     2943.400
   230:     2972.040     2972.060     3121.290     3191.330     3265.240
   235:     3417.320     3417.400     3417.880     3417.970     3425.780
   240:     3498.710     3498.930     3503.400     3503.550     3582.380
   245:     3611.000     3611.720     3684.460     3685.040     3722.140
   250:     3722.920     3732.410     3732.910     3733.160     3743.270
   255:     3743.270     3743.270     3743.280     3743.280     3743.280
   260:     3743.280     3743.280     3743.280     3747.280     3748.130
   265:     3748.280     3748.280     3749.130     3753.270     3753.280
   270:     3765.760     3811.280     3843.640     3844.150     3903.500
   275:     3908.140     3908.250     3908.720     3912.690     3913.050
   280:     3914.590     3916.420     4070.860     4104.550     4116.220
   285:     4116.450     4120.450     4120.660     4122.330     4142.120
   290:     4142.170     4146.100     4146.890     4146.940     4146.960
   295:     4275.240     4595.420     4656.770     4656.860     4656.940
   300:     4658.390     4658.650     4815.960     4816.520     5148.820
   305:     5149.440     5149.800     5150.180     5150.230     5150.350
   310:     5150.450     5150.640     5150.960     5251.440     5252.720
   315:     5252.880     5254.880     5256.580     5256.610     5266.280
   320:     5266.360     5266.550     5268.590     5268.670     5268.750
   325:     5268.850     5270.880     5271.170     5271.240     5272.270
   330:     5275.580     5277.090     5277.180     5278.380     5278.720
   335:     5279.230     5280.680     5280.810     5281.420     5283.660
   340:     5283.700     5284.270     5285.120     5285.220     5289.070
   345:     5291.770     5292.780     5292.820     5294.040     5299.370
   350:     5300.220     5300.530     5346.520     5348.290     5348.340
   355:     5348.890     5350.190     5350.250     5358.260     5358.560
   360:     5358.640     5358.840     5358.990     5359.010     5359.100
   365:     5359.580     5360.120     5361.070     5361.950     5365.710
   370:     5368.040     5368.110     5368.500     5369.070     5370.840
   375:     5370.890     5389.670     5396.400     5396.500     5396.690
   380:     5397.110     5397.310     5397.420     5397.740     5398.380
   385:     5398.510     5398.660     5420.690     5421.180     5421.360
   390:     5434.520     5445.010     5445.060     5468.760     5471.170
   395:     5472.340     5472.400     5631.010     5641.310     5643.120
   400:     5643.520     5643.850     5645.000     5645.390     5647.720
   405:     5650.610     5653.050     5654.550     5655.300     5655.460
   410:     5655.530     5723.500     5733.530     5735.040     5737.230
   415:     5737.280     5739.650     5741.830     5743.540     5744.140
   420:     5751.050     5757.310     5757.310     5757.310     5757.320
   425:     5757.320     5757.320     5757.320     5757.320     5757.320
   430:     5758.750     5758.750     5760.560     5760.960     5761.320
   435:     5762.320     5762.320     5767.310     5767.320     5767.990
   440:     5771.850     5772.710     5781.390     5782.040     5782.240
   445:     5782.370     5783.380     5783.450     5785.230     5793.970
   450:     5796.180     5798.060     5798.100     5798.620     5798.860
   455:     5799.470     5799.540     5799.820     5813.160     5813.690
   460:     5813.840     5815.950     5867.020     5906.720     5907.150
   465:     5916.460     5936.300     5949.700     5964.810     5967.600
   470:     5968.150     5978.570     6006.140     6006.320     6017.550
   475:     6038.010     6038.010     6038.010     6038.020     6038.020
   480:     6038.020     6038.020     6038.020     6038.020     6041.980
   485:     6042.020     6043.020     6043.020     6044.330     6044.330
   490:     6048.010     6048.020     6103.600     6105.320     6121.590
   495:     6126.140     6126.140     6126.140     6126.150     6126.150
   500:     6126.150     6126.150     6126.150     6126.150     6129.670
   505:     6130.150     6131.150     6131.150     6136.140     6136.150
   510:     6150.450     6153.350     6189.350     6209.350     6210.300
   515:     6220.470     6232.900     6233.610     6233.680     6233.740
   520:     6234.100     6235.180     6235.370     6236.050     6237.090
   525:     6237.370     6238.340     6238.410     6238.480     6248.110
   530:     6248.800     6249.490     6354.960     6355.310     6356.620
   535:     6359.000     6359.760     6725.770     6726.610     6868.770
   540:     7137.580     7463.660     7463.740     7464.380     7464.630
   545:     7525.630     7525.850     7526.460     7596.920     7598.060
   550:     7598.200     7598.420     7598.620     8409.400     8427.150
   555:     8427.350     8427.530     8436.070     8438.090     8438.800
   560:     8438.880     8439.110     8440.860     8442.600     8444.860
   565:     8445.170     8446.310     8446.380     8447.120     8448.480
   570:     8448.720     8470.710     8470.730     8470.800     8523.000
   575:     8551.830     8551.990     8569.860     8572.000     8590.940
   580:     8592.040     8592.070     8592.180     8592.220     8592.300
   585:     8592.390     8592.600     8592.650     8594.760     8594.760
   590:     8594.760     8594.770     8594.770     8594.770     8594.770
   595:     8594.770     8594.770     8596.630     8598.770     8599.770
   600:     8599.770     8601.380     8602.210     8604.760     8604.770
   605:     8641.170     8642.580     8683.300     8749.050     8749.200
   610:     9013.100     9031.880     9031.880     9031.880     9031.890
   615:     9031.890     9031.890     9031.890     9031.890     9031.890
   620:     9031.930     9031.930     9032.970     9035.890     9036.890
   625:     9036.890     9041.880     9041.890     9045.200     9055.690
   630:     9056.670     9061.220     9062.390     9062.510     9062.650
   635:     9065.860     9066.530     9069.110     9069.440     9071.090
   640:     9073.250     9075.040     9075.740     9075.830     9077.090
   645:     9077.220     9078.390     9078.520     9079.940     9085.140
   650:     9085.780     9109.390     9110.650     9111.320     9112.650
   655:     9115.360     9116.170     9116.680     9117.220     9117.580
   660:     9118.240     9118.520     9118.780     9118.840     9119.050
   665:     9120.510     9127.250     9127.300     9128.930     9165.840
   670:     9166.070     9166.250     9166.500     9167.720     9171.440
   675:     9172.440     9172.550     9173.170     9173.570     9174.530
   680:     9174.770     9176.530     9176.890     9177.600     9178.050
   685:     9178.460     9178.760     9178.960     9180.110     9181.180
   690:     9184.070     9184.140     9184.340     9184.960     9184.990
   695:     9185.310     9186.400     9186.750     9186.830     9188.080
   700:     9188.150     9188.410     9188.690     9189.700     9217.860
   705:     9220.090     9232.270     9232.680     9233.120     9233.440
   710:     9235.710     9235.770     9236.780     9238.080     9238.320
   715:     9241.320     9242.140     9242.200     9242.300     9242.410
   720:     9242.630     9242.800     9246.120     9246.510     9248.000
   725:     9248.750     9249.080     9249.730     9250.620     9250.870
   730:     9251.010     9348.220     9666.530     9667.080     9672.440
   735:     9674.700     9674.740     9681.550     9720.760     9721.160
   740:     9721.880     9722.780     9767.610     9767.740     9767.750
   745:     9767.860     9767.930     9768.020     9768.340     9770.090
   750:     9770.130     9830.510     9830.620     9955.160     9955.450
   755:     9955.660     9956.150     9991.480     9993.470    10096.420
   760:    10265.110    10265.810    10383.580    10385.470    10476.050
   765:    10476.580    10478.970    10554.350    10560.330    10562.500
   770:    10562.730    10581.880    10592.340    10601.920    10628.030
   775:    10630.390    10634.460    10637.620    10637.900    10659.900
   780:    10664.590    10668.760    10670.200    10676.910    10679.160
   785:    10681.810    10694.410    10725.880    10729.220    10731.160
   790:    10732.880    10736.310    10737.530    10751.000    10783.930
   795:    10788.500    10794.430    10795.190    10796.420    10800.010
