File: C:\MED-PC IV\DATA\!2025-09-04_16h53m.Subject T25



Start Date: 09/04/25
End Date: 09/04/25
Subject: T25
Experiment: OralFentSA
Group: One
Box: 8
Start Time: 16:53:11
End Time: 19:53:13
MSN: Golden_Liq_SelfAdmin_LIT
F:       0.000
G:     994.000
H:   10800.010
I:       0.000
J:       0.000
K:       0.000
L:       0.000
M:       0.000
N:       0.000
O:       0.000
P:       0.000
Q:       0.000
R:       0.000
S:       0.000
U:       0.000
V:       0.000
W:       0.000
X:       0.000
Y:       0.000
Z:       0.000
A:
     0:        0.000        0.000      180.000        4.000        0.000
     5:        5.000        0.000        5.000        0.000        0.000
    10:        1.000        0.000       10.000 180000000.00       20.000
    15:       14.000      320.000        0.000        0.000        0.000
    20:        0.000
B:
     0:        0.000        0.000        0.000      400.000        0.000
     5:      500.000        0.000      500.000        0.000        0.000
    10:        0.000        0.000     1000.000 18000000000.        0.000
    15:        0.000        0.000        0.000        0.000        0.000
    20:        0.000
C:
     0:        4.000        5.000        0.000        5.000      916.000
     5:     8985.930        2.110        4.000       13.930        3.482
    10:        5.000       24.000        0.000        0.000        0.000
    15:        0.000        0.000        0.000        0.000        0.000
    20:        0.000
D:
     0:        4.570        4.400        2.850        2.110
E:
     0:       19.000       11.000       26.000       27.000        6.000
     5:        6.000        6.000        6.000        6.000        6.000
    10:        6.000        6.000        6.000        6.000        6.000
    15:        6.000        6.000        6.000        6.000        6.000
    20:        6.000        6.000        6.000        6.000        6.000
    25:        6.000        6.000        2.000        4.000       22.000
    30:       24.000       13.000        8.000        5.000       17.000
    35:       18.000        6.000        6.000       14.000       10.000
    40:        6.000        6.000        6.000       19.000        6.000
    45:        6.000        6.000        6.000        6.000        6.000
    50:       23.000        6.000        6.000        6.000        6.000
    55:        6.000        6.000        6.000        6.000        6.000
    60:        6.000        6.000        6.000        6.000        6.000
    65:        6.000        6.000        6.000        6.000        6.000
    70:        6.000        6.000        6.000        6.000        6.000
    75:        6.000        6.000        6.000        6.000        6.000
    80:        6.000        6.000        6.000        6.000        6.000
    85:        6.000        6.000        6.000        6.000        6.000
    90:        6.000        6.000        6.000        6.000        6.000
    95:        6.000        6.000        6.000        6.000        6.000
   100:        6.000        6.000        6.000        6.000        6.000
   105:        6.000        6.000        6.000        6.000        6.000
   110:        6.000        6.000        6.000        6.000        6.000
   115:        6.000        6.000        6.000        6.000        6.000
   120:        6.000        6.000        6.000        6.000        6.000
   125:        6.000        6.000        6.000        6.000        6.000
   130:        6.000        6.000        6.000        6.000        6.000
   135:        6.000        6.000        6.000        6.000        6.000
   140:        6.000        6.000        6.000        6.000        6.000
   145:        6.000        6.000        6.000        6.000        6.000
   150:        6.000        6.000        6.000        6.000        6.000
   155:        6.000        6.000        6.000        6.000        6.000
   160:        6.000        6.000        6.000        6.000        6.000
   165:        6.000        6.000        6.000        6.000        6.000
   170:        6.000        6.000        6.000        6.000        6.000
   175:        6.000        6.000        6.000        6.000        6.000
   180:        6.000        6.000        6.000        6.000        6.000
   185:        6.000        6.000        6.000        6.000        6.000
   190:        6.000        6.000        6.000        6.000        6.000
   195:        6.000        6.000        6.000        6.000        6.000
   200:        6.000        6.000        6.000        6.000        6.000
   205:        6.000        6.000        6.000        6.000        6.000
   210:        6.000        6.000        6.000        6.000        6.000
   215:        6.000        6.000        6.000        6.000        6.000
   220:        6.000        6.000        6.000        6.000        6.000
   225:        6.000        6.000        6.000        6.000        6.000
   230:        6.000        6.000        6.000        6.000        6.000
   235:        6.000        6.000        6.000       23.000       23.000
   240:        6.000        6.000        6.000        6.000        6.000
   245:        6.000        6.000        6.000        6.000        6.000
   250:        6.000        6.000        6.000        6.000        6.000
   255:        6.000        6.000        6.000        6.000        6.000
   260:        6.000        6.000        6.000        6.000        6.000
   265:        6.000        6.000        6.000        2.000        4.000
   270:       22.000       24.000       13.000        8.000        5.000
   275:       17.000       18.000        6.000       14.000       10.000
   280:        6.000        6.000        6.000        6.000        6.000
   285:       19.000        6.000        6.000        6.000        6.000
   290:        6.000        6.000        6.000        6.000        6.000
   295:        6.000        6.000        6.000        6.000        6.000
   300:        6.000        6.000        6.000        6.000        6.000
   305:        6.000        6.000        6.000        6.000        6.000
   310:        6.000        6.000        6.000        6.000        6.000
   315:        6.000        6.000        6.000        6.000        6.000
   320:        6.000        6.000        6.000        6.000        6.000
   325:        6.000        6.000        6.000        6.000        6.000
   330:        6.000        6.000        6.000        6.000        6.000
   335:        6.000        6.000        6.000        6.000        6.000
   340:        6.000        6.000        6.000        6.000        6.000
   345:        6.000        6.000        6.000        6.000        6.000
   350:        6.000        6.000        6.000        6.000        6.000
   355:        6.000        6.000        6.000        6.000        6.000
   360:        6.000        6.000        6.000        6.000        6.000
   365:        6.000        6.000        6.000        6.000        6.000
   370:        6.000        6.000        6.000        6.000        6.000
   375:        6.000        6.000        6.000        6.000        6.000
   380:        6.000        6.000        6.000        6.000        6.000
   385:        6.000        6.000        6.000        6.000        6.000
   390:        6.000        6.000        6.000        6.000        6.000
   395:        6.000        6.000        6.000        6.000        6.000
   400:        6.000        6.000        6.000        6.000        6.000
   405:        6.000        6.000        6.000        6.000        6.000
   410:        6.000        6.000        6.000        6.000        6.000
   415:        6.000        6.000        6.000        6.000        6.000
   420:        6.000        6.000        6.000        6.000        6.000
   425:        6.000        6.000        6.000        6.000        6.000
   430:        6.000        6.000        6.000        6.000        6.000
   435:        6.000        6.000        6.000        6.000        6.000
   440:        6.000        6.000        6.000        6.000        6.000
   445:        6.000        6.000        6.000        6.000        6.000
   450:        6.000        6.000        6.000        6.000        6.000
   455:        6.000        6.000        6.000        6.000        6.000
   460:        6.000        6.000        6.000        6.000        6.000
   465:        6.000        6.000        6.000        6.000        6.000
   470:        6.000        6.000        6.000        6.000        6.000
   475:        6.000        6.000        6.000        6.000        6.000
   480:        6.000        6.000        6.000        6.000        6.000
   485:        6.000        6.000        6.000        6.000        6.000
   490:        6.000        6.000        6.000        6.000        6.000
   495:        6.000        6.000        6.000        6.000        6.000
   500:        6.000        6.000        6.000        6.000        6.000
   505:        6.000        6.000        6.000        6.000        6.000
   510:        6.000        6.000        6.000        6.000        6.000
   515:        6.000        6.000        6.000        6.000        6.000
   520:        6.000        6.000        6.000        6.000        6.000
   525:        6.000        6.000        6.000        6.000        6.000
   530:        6.000        6.000        6.000        6.000        6.000
   535:        6.000        6.000        6.000        6.000        6.000
   540:        6.000        6.000        6.000        6.000        6.000
   545:        6.000        6.000        6.000        6.000        6.000
   550:        6.000        6.000        6.000        6.000        6.000
   555:        6.000        6.000        6.000        6.000        6.000
   560:        6.000        6.000        6.000        6.000        6.000
   565:        6.000        6.000        6.000        6.000        6.000
   570:        6.000        6.000        6.000        6.000        6.000
   575:        6.000        6.000        6.000        6.000        6.000
   580:        6.000        2.000        4.000       22.000       24.000
   585:       13.000        8.000        5.000       17.000       21.000
   590:       22.000        6.000       18.000       14.000       10.000
   595:        6.000       19.000        6.000        6.000        6.000
   600:        6.000        6.000        6.000        6.000        6.000
   605:        6.000        6.000        6.000        6.000        6.000
   610:        6.000        6.000        6.000        6.000        6.000
   615:        6.000        6.000        6.000        6.000        6.000
   620:        6.000        6.000        6.000        6.000        6.000
   625:        6.000        6.000        6.000        6.000        6.000
   630:        6.000        6.000        6.000        6.000        6.000
   635:        6.000        6.000        6.000        6.000        6.000
   640:        6.000        6.000        6.000        6.000        6.000
   645:        6.000       23.000       23.000        6.000        6.000
   650:        6.000        6.000        6.000        6.000        6.000
   655:        6.000        6.000        6.000        6.000        6.000
   660:        6.000        6.000        6.000        6.000        6.000
   665:        6.000        6.000        6.000        6.000        6.000
   670:        6.000        6.000        6.000        6.000        6.000
   675:        6.000        6.000        6.000        6.000        6.000
   680:        6.000        6.000        6.000        6.000        6.000
   685:        6.000       23.000       23.000       23.000       23.000
   690:       23.000        6.000        6.000        6.000        6.000
   695:        6.000        6.000        6.000        6.000        6.000
   700:        6.000        6.000        6.000        6.000        6.000
   705:        6.000        6.000        6.000        6.000        6.000
   710:        6.000        6.000        6.000        6.000        6.000
   715:        6.000        6.000        6.000        6.000        6.000
   720:        6.000        6.000        6.000        6.000        6.000
   725:        6.000        6.000        6.000        6.000        6.000
   730:        6.000        6.000        6.000        6.000        6.000
   735:        6.000        6.000        6.000        6.000        6.000
   740:        6.000        6.000        6.000        6.000        6.000
   745:        6.000        6.000        6.000        6.000        6.000
   750:       23.000       23.000       23.000       23.000       23.000
   755:       23.000       23.000        6.000        6.000       23.000
   760:        6.000        6.000        6.000        6.000        6.000
   765:        6.000        6.000        6.000        6.000        6.000
   770:        6.000        6.000        6.000        6.000        6.000
   775:        6.000        6.000        6.000        6.000        6.000
   780:        6.000        6.000        6.000        6.000        6.000
   785:        6.000        6.000        6.000        6.000        6.000
   790:        6.000        6.000        2.000        4.000       22.000
   795:       24.000       13.000        8.000        5.000       17.000
   800:        6.000       18.000       14.000       10.000        6.000
   805:       19.000        6.000        6.000        6.000        6.000
   810:        6.000        6.000        6.000        6.000        6.000
   815:        6.000        6.000        6.000        6.000        6.000
   820:        6.000        6.000        6.000        6.000        6.000
   825:        6.000        6.000        6.000        6.000        6.000
   830:        6.000        6.000        6.000        6.000        6.000
   835:        6.000        6.000        6.000        6.000        6.000
   840:        6.000        6.000        6.000        6.000        6.000
   845:        6.000        6.000        6.000        6.000        6.000
   850:        6.000        6.000        6.000        6.000        6.000
   855:        6.000        6.000        6.000        6.000        6.000
   860:        6.000        6.000        6.000        6.000        6.000
   865:        6.000        6.000        6.000        6.000        6.000
   870:        6.000        6.000        6.000        6.000        6.000
   875:        6.000        6.000        6.000        6.000        6.000
   880:        6.000        6.000        6.000        6.000        6.000
   885:        6.000        6.000        6.000        6.000        6.000
   890:        6.000        6.000        6.000        6.000        6.000
   895:        6.000        6.000        6.000        6.000        6.000
   900:        6.000        6.000        6.000       23.000       23.000
   905:       23.000       23.000       23.000       23.000        6.000
   910:        6.000        6.000        6.000        6.000        6.000
   915:        6.000        6.000        6.000        6.000        6.000
   920:        6.000        6.000        6.000        6.000        6.000
   925:        6.000        6.000        6.000        6.000        6.000
   930:        6.000        6.000        6.000        6.000        6.000
   935:        6.000        6.000        6.000        6.000        6.000
   940:        6.000        6.000        6.000        6.000        6.000
   945:        6.000        6.000        6.000        6.000        6.000
   950:        6.000        6.000        6.000        6.000        6.000
   955:        6.000        6.000        6.000        6.000        6.000
   960:        6.000        6.000        6.000        6.000        6.000
   965:        6.000        6.000        6.000        6.000        6.000
   970:        6.000        6.000        6.000        6.000        6.000
   975:        6.000        6.000        6.000        6.000        6.000
   980:        6.000        6.000        6.000        6.000        6.000
   985:        6.000        6.000        6.000        6.000        6.000
   990:        6.000        6.000        6.000        6.000      100.000
T:
     0:        0.000        0.000        0.000        0.000        1.950
     5:        2.010        4.170       52.110       52.320       58.000
    10:       61.880       65.370       91.960      122.930      122.950
    15:      123.030      123.090      125.730      128.590      140.880
    20:      141.160      141.500      141.660      145.430      145.690
    25:      152.640      154.730      158.640      158.640      158.640
    30:      158.650      158.650      158.650      158.650      158.650
    35:      162.650      163.220      163.450      163.650      163.650
    40:      164.980      166.110      166.970      168.640      179.870
    45:      187.790      198.440      206.960      230.890      231.050
    50:      235.980      252.630      252.920      253.210      255.020
    55:      255.080      294.870      299.910      300.750      301.300
    60:      302.850      332.090      333.960      348.370      360.830
    65:      361.700      372.060      415.060      419.370      426.350
    70:      456.730      492.750      530.000      530.360      534.660
    75:      535.040      538.400      540.980      541.230      542.620
    80:      548.060      558.340      565.970      575.540      576.100
    85:      576.280      576.530      577.140      601.950      602.820
    90:      602.950      603.200      637.590      638.070      638.100
    95:      638.380      638.590      665.090      689.920      690.120
   100:      690.860      693.210      693.480      696.150      716.380
   105:      776.110      776.350      776.450      815.440      817.660
   110:      818.370      819.060      820.600      820.610      853.280
   115:      853.450      857.480      858.780      859.270      859.320
   120:      859.400      864.990      868.760      870.980      873.830
   125:      875.180      886.940      887.550      918.570      982.510
   130:      984.890      985.020      993.140     1006.810     1007.400
   135:     1011.510     1013.460     1013.970     1014.070     1021.170
   140:     1038.320     1054.750     1060.700     1090.790     1091.080
   145:     1093.940     1095.180     1095.210     1096.290     1096.360
   150:     1096.490     1097.450     1097.530     1115.680     1122.020
   155:     1219.650     1219.720     1220.000     1220.760     1221.280
   160:     1223.300     1230.010     1230.070     1329.890     1332.110
   165:     1332.130     1332.220     1333.860     1334.000     1334.140
   170:     1336.490     1338.160     1338.370     1340.890     1342.520
   175:     1342.580     1354.190     1358.070     1360.280     1362.350
   180:     1365.540     1379.950     1380.270     1413.530     1417.460
   185:     1452.040     1452.310     1452.450     1452.740     1452.770
   190:     1452.820     1453.090     1454.040     1470.750     1547.350
   195:     1575.370     1594.790     1598.490     1599.860     1601.320
   200:     1621.400     1621.620     1624.210     1625.060     1627.380
   205:     1630.940     1635.570     1636.060     1637.670     1637.820
   210:     1640.180     1640.390     1641.660     1642.740     1643.550
   215:     1643.600     1643.960     1645.690     1692.310     1692.370
   220:     1692.400     1694.290     1698.580     1698.710     1698.860
   225:     1699.690     1701.500     1709.170     1710.230     1711.110
   230:     1712.120     1712.200     1732.630     1733.450     1737.040
   235:     1737.320     1738.020     1739.000     1753.120     1757.600
   240:     1762.450     1762.540     1763.140     1765.170     1766.890
   245:     1771.100     1776.020     1793.740     1795.720     1807.460
   250:     1825.970     1890.620     1890.860     1916.150     1925.420
   255:     1936.670     1937.470     1937.580     1983.840     2014.540
   260:     2014.770     2014.800     2014.840     2030.550     2030.790
   265:     2032.940     2039.370     2039.600     2088.390     2088.390
   270:     2088.390     2088.400     2088.400     2088.400     2088.400
   275:     2088.400     2092.400     2092.800     2093.400     2093.400
   280:     2095.720     2097.310     2097.690     2097.770     2098.080
   285:     2098.390     2100.020     2104.050     2104.130     2104.250
   290:     2115.830     2120.300     2150.920     2195.770     2198.210
   295:     2198.320     2249.870     2278.320     2279.380     2279.440
   300:     2279.490     2327.180     2364.770     2365.270     2367.030
   305:     2367.140     2367.260     2403.480     2403.580     2404.760
   310:     2404.940     2409.190     2526.000     2527.110     2542.770
   315:     2543.350     2543.440     2561.200     2561.240     2561.310
   320:     2561.530     2561.640     2564.570     2564.620     2568.850
   325:     2569.830     2571.410     2573.450     2579.600     2582.190
   330:     2623.540     2623.690     2638.390     2657.770     2658.550
   335:     2677.970     2713.030     2716.150     2717.420     2718.800
   340:     2719.230     2722.060     2722.640     2725.770     2725.830
   345:     2726.770     2727.480     2728.460     2738.040     2739.580
   350:     2739.760     2739.930     2741.890     2741.940     2741.970
   355:     2830.620     2865.090     2865.140     2873.830     2884.090
   360:     2887.000     2927.700     2933.500     2934.490     2934.830
   365:     2935.050     2936.870     2989.830     2990.660     2995.410
   370:     2995.560     3015.050     3043.030     3043.180     3068.650
   375:     3068.890     3069.070     3069.180     3069.270     3112.360
   380:     3113.150     3113.250     3167.940     3168.390     3179.910
   385:     3210.390     3210.460     3210.580     3210.670     3211.280
   390:     3211.380     3233.200     3265.040     3292.560     3292.790
   395:     3306.510     3307.870     3311.170     3314.720     3316.150
   400:     3316.360     3319.550     3320.920     3383.120     3387.080
   405:     3574.250     3574.710     3666.920     3667.000     3667.100
   410:     3672.540     3686.240     3687.000     3688.260     3718.870
   415:     3719.170     3720.180     3720.530     3750.560     3773.860
   420:     3774.360     3774.820     3774.850     3776.840     3779.010
   425:     3779.650     3780.500     3784.860     3785.760     3786.540
   430:     3790.030     3790.450     3790.540     3791.100     3792.910
   435:     3799.900     3800.500     3860.140     3860.380     3860.700
   440:     3860.750     3861.600     3864.510     3865.150     3866.140
   445:     3866.160     3866.190     3867.410     3868.640     3871.170
   450:     3871.210     3872.780     3873.050     3873.510     3873.680
   455:     3873.930     3925.730     4005.310     4007.830     4007.870
   460:     4011.790     4011.870     4012.260     4012.290     4012.370
   465:     4012.740     4026.300     4028.450     4028.540     4029.280
   470:     4034.510     4034.910     4042.400     4057.980     4059.350
   475:     4059.670     4061.950     4062.230     4064.880     4065.090
   480:     4065.830     4066.020     4067.080     4067.360     4068.330
   485:     4074.510     4076.820     4087.670     4088.360     4088.410
   490:     4088.490     4088.630     4090.040     4090.150     4099.140
   495:     4100.560     4100.960     4102.380     4102.440     4107.640
   500:     4107.720     4108.050     4109.500     4109.770     4111.690
   505:     4143.540     4144.520     4144.560     4144.760     4147.670
   510:     4261.870     4263.460     4275.880     4278.090     4288.930
   515:     4367.330     4410.060     4410.210     4433.330     4433.780
   520:     4433.790     4433.810     4480.140     4480.400     4489.290
   525:     4489.410     4497.240     4500.240     4500.630     4502.630
   530:     4526.230     4526.270     4526.310     4526.430     4526.520
   535:     4526.620     4527.850     4528.380     4528.520     4532.120
   540:     4532.580     4532.710     4532.790     4536.280     4536.320
   545:     4536.370     4538.080     4538.700     4540.850     4540.880
   550:     4599.640     4606.900     4606.940     4607.240     4608.240
   555:     4612.430     4612.680     4632.490     4632.720     4638.110
   560:     4678.090     4685.070     4685.210     4685.310     4692.110
   565:     4692.130     4692.190     4692.660     4692.800     4692.840
   570:     4698.510     4703.850     4713.260     4715.120     4719.270
   575:     4750.100     4753.500     4852.040     4852.560     4879.390
   580:     4879.430     4886.120     4886.120     4886.120     4886.130
   585:     4886.130     4886.130     4886.130     4886.130     4887.020
   590:     4887.020     4888.980     4890.130     4891.130     4891.130
   595:     4892.620     4896.120     4898.980     4937.050     4938.700
   600:     4939.470     4941.780     4941.930     4942.080     4942.180
   605:     4948.920     4950.940     4990.400     5097.120     5099.230
   610:     5100.860     5100.960     5100.990     5192.890     5221.300
   615:     5222.050     5222.280     5310.810     5394.220     5504.850
   620:     5505.850     5637.880     5806.010     5814.360     5815.040
   625:     5820.600     5894.480     5896.700     5899.150     5899.180
   630:     5901.510     5902.820     5903.040     6026.790     6027.250
   635:     6027.280     6031.850     6042.850     6060.580     6063.440
   640:     6063.630     6064.960     6065.020     6081.140     6099.420
   645:     6101.170     6116.490     6119.000     6162.320     6202.140
   650:     6224.440     6224.730     6236.590     6241.670     6257.950
   655:     6258.220     6261.960     6309.660     6309.740     6309.920
   660:     6317.820     6317.860     6317.880     6319.160     6324.780
   665:     6325.040     6470.920     6517.650     6546.650     6547.790
   670:     6694.220     6706.360     7016.430     7016.580     7017.230
   675:     7018.170     7018.200     7021.760     7037.530     7037.830
   680:     7038.820     7038.950     7110.430     7180.120     7182.450
   685:     7182.770     7213.290     7214.320     7218.460     7221.060
   690:     7221.130     7225.230     7225.280     7225.350     7225.440
   695:     7229.110     7229.280     7231.550     7231.900     7232.470
   700:     7233.410     7236.930     7237.410     7237.620     7244.810
   705:     7247.670     7254.750     7254.900     7255.140     7255.860
   710:     7275.610     7275.960     7275.990     7276.090     7279.630
   715:     7279.800     7282.460     7285.810     7286.360     7286.450
   720:     7287.340     7289.270     7291.970     7292.360     7296.170
   725:     7296.250     7367.300     7370.540     7411.210     7414.370
   730:     7506.610     7509.110     7509.140     7509.960     7515.860
   735:     7515.910     7515.960     7516.130     7516.190     7516.230
   740:     7516.420     7516.940     7517.080     7517.130     7531.030
   745:     7718.320     7718.890     7832.000     7833.610     7940.790
   750:     8036.850     8037.780     8039.400     8044.280     8045.250
   755:     8048.330     8049.230     8058.430     8151.630     8242.490
   760:     8307.100     8424.480     8466.250     8466.410     8468.450
   765:     8851.710     8851.810     8858.610     8859.980     8861.850
   770:     8864.300     8866.130     8869.330     8869.390     8869.850
   775:     8872.090     8872.760     8877.390     8879.760     8880.120
   780:     8883.650     8890.870     8928.790     8929.450     8929.560
   785:     8931.210     8946.620     8946.890     8948.230     8973.040
   790:     8973.200     8973.840     8985.920     8985.920     8985.920
   795:     8985.930     8985.930     8985.930     8985.930     8985.930
   800:     8988.040     8989.930     8990.930     8990.930     8992.640
   805:     8995.920     9013.300     9020.720     9020.900     9053.570
   810:     9058.400     9058.960     9060.460     9060.670     9060.710
   815:     9062.590     9067.590     9067.980     9068.120     9068.350
   820:     9074.640     9077.650     9077.710     9078.110     9082.450
   825:     9095.330     9096.020     9096.760     9097.180     9117.660
   830:     9118.150     9118.540     9120.350     9123.050     9123.740
   835:     9127.520     9127.630     9130.550     9133.380     9135.210
   840:     9135.350     9136.790     9145.970     9149.890     9150.740
   845:     9167.570     9168.870     9176.630     9177.420     9181.320
   850:     9183.790     9184.650     9184.870     9186.260     9187.680
   855:     9188.050     9188.170     9188.470     9189.410     9192.690
   860:     9194.410     9201.850     9205.700     9206.330     9206.450
   865:     9210.300     9339.320     9339.370     9341.420     9492.650
   870:     9492.740     9492.770     9493.890     9493.990     9494.330
   875:     9523.480     9524.620     9526.180     9608.350     9608.610
   880:     9609.200     9609.880     9609.940     9680.790     9681.660
   885:     9683.560     9683.580     9683.630     9685.210     9761.110
   890:     9846.780     9847.210     9847.430     9849.440     9935.060
   895:     9935.770     9953.350     9953.490     9956.300     9958.690
   900:     9958.880     9961.750     9962.380     9975.930     9978.770
   905:     9988.570     9995.070    10000.400    10000.730    10017.830
   910:    10019.580    10168.420    10182.770    10184.450    10186.380
   915:    10186.560    10186.600    10186.620    10186.770    10203.830
   920:    10226.250    10226.310    10226.360    10229.280    10229.780
   925:    10230.380    10234.640    10238.790    10238.840    10240.600
   930:    10243.970    10244.790    10245.970    10246.490    10247.160
   935:    10249.630    10253.220    10254.930    10255.600    10259.630
   940:    10270.170    10272.450    10272.850    10273.930    10329.310
   945:    10329.340    10329.560    10329.690    10333.860    10334.750
   950:    10335.750    10336.000    10336.040    10364.580    10365.120
   955:    10414.110    10415.910    10446.940    10447.230    10449.710
   960:    10450.940    10451.600    10452.760    10452.890    10453.750
   965:    10454.640    10454.860    10455.570    10622.580    10627.550
   970:    10627.680    10629.560    10632.230    10653.310    10655.010
   975:    10702.720    10702.780    10703.860    10704.210    10704.360
   980:    10704.480    10706.000    10706.100    10706.130    10713.660
   985:    10713.930    10715.270    10715.910    10718.690    10720.370
   990:    10759.760    10772.100    10773.250    10781.160    10800.010
