File: C:\MED-PC IV\DATA\!2025-09-02_16h19m.Subject T24



Start Date: 09/02/25
End Date: 09/02/25
Subject: T24
Experiment: OralFentSA
Group: One
Box: 7
Start Time: 16:19:38
End Time: 19:19:40
MSN: Golden_Liq_SelfAdmin_LIT
F:       0.000
G:     271.000
H:   10800.010
I:       0.000
J:       0.000
K:       0.000
L:       0.000
M:       0.000
N:       0.000
O:       0.000
P:       0.000
Q:       0.000
R:       0.000
S:       0.000
U:       0.000
V:       0.000
W:       0.000
X:       0.000
Y:       0.000
Z:       0.000
A:
     0:        0.000        0.000      180.000        4.000        0.000
     5:        5.000        0.000        5.000        0.000        0.000
    10:        1.000        0.000       10.000 300000000.00       19.000
    15:       12.000      320.000        0.000        0.000        0.000
    20:        0.000
B:
     0:        0.000        0.000        0.000        0.000        0.000
     5:        0.000        0.000        0.000        0.000        0.000
    10:        0.000        0.000        0.000 30000000000.        0.000
    15:        0.000        0.000        0.000        0.000        0.000
    20:        0.000
C:
     0:        0.000        1.000        0.000        0.000      267.000
     5:        0.000        0.000        0.000        0.000        0.000
    10:        0.000        0.000        0.000        0.000        0.000
    15:        0.000        0.000        0.000        0.000        0.000
    20:        0.000
D:
E:
     0:       19.000       11.000       26.000       27.000        6.000
     5:        6.000        6.000        6.000        6.000        6.000
    10:        6.000        6.000        6.000        6.000        6.000
    15:        6.000        6.000        6.000        6.000        6.000
    20:        6.000        6.000        6.000        6.000        6.000
    25:        6.000        6.000        6.000        6.000        6.000
    30:        6.000        6.000        6.000        6.000        6.000
    35:        6.000        6.000        6.000        6.000        6.000
    40:        6.000        6.000        6.000        6.000        6.000
    45:        6.000        6.000        6.000        6.000        6.000
    50:        6.000        6.000        6.000        6.000        6.000
    55:        6.000        6.000        6.000        6.000        6.000
    60:        6.000        6.000        6.000        6.000        6.000
    65:        6.000        6.000        6.000        6.000        6.000
    70:        6.000        6.000        6.000        6.000        6.000
    75:        6.000        6.000        6.000        6.000        6.000
    80:        6.000        6.000        6.000        6.000        6.000
    85:        6.000        6.000        6.000        6.000        6.000
    90:        6.000        6.000        6.000        6.000        6.000
    95:        6.000        6.000        6.000        6.000        6.000
   100:        6.000        6.000        6.000        6.000        6.000
   105:        6.000        6.000        6.000        6.000        6.000
   110:        6.000        6.000        6.000        6.000        6.000
   115:        6.000        6.000        6.000        6.000        6.000
   120:        6.000        6.000        6.000        6.000        6.000
   125:        6.000        6.000        6.000        6.000        6.000
   130:        6.000        6.000        6.000        6.000        6.000
   135:        6.000        6.000        6.000        6.000        6.000
   140:        6.000        6.000        6.000        6.000        6.000
   145:        6.000        6.000        6.000        6.000        6.000
   150:        6.000        6.000        6.000        6.000        6.000
   155:        6.000        6.000        6.000        6.000        6.000
   160:        6.000        6.000        6.000        6.000        6.000
   165:        6.000        6.000        6.000        6.000        6.000
   170:        6.000        6.000        6.000        6.000        6.000
   175:        6.000        6.000        6.000        6.000        6.000
   180:        6.000        6.000        6.000        6.000        6.000
   185:        6.000        6.000        6.000        6.000        6.000
   190:        6.000        6.000        6.000        6.000        6.000
   195:        6.000        6.000        6.000        6.000        6.000
   200:        6.000        6.000        6.000        6.000        6.000
   205:        6.000        6.000        6.000        6.000        6.000
   210:        6.000        6.000        6.000        6.000        6.000
   215:        6.000        6.000        6.000        6.000        6.000
   220:        6.000        6.000        6.000        6.000        6.000
   225:        6.000        6.000        6.000        6.000        6.000
   230:        6.000        6.000        6.000        6.000        6.000
   235:        6.000        6.000        6.000        6.000        6.000
   240:        6.000        6.000        6.000        6.000        6.000
   245:        6.000        6.000        6.000        6.000        6.000
   250:        6.000        6.000        6.000        6.000        6.000
   255:        6.000        6.000        6.000        6.000        6.000
   260:        6.000        6.000        6.000        6.000        6.000
   265:        6.000        6.000        6.000        6.000        6.000
   270:        6.000      100.000
T:
     0:        0.000        0.000        0.000        0.000       37.910
     5:       38.450       39.400       41.580       42.770       43.070
    10:       43.160       43.240       43.400       43.490       43.640
    15:       43.700       44.370       44.760       48.150       52.180
    20:       57.820       60.260       74.500       74.890      101.750
    25:      101.840      102.560      105.220      107.860      144.050
    30:      146.370      146.740      162.350      168.820      169.270
    35:      170.570      173.170      211.860      304.970      305.310
    40:      305.350      307.810      319.270      319.550      319.660
    45:      321.240      321.570      322.290      419.600      419.990
    50:      421.860      423.670      426.040      426.820      427.150
    55:      452.590      478.380      522.850      523.930      540.360
    60:      552.270      574.430      616.790      617.070      617.100
    65:      617.720      618.360      619.190      619.270      619.560
    70:      619.580      619.630      621.260      722.320      821.180
    75:      900.840      901.040      902.890      903.710      904.530
    80:      904.830      904.940      963.560      965.050      968.420
    85:      968.480     1025.910     1027.310     1027.760     1028.020
    90:     1028.690     1028.740     1029.980     1036.200     1036.660
    95:     1037.420     1039.320     1039.750     1040.280     1040.900
   100:     1043.460     1043.470     1043.620     1044.710     1045.230
   105:     1046.270     1048.830     1049.140     1049.480     1049.610
   110:     1050.840     1050.880     1130.850     1131.850     1132.510
   115:     1132.530     1150.030     1155.170     1155.730     1156.440
   120:     1158.130     1261.570     1274.100     1285.410     1285.840
   125:     1395.740     1397.100     1398.850     1433.900     1441.280
   130:     1441.390     1441.590     1441.630     1444.510     1445.200
   135:     1446.480     1447.150     1447.170     1456.450     1456.930
   140:     1457.850     1457.910     1458.080     1458.250     1458.550
   145:     1458.560     1458.730     1460.150     1460.280     1460.610
   150:     1460.720     1461.720     1463.030     1463.890     1463.990
   155:     1464.200     1464.430     1466.820     1467.010     1467.590
   160:     1468.310     1468.550     1468.600     1468.750     1468.810
   165:     1468.860     1469.310     1469.540     1469.590     1469.720
   170:     1472.490     1472.730     1508.080     1509.580     1510.190
   175:     1510.430     1510.700     1511.890     1512.530     1512.780
   180:     1513.960     1514.190     1514.230     1514.300     1514.450
   185:     1514.560     1517.140     1517.180     1819.660     1819.820
   190:     1836.130     1855.270     1943.710     1960.820     1962.460
   195:     1978.850     1979.900     1980.680     2603.480     3348.000
   200:     3397.200     3397.270     3397.340     3434.220     3470.200
   205:     3470.490     3470.860     3471.100     3478.690     3486.770
   210:     3722.990     3723.110     3723.520     3725.320     3764.490
   215:     3765.900     3781.790     3794.290     3800.020     3800.740
   220:     3800.780     3802.050     3802.310     3802.720     3806.500
   225:     3808.540     3808.990     3809.520     3809.980     3811.590
   230:     3815.520     3815.810     3815.960     3820.970     3821.050
   235:     3823.110     3826.700     4001.510     4066.500     4203.630
   240:     4204.030     4207.140     4207.450     4207.720     4207.810
   245:     4209.430     4212.110     4212.210     4271.710     4352.530
   250:     4963.220     4963.230     4963.780     4963.910     4984.150
   255:     6579.630     6588.300     6588.370     6588.690     6715.510
   260:     8663.310     8669.650     8669.660     8805.580     8945.330
   265:     9513.170     9513.770     9514.690     9515.570     9517.030
   270:     9529.680    10800.010
