File: C:\MED-PC IV\DATA\!2025-09-09_16h04m.Subject T25



Start Date: 09/09/25
End Date: 09/09/25
Subject: T25
Experiment: OralFentSA
Group: One
Box: 6
Start Time: 16:04:12
End Time: 19:04:15
MSN: Golden_Liq_SelfAdmin_EXT_LIT
F:       0.000
G:    1911.000
H:   10800.010
I:       0.000
J:       0.000
K:       0.000
L:       0.000
M:       0.000
N:       0.000
O:       0.000
P:       0.000
Q:       0.000
R:       0.000
S:       0.000
U:       0.000
V:       0.000
W:       0.000
X:       0.000
Y:       0.000
Z:       0.000
A:
     0:        0.000        0.000      180.000        4.000        0.000
     5:        5.000        0.000        5.000        0.000        0.000
    10:        1.000        0.000       10.000 300000000.00       19.000
    15:       17.000      640.000        0.000        0.000        0.000
    20:        0.000
B:
     0:        0.000        0.000        0.000        0.000        0.000
     5:        0.000        0.000        0.000        0.000        0.000
    10:        0.000        0.000     1000.000 30000000000.        0.000
    15:        0.000        0.000        0.000        0.000        0.000
    20:        0.000
C:
     0:        0.000        8.000        0.000        8.000     1867.000
     5:    10196.420        1.520        7.000       17.830        2.547
    10:        8.000        3.000        0.000        0.000        0.000
    15:        0.000        0.000        0.000        0.000        0.000
    20:        0.000
D:
     0:       10.860        1.390        0.970        1.170        0.780
     5:        1.140        1.520
E:
     0:       19.000       11.000       26.000       27.000        6.000
     5:        6.000        6.000        6.000        6.000        6.000
    10:        6.000        6.000        6.000        6.000        6.000
    15:        6.000        6.000        6.000        6.000        6.000
    20:        6.000        6.000        6.000        6.000        6.000
    25:        6.000        6.000        6.000        6.000        6.000
    30:        6.000        6.000        6.000        6.000        6.000
    35:        6.000        6.000        6.000        6.000        6.000
    40:        6.000        6.000        6.000        6.000        6.000
    45:        6.000        6.000        6.000        6.000        6.000
    50:        6.000        6.000        6.000        6.000        6.000
    55:        6.000        6.000        6.000        6.000        6.000
    60:        6.000        6.000        6.000        6.000        6.000
    65:       23.000        6.000        6.000        6.000        6.000
    70:        6.000        6.000        6.000        6.000        6.000
    75:        6.000        6.000        6.000        6.000        6.000
    80:        6.000        6.000        6.000        6.000        6.000
    85:        6.000        6.000        6.000        6.000        6.000
    90:        6.000        6.000        6.000        6.000        6.000
    95:        6.000        6.000        6.000        6.000        6.000
   100:        6.000        6.000        6.000        6.000        6.000
   105:        6.000        6.000        6.000        6.000        6.000
   110:        6.000        6.000        6.000        6.000        6.000
   115:        6.000        6.000        6.000        6.000        6.000
   120:        6.000        6.000        6.000        6.000        6.000
   125:        6.000        6.000        6.000        6.000        6.000
   130:        6.000        6.000        6.000        6.000        6.000
   135:        6.000        6.000        6.000        6.000        6.000
   140:        6.000        2.000        4.000       22.000       24.000
   145:       21.000       22.000       19.000        6.000        6.000
   150:        6.000        6.000       23.000        6.000        6.000
   155:        6.000        6.000        6.000        6.000        6.000
   160:        6.000        6.000        6.000        6.000        6.000
   165:        6.000        6.000        6.000        6.000        6.000
   170:        6.000        6.000        6.000        6.000        6.000
   175:        6.000        6.000        6.000        6.000        6.000
   180:        6.000        6.000        6.000        6.000        6.000
   185:        6.000        6.000        6.000        6.000        6.000
   190:        6.000        6.000        6.000        6.000        6.000
   195:        6.000        6.000        6.000        6.000        6.000
   200:        6.000        6.000        6.000        6.000        6.000
   205:        6.000        6.000        6.000        6.000        6.000
   210:        6.000        6.000        6.000        6.000        6.000
   215:        6.000        6.000        6.000        6.000        6.000
   220:        6.000        6.000        6.000        6.000        6.000
   225:        6.000        6.000        6.000        6.000        6.000
   230:        6.000        6.000        6.000        6.000        6.000
   235:        6.000        6.000        6.000        6.000        6.000
   240:        6.000        6.000        6.000        6.000        6.000
   245:        6.000        6.000        6.000        6.000        6.000
   250:        6.000        6.000        6.000        6.000        6.000
   255:        6.000        6.000        6.000        6.000        6.000
   260:        6.000        6.000        6.000        6.000        6.000
   265:        6.000        6.000        6.000        6.000        6.000
   270:        6.000        6.000        6.000        6.000        6.000
   275:        6.000        6.000        6.000        6.000        6.000
   280:        6.000        6.000        6.000        6.000        6.000
   285:        6.000        6.000        6.000        6.000        6.000
   290:        6.000        6.000        6.000        6.000        6.000
   295:        6.000        6.000        6.000        6.000        6.000
   300:        6.000        6.000        6.000        6.000        6.000
   305:        6.000        6.000        6.000        6.000        6.000
   310:        6.000        6.000        6.000        6.000        6.000
   315:        6.000        6.000        6.000        6.000        6.000
   320:        6.000        6.000        6.000        6.000        6.000
   325:        6.000        6.000        6.000        6.000        6.000
   330:        6.000        6.000        6.000        6.000        6.000
   335:        6.000        6.000        6.000        6.000        6.000
   340:        6.000        6.000        6.000        6.000        6.000
   345:        6.000        6.000        6.000        6.000        6.000
   350:        6.000        6.000        6.000        6.000        6.000
   355:        6.000        6.000        6.000        6.000        6.000
   360:        6.000        6.000        2.000        4.000       22.000
   365:       24.000        6.000       19.000        2.000        4.000
   370:       22.000       24.000        6.000        6.000        6.000
   375:        6.000        6.000       19.000        6.000        6.000
   380:        6.000        6.000        6.000        6.000        6.000
   385:        6.000        6.000        6.000        6.000        6.000
   390:        6.000        6.000        6.000        6.000        6.000
   395:        6.000        6.000        6.000        6.000        6.000
   400:        6.000        6.000        6.000        6.000        6.000
   405:        6.000        6.000        6.000        6.000        6.000
   410:        6.000        6.000        6.000        6.000        6.000
   415:        6.000        6.000        6.000        6.000        6.000
   420:        6.000        6.000        6.000        6.000        6.000
   425:        6.000        6.000        6.000        6.000        6.000
   430:        6.000        6.000        6.000        6.000        6.000
   435:        6.000        6.000        6.000        6.000        6.000
   440:        6.000        6.000        6.000        6.000        6.000
   445:        6.000        6.000        6.000        6.000        6.000
   450:        6.000        6.000        6.000        6.000        6.000
   455:        6.000        6.000        6.000        6.000        6.000
   460:        6.000        6.000        6.000        6.000        6.000
   465:        6.000        6.000        6.000        6.000        6.000
   470:        6.000        6.000        6.000        6.000        6.000
   475:        6.000        6.000        6.000        6.000        6.000
   480:        6.000        6.000        6.000        6.000        6.000
   485:        6.000        6.000        6.000        6.000        6.000
   490:        6.000        6.000        6.000        6.000        6.000
   495:        6.000        6.000        6.000        6.000        6.000
   500:        6.000        6.000        6.000        6.000        6.000
   505:        6.000        6.000        6.000        6.000        6.000
   510:        6.000        6.000        6.000        6.000        6.000
   515:        6.000        6.000        6.000        6.000        6.000
   520:        6.000        6.000        6.000        6.000        6.000
   525:        6.000        6.000        6.000        6.000        6.000
   530:        6.000        6.000        6.000        6.000        6.000
   535:        6.000        6.000        6.000        6.000        6.000
   540:        6.000        6.000        6.000        6.000        6.000
   545:        6.000        6.000        6.000        6.000        6.000
   550:        6.000        6.000        6.000        6.000        6.000
   555:        6.000        6.000        6.000        6.000        6.000
   560:        6.000        6.000        6.000        6.000        2.000
   565:        4.000       22.000       24.000        6.000        6.000
   570:       19.000        6.000        6.000        6.000        6.000
   575:        6.000        6.000        6.000        6.000        6.000
   580:        6.000        6.000        6.000        6.000        6.000
   585:        6.000        6.000        6.000        6.000        6.000
   590:        6.000        6.000        6.000        6.000        6.000
   595:        6.000        6.000        6.000        6.000        6.000
   600:        6.000        6.000        6.000        6.000        6.000
   605:        6.000        6.000        6.000        6.000        6.000
   610:        6.000        6.000        6.000        6.000        6.000
   615:        6.000        6.000        6.000        6.000        6.000
   620:        6.000        6.000        6.000        6.000        6.000
   625:        6.000        6.000        6.000        6.000        6.000
   630:        6.000        6.000        6.000        6.000        6.000
   635:        6.000        6.000        6.000        6.000        6.000
   640:        6.000        6.000        6.000        6.000        6.000
   645:        6.000        6.000        6.000        6.000        6.000
   650:        6.000        6.000        6.000        6.000        6.000
   655:        6.000        6.000        6.000        6.000        6.000
   660:        6.000        6.000        6.000        6.000        6.000
   665:        6.000        6.000        6.000        6.000        6.000
   670:        6.000        6.000        6.000        6.000        6.000
   675:        6.000        6.000        6.000        6.000        6.000
   680:        6.000        6.000        6.000        6.000        6.000
   685:        6.000        6.000        6.000        6.000        6.000
   690:        6.000        6.000        6.000        6.000        6.000
   695:        6.000        6.000        6.000        6.000        6.000
   700:        6.000        6.000        6.000        6.000        6.000
   705:        6.000        6.000        6.000        6.000        6.000
   710:        6.000        6.000        6.000        6.000        6.000
   715:        6.000        6.000        6.000        6.000        6.000
   720:        6.000        6.000        6.000        6.000        6.000
   725:        6.000        6.000        6.000        6.000        6.000
   730:        6.000        6.000        6.000        6.000        6.000
   735:        6.000        6.000        6.000        6.000        2.000
   740:        4.000       22.000       24.000        6.000       19.000
   745:        6.000        6.000        6.000        6.000        6.000
   750:        6.000        6.000        6.000        6.000        6.000
   755:        6.000        6.000        6.000        6.000        6.000
   760:        6.000        6.000        6.000        6.000        6.000
   765:        6.000        6.000        6.000        6.000        6.000
   770:        6.000        6.000        6.000        6.000        6.000
   775:        6.000        6.000        6.000        6.000        6.000
   780:        6.000        6.000        6.000        6.000        6.000
   785:        6.000        6.000        6.000        6.000        6.000
   790:        6.000        6.000        6.000        6.000        6.000
   795:        6.000        6.000        6.000        6.000        6.000
   800:        6.000        6.000        6.000        6.000        6.000
   805:        6.000        6.000        6.000        6.000        6.000
   810:        6.000        6.000        6.000        6.000        6.000
   815:        6.000        6.000        6.000        6.000        6.000
   820:        6.000        6.000        6.000        6.000        6.000
   825:        6.000        6.000        6.000        6.000        6.000
   830:        6.000        6.000        6.000        6.000        6.000
   835:        6.000        6.000        6.000        6.000        6.000
   840:        6.000        6.000        6.000        6.000        6.000
   845:        6.000        6.000        6.000        6.000        6.000
   850:        6.000        6.000        6.000        6.000        6.000
   855:        6.000        6.000        6.000        6.000        2.000
   860:        4.000       22.000       24.000        6.000        6.000
   865:        6.000       19.000        6.000        6.000        6.000
   870:        6.000        6.000        6.000        6.000        6.000
   875:        6.000        6.000        6.000        6.000        6.000
   880:        6.000        6.000        6.000        6.000        6.000
   885:        6.000        6.000        6.000        6.000        6.000
   890:        6.000        6.000        6.000        6.000        6.000
   895:        6.000        6.000        6.000        6.000        6.000
   900:        6.000        6.000        6.000        6.000        6.000
   905:        6.000        6.000        6.000        6.000        6.000
   910:        6.000        6.000        6.000        6.000        6.000
   915:        6.000        6.000        6.000        6.000        6.000
   920:        6.000        6.000        6.000        6.000        6.000
   925:        6.000        6.000        6.000        6.000        6.000
   930:        6.000        6.000        6.000        6.000        6.000
   935:        6.000        6.000        6.000        6.000        6.000
   940:        6.000        6.000        6.000        6.000        6.000
   945:        6.000        6.000        6.000        6.000        6.000
   950:        6.000        6.000        6.000        6.000        6.000
   955:        6.000        6.000        6.000        6.000        6.000
   960:        6.000        6.000        6.000        6.000        6.000
   965:        6.000        6.000        6.000        6.000        6.000
   970:        6.000        6.000        6.000        6.000        6.000
   975:        6.000        6.000        6.000        6.000        6.000
   980:        6.000        6.000        6.000        6.000        6.000
   985:        6.000        6.000        6.000        6.000        6.000
   990:        6.000        6.000        6.000        6.000        6.000
   995:        6.000        6.000        6.000        6.000        6.000
  1000:        6.000        6.000        6.000        6.000        6.000
  1005:        6.000        6.000        6.000        6.000        6.000
  1010:        6.000        6.000        6.000        6.000        6.000
  1015:        6.000        6.000        6.000        6.000        6.000
  1020:        6.000        6.000        6.000        6.000        6.000
  1025:        6.000        6.000        6.000        6.000        6.000
  1030:        6.000        6.000        6.000        6.000        6.000
  1035:        6.000        6.000        6.000        6.000        6.000
  1040:        6.000        6.000        6.000        6.000        6.000
  1045:        6.000        6.000        6.000        6.000        6.000
  1050:        6.000        6.000        6.000        6.000        6.000
  1055:        6.000        6.000        6.000        6.000        6.000
  1060:        6.000        6.000        6.000        6.000        6.000
  1065:        6.000        6.000        6.000        6.000        6.000
  1070:        6.000        6.000        6.000        6.000        6.000
  1075:        6.000        6.000        6.000        6.000        6.000
  1080:        6.000        6.000        6.000        6.000        6.000
  1085:        6.000        6.000        6.000        6.000        6.000
  1090:        6.000        6.000        6.000        6.000        6.000
  1095:        6.000        6.000        6.000        6.000        6.000
  1100:        6.000        6.000        6.000        6.000        6.000
  1105:        6.000        6.000        6.000        6.000        6.000
  1110:        6.000        6.000        6.000        6.000        6.000
  1115:        6.000        6.000        6.000        6.000        6.000
  1120:        6.000        6.000        6.000        6.000        6.000
  1125:        6.000        6.000        6.000        6.000        6.000
  1130:        6.000        6.000        6.000        6.000        6.000
  1135:        6.000        6.000        6.000        6.000        6.000
  1140:        6.000        6.000        6.000        6.000        6.000
  1145:        6.000        6.000        6.000        6.000        6.000
  1150:        6.000        6.000        6.000        6.000        6.000
  1155:        6.000        6.000        6.000        6.000        6.000
  1160:        6.000        6.000        6.000        6.000        6.000
  1165:        6.000        6.000        6.000        6.000        6.000
  1170:        6.000        6.000        6.000        6.000        6.000
  1175:        6.000        6.000        6.000        6.000        6.000
  1180:        6.000        6.000        6.000        6.000        6.000
  1185:        6.000        6.000        6.000        6.000        6.000
  1190:        6.000        6.000        6.000        6.000        6.000
  1195:        6.000        6.000        6.000        6.000        6.000
  1200:        6.000        6.000        6.000        6.000        6.000
  1205:        6.000        6.000        6.000        6.000        6.000
  1210:        6.000        6.000        6.000        6.000        6.000
  1215:        6.000        6.000        6.000        6.000        6.000
  1220:        6.000        6.000        6.000        6.000        6.000
  1225:        6.000        6.000        6.000        6.000        6.000
  1230:        6.000        6.000        6.000        6.000        6.000
  1235:        6.000        6.000        6.000        6.000        6.000
  1240:        6.000        6.000        6.000        6.000        6.000
  1245:        6.000        6.000        6.000        6.000        6.000
  1250:        6.000        6.000        6.000        6.000        6.000
  1255:        6.000        6.000        6.000        6.000        6.000
  1260:        6.000        6.000        6.000        6.000        6.000
  1265:        6.000        6.000        6.000        6.000        6.000
  1270:        6.000        6.000        6.000        6.000        6.000
  1275:        6.000        6.000        6.000        6.000        6.000
  1280:        6.000        6.000        6.000        6.000        6.000
  1285:        6.000        6.000        6.000        6.000        6.000
  1290:        6.000        6.000        6.000        6.000        6.000
  1295:        6.000        6.000        6.000        6.000        6.000
  1300:        6.000        6.000        6.000        6.000        6.000
  1305:        6.000        6.000        6.000        6.000        6.000
  1310:        6.000        6.000        6.000        6.000        6.000
  1315:        6.000        6.000        6.000        6.000        6.000
  1320:        6.000        6.000        6.000        6.000        6.000
  1325:        6.000        6.000        6.000        6.000        6.000
  1330:        6.000        6.000        6.000        6.000        6.000
  1335:        6.000        6.000        6.000        6.000        6.000
  1340:        6.000        6.000        6.000        6.000        6.000
  1345:        6.000        6.000        6.000        6.000        6.000
  1350:        6.000        6.000        6.000        6.000        6.000
  1355:        6.000        6.000        6.000        6.000        6.000
  1360:        6.000        6.000        6.000        6.000        6.000
  1365:        6.000        6.000        6.000        6.000        6.000
  1370:        6.000        6.000        6.000        6.000        6.000
  1375:        6.000        6.000        6.000        6.000        6.000
  1380:        6.000        6.000        6.000        6.000        6.000
  1385:        6.000        6.000        6.000        6.000        6.000
  1390:        6.000        6.000        6.000        6.000        6.000
  1395:        6.000        6.000        6.000        6.000        6.000
  1400:        6.000        6.000        6.000        6.000        6.000
  1405:        6.000        6.000        6.000        6.000        6.000
  1410:        6.000        6.000        6.000        6.000        6.000
  1415:        6.000        6.000        6.000        6.000        6.000
  1420:        6.000        6.000        6.000        6.000        6.000
  1425:        6.000        6.000        6.000        6.000        6.000
  1430:        6.000        6.000        6.000        6.000        6.000
  1435:        6.000        6.000        6.000        6.000        6.000
  1440:        6.000        6.000        6.000        6.000        6.000
  1445:        6.000        6.000        6.000        6.000        6.000
  1450:        6.000        6.000        6.000        6.000        6.000
  1455:        6.000        6.000        6.000        6.000        6.000
  1460:        6.000        6.000        6.000        6.000        6.000
  1465:        6.000        6.000        6.000        6.000        6.000
  1470:        6.000        6.000        6.000        6.000        6.000
  1475:        6.000        6.000        6.000        6.000        6.000
  1480:        6.000        6.000        6.000        6.000        6.000
  1485:        6.000        6.000        6.000        6.000        6.000
  1490:        6.000        6.000        6.000        6.000        6.000
  1495:        6.000        6.000        6.000        6.000        6.000
  1500:        6.000        6.000        6.000        6.000        6.000
  1505:        6.000        6.000        6.000        6.000        6.000
  1510:        6.000        6.000        6.000        6.000        6.000
  1515:        6.000        6.000        6.000        6.000        6.000
  1520:        6.000        6.000        6.000        6.000        6.000
  1525:        6.000        6.000        6.000        6.000        6.000
  1530:        6.000        6.000        6.000        6.000        6.000
  1535:        6.000        6.000        6.000        6.000        6.000
  1540:        6.000        6.000        6.000        6.000        6.000
  1545:        6.000        6.000        6.000        6.000        6.000
  1550:        6.000        6.000        6.000        6.000        6.000
  1555:        6.000        6.000        6.000        6.000        6.000
  1560:        6.000        6.000        6.000        6.000        6.000
  1565:        6.000        6.000        6.000        6.000        6.000
  1570:        6.000        6.000        6.000        6.000        6.000
  1575:        6.000        6.000        6.000        6.000        6.000
  1580:        6.000        6.000        6.000        6.000        6.000
  1585:        6.000        6.000        6.000        6.000        6.000
  1590:        6.000        6.000        6.000        6.000        6.000
  1595:        6.000        6.000        6.000        6.000        6.000
  1600:        6.000        6.000        6.000        6.000        6.000
  1605:        6.000        6.000        6.000        6.000        6.000
  1610:        6.000        6.000        6.000        6.000        6.000
  1615:        6.000        6.000        6.000        6.000        6.000
  1620:        6.000        6.000        6.000        6.000        6.000
  1625:        6.000        6.000        6.000        6.000        6.000
  1630:        6.000        6.000        6.000        6.000        6.000
  1635:        6.000        6.000        6.000        6.000        6.000
  1640:        6.000        6.000        6.000        6.000        6.000
  1645:        6.000        6.000        6.000        6.000        6.000
  1650:        6.000        6.000        6.000        6.000        6.000
  1655:        6.000        6.000        6.000        6.000        6.000
  1660:        6.000        6.000        6.000        6.000        6.000
  1665:        6.000        6.000        6.000        6.000        6.000
  1670:        6.000        6.000        6.000        6.000        6.000
  1675:        6.000        6.000        6.000        6.000        6.000
  1680:        6.000        6.000        6.000        6.000        6.000
  1685:        6.000        6.000        6.000        6.000        6.000
  1690:        6.000        6.000        6.000        6.000        6.000
  1695:        6.000        6.000        6.000        6.000        6.000
  1700:        6.000        6.000        6.000        6.000        6.000
  1705:        6.000        6.000        6.000        6.000        6.000
  1710:        6.000        6.000        6.000        6.000        6.000
  1715:        6.000        6.000        6.000        6.000        6.000
  1720:        6.000        6.000        6.000        6.000        6.000
  1725:        6.000        6.000        6.000        6.000        6.000
  1730:        6.000        6.000        6.000        6.000        6.000
  1735:        6.000        6.000        6.000        6.000        6.000
  1740:        6.000        6.000        6.000        6.000        6.000
  1745:        6.000        6.000        6.000        6.000        6.000
  1750:        6.000        6.000        6.000        6.000        6.000
  1755:        6.000        6.000        6.000        6.000        6.000
  1760:        6.000        6.000        6.000        6.000        6.000
  1765:        6.000        6.000        6.000        6.000        6.000
  1770:        6.000        6.000        6.000        6.000        6.000
  1775:        6.000        6.000        6.000        6.000        6.000
  1780:        6.000        6.000        6.000        6.000        6.000
  1785:        6.000        6.000        6.000        6.000        6.000
  1790:        6.000        6.000        6.000        6.000        6.000
  1795:        6.000        6.000        6.000        6.000        6.000
  1800:        6.000        6.000        6.000        6.000        6.000
  1805:        6.000        2.000        4.000       22.000       24.000
  1810:        6.000        6.000        6.000        6.000        6.000
  1815:       19.000        6.000        6.000        6.000        6.000
  1820:        6.000        6.000        6.000        6.000        6.000
  1825:        6.000        6.000        6.000        6.000        6.000
  1830:        6.000        6.000        6.000        6.000        6.000
  1835:        6.000        6.000        6.000        6.000        6.000
  1840:        6.000        6.000        6.000        6.000        6.000
  1845:        6.000        6.000        6.000        6.000        6.000
  1850:        6.000        6.000        6.000        6.000        6.000
  1855:        6.000        6.000        6.000        6.000        6.000
  1860:        6.000        6.000        6.000        6.000        6.000
  1865:        6.000        6.000        6.000        6.000        6.000
  1870:        6.000        6.000        6.000        6.000        6.000
  1875:        6.000        6.000        6.000        6.000        6.000
  1880:        6.000        6.000        6.000        6.000        6.000
  1885:        6.000        6.000        6.000        6.000        6.000
  1890:        6.000        6.000        6.000        6.000       23.000
  1895:        6.000        6.000        6.000        6.000        6.000
  1900:        6.000        6.000        6.000        6.000        6.000
  1905:        6.000        6.000        6.000        6.000        6.000
  1910:        6.000      100.000
T:
     0:        0.000        0.000        0.000        0.000       19.390
     5:       34.930       82.610       82.650       82.730       89.190
    10:       95.810      100.040      149.930      154.400      154.500
    15:      154.670      161.430      161.500      213.690      216.480
    20:      219.160      219.230      245.330      251.470      253.920
    25:      283.780      288.490      350.510      360.650      362.200
    30:      367.520      368.230      368.420      368.480      369.050
    35:      369.430      370.780      376.340      378.530      378.580
    40:      378.690      381.920      382.010      427.900      484.650
    45:      518.630      524.570      524.860      524.950      525.130
    50:      525.530      530.220      537.580      539.990      546.160
    55:      551.500      552.160      552.220      552.860      559.390
    60:      559.560      559.910      560.080      560.160      564.590
    65:      574.030      581.460      584.730      588.480      592.560
    70:      592.620      596.820      598.760      601.220      601.290
    75:      647.050      647.170      647.190      651.320      651.370
    80:      652.520      671.790      671.880      674.590      677.840
    85:      678.120      678.230      680.940      681.100      681.270
    90:      682.820      682.930      683.280      688.020      688.860
    95:      752.440      754.000      759.460      759.600      762.000
   100:      765.110      765.140      766.750      768.150      770.820
   105:      771.650      791.730      791.900      796.360      796.410
   110:      801.000      801.070      801.140      801.260      801.330
   115:      801.840      801.980      803.210      803.510      804.110
   120:      804.920      833.680      834.800      834.880      834.940
   125:      835.430      835.460      836.160      839.550      841.720
   130:      848.250      853.650      854.100      855.390      855.500
   135:      859.420      860.450      860.630      863.320      865.430
   140:      869.150      887.450      887.450      887.450      887.460
   145:      889.030      889.030      897.450      898.320      902.490
   150:      902.600      905.480      927.150      950.580      956.200
   155:      957.120      961.990      962.320      962.450      962.680
   160:      963.200      965.950      966.250      966.900      966.990
   165:      969.130      969.300      970.700     1024.300     1029.770
   170:     1063.990     1099.420     1099.980     1101.250     1101.280
   175:     1101.380     1101.470     1102.330     1107.650     1108.170
   180:     1108.740     1108.810     1109.030     1111.340     1114.820
   185:     1114.950     1115.170     1116.100     1122.270     1122.700
   190:     1127.470     1150.310     1165.150     1165.240     1165.460
   195:     1188.290     1190.520     1191.740     1193.140     1195.360
   200:     1197.710     1200.060     1200.080     1203.720     1205.020
   205:     1209.090     1209.570     1210.120     1212.850     1214.060
   210:     1214.300     1214.950     1215.770     1216.200     1217.390
   215:     1217.620     1217.730     1219.800     1222.310     1223.220
   220:     1223.780     1223.860     1230.020     1230.300     1281.740
   225:     1281.850     1282.210     1282.680     1283.740     1288.190
   230:     1289.960     1291.590     1293.860     1294.190     1297.240
   235:     1297.520     1297.790     1297.840     1300.960     1301.100
   240:     1303.170     1303.500     1311.120     1311.860     1311.970
   245:     1314.940     1315.210     1315.520     1317.700     1317.930
   250:     1322.300     1329.460     1329.510     1331.220     1334.540
   255:     1335.400     1335.570     1343.220     1344.720     1345.780
   260:     1351.520     1357.040     1381.180     1382.120     1383.100
   265:     1384.010     1384.150     1385.810     1385.980     1387.350
   270:     1388.010     1393.200     1393.220     1395.150     1395.660
   275:     1395.680     1395.710     1395.740     1396.910     1399.780
   280:     1465.400     1465.870     1469.440     1492.550     1495.450
   285:     1502.970     1506.500     1507.240     1508.130     1508.190
   290:     1508.220     1546.650     1546.850     1550.090     1551.080
   295:     1552.630     1554.170     1558.070     1558.260     1558.420
   300:     1561.180     1561.500     1563.230     1568.640     1568.690
   305:     1571.060     1571.210     1571.460     1571.570     1576.840
   310:     1599.360     1599.700     1601.450     1602.910     1606.420
   315:     1611.780     1612.880     1616.540     1618.740     1619.030
   320:     1620.770     1622.550     1622.960     1623.220     1623.870
   325:     1624.040     1624.170     1628.330     1630.130     1634.810
   330:     1635.320     1635.590     1636.700     1636.810     1638.510
   335:     1638.640     1638.820     1638.870     1640.010     1640.290
   340:     1642.780     1643.570     1644.050     1646.600     1654.640
   345:     1656.120     1656.770     1659.260     1660.340     1660.980
   350:     1661.260     1661.460     1664.260     1728.470     1729.810
   355:     1767.150     1787.810     1787.860     1845.340     1863.190
   360:     1863.230     1867.240     1883.060     1883.060     1883.060
   365:     1883.070     1884.460     1893.060     1910.440     1910.440
   370:     1910.440     1910.450     1911.420     1915.380     1916.190
   375:     1918.810     1920.120     1920.440     1923.090     1926.840
   380:     1928.020     1932.230     1933.480     1934.410     1935.460
   385:     1935.690     1937.180     1937.970     1939.310     1939.740
   390:     1941.750     1941.870     1947.990     1948.940     1949.140
   395:     1953.670     1954.400     1956.590     1956.940     1957.110
   400:     1957.920     1960.850     1961.640     1961.890     1963.900
   405:     1965.390     1966.970     1967.430     1968.150     1969.710
   410:     1969.730     1971.460     1972.010     1972.050     1972.850
   415:     1977.370     1977.700     1977.950     1984.670     1985.030
   420:     1985.130     1985.230     1985.300     1985.440     1988.890
   425:     1991.140     1991.490     1992.210     1996.150     2044.350
   430:     2048.980     2049.040     2062.320     2073.860     2085.550
   435:     2087.770     2087.940     2094.810     2098.730     2104.200
   440:     2109.910     2109.960     2109.990     2112.010     2112.060
   445:     2115.150     2117.780     2118.340     2118.760     2119.220
   450:     2119.480     2119.570     2119.700     2121.280     2122.990
   455:     2130.140     2137.690     2193.900     2199.800     2200.140
   460:     2200.290     2200.330     2201.290     2202.690     2207.570
   465:     2208.450     2209.650     2210.140     2211.660     2212.690
   470:     2220.780     2221.010     2223.270     2225.780     2226.200
   475:     2226.340     2226.510     2233.450     2322.890     2327.200
   480:     2341.580     2346.650     2348.980     2387.480     2403.040
   485:     2405.420     2499.500     2499.520     2499.540     2499.600
   490:     2502.320     2539.830     2540.030     2541.060     2579.030
   495:     2579.100     2582.210     2601.900     2606.260     2607.730
   500:     2608.630     2609.010     2612.440     2613.170     2614.290
   505:     2614.500     2618.520     2618.760     2618.990     2619.240
   510:     2624.070     2625.110     2626.370     2627.610     2627.760
   515:     2632.090     2632.220     2632.280     2634.770     2634.880
   520:     2635.510     2636.820     2636.950     2637.760     2638.480
   525:     2639.330     2640.700     2640.940     2641.430     2647.450
   530:     2647.980     2650.780     2651.760     2652.360     2652.380
   535:     2658.540     2659.520     2659.590     2659.650     2659.790
   540:     2659.880     2664.970     2665.190     2665.540     2671.070
   545:     2671.980     2672.340     2674.030     2674.210     2677.150
   550:     2677.220     2677.550     2677.620     2678.060     2678.080
   555:     2679.090     2790.790     2791.340     2795.610     2797.230
   560:     2818.140     2819.330     2819.450     2819.500     2841.750
   565:     2841.750     2841.750     2841.760     2842.930     2847.780
   570:     2851.750     2856.690     2861.220     2861.420     2869.090
   575:     2870.440     2874.560     2878.270     2880.030     2881.660
   580:     2883.990     2884.100     2884.860     2885.130     2924.940
   585:     2925.060     2925.500     2926.440     2929.480     2943.860
   590:     2967.030     2983.010     2983.210     2983.410     2983.530
   595:     2983.610     2983.810     2983.840     2991.300     2994.200
   600:     2994.240     2994.380     3001.470     3003.060     3003.550
   605:     3004.050     3004.670     3004.680     3004.960     3006.650
   610:     3012.440     3013.030     3014.290     3144.750     3145.960
   615:     3146.790     3151.510     3160.760     3202.320     3206.130
   620:     3207.180     3214.590     3215.070     3215.130     3216.850
   625:     3217.540     3218.860     3228.610     3256.830     3257.180
   630:     3258.390     3258.480     3258.650     3258.720     3258.810
   635:     3264.600     3264.630     3265.730     3272.710     3273.040
   640:     3273.100     3273.160     3273.460     3275.130     3278.860
   645:     3282.980     3283.120     3283.230     3283.980     3288.680
   650:     3291.100     3291.180     3291.210     3291.400     3296.530
   655:     3296.660     3297.590     3297.650     3297.800     3303.090
   660:     3303.780     3304.030     3314.920     3317.570     3318.370
   665:     3329.010     3329.640     3329.870     3330.110     3335.350
   670:     3335.790     3339.860     3340.160     3361.320     3365.810
   675:     3366.980     3368.180     3368.910     3377.480     3381.990
   680:     3382.200     3382.630     3390.270     3394.140     3395.560
   685:     3397.610     3407.780     3410.130     3410.370     3410.640
   690:     3419.520     3423.780     3423.790     3423.870     3424.020
   695:     3424.060     3432.720     3434.240     3434.340     3435.370
   700:     3436.640     3442.880     3444.020     3531.340     3547.630
   705:     3549.660     3566.090     3566.160     3566.250     3579.360
   710:     3688.590     3689.300     3691.880     3692.400     3700.510
   715:     3708.560     3708.650     3708.690     3708.870     3710.000
   720:     3710.020     3710.320     3710.670     3711.580     3716.260
   725:     3718.000     3718.730     3757.620     3757.780     3757.820
   730:     3762.160     3762.250     3762.270     3762.710     3762.850
   735:     3762.900     3765.780     3767.050     3767.990     3779.990
   740:     3779.990     3779.990     3780.000     3780.780     3789.990
   745:     3795.650     3795.700     3795.710     3796.920     3799.350
   750:     3804.950     3809.820     3810.600     3811.080     3811.270
   755:     3815.480     3819.080     3819.500     3819.720     3820.400
   760:     3820.840     3821.450     3822.090     3822.550     3846.260
   765:     3847.570     3847.740     3847.790     3848.440     3848.660
   770:     3849.540     3852.050     3853.550     3861.110     3861.270
   775:     3861.740     3866.840     3867.030     3869.890     3870.030
   780:     3878.520     3878.690     3878.910     3878.950     3881.190
   785:     3890.250     3891.620     3894.610     3895.390     3895.490
   790:     3895.700     3897.040     3897.690     3935.680     3935.710
   795:     3935.750     3935.770     3941.410     3942.010     3960.350
   800:     3960.860     3963.170     3963.210     3971.500     3971.540
   805:     3974.920     3984.940     4027.470     4029.020     4033.330
   810:     4033.430     4033.970     4034.640     4036.860     4039.480
   815:     4042.660     4043.040     4045.460     4048.310     4048.990
   820:     4052.130     4054.440     4055.220     4060.330     4061.710
   825:     4062.050     4065.280     4065.580     4065.840     4069.210
   830:     4069.460     4072.340     4072.480     4072.500     4075.170
   835:     4075.850     4076.270     4077.190     4078.760     4080.950
   840:     4081.040     4085.010     4085.070     4085.090     4086.350
   845:     4086.900     4087.810     4094.430     4094.630     4236.490
   850:     4271.020     4292.460     4292.650     4296.160     4302.320
   855:     4302.520     4302.620     4302.730     4302.910     4349.620
   860:     4349.620     4349.620     4349.630     4350.770     4350.900
   865:     4351.380     4359.620     4427.180     4429.150     4429.200
   870:     4429.350     4429.540     4429.590     4429.630     4462.860
   875:     4480.100     4598.780     4605.590     4605.690     4609.690
   880:     4643.650     4643.690     4643.790     4643.890     4643.990
   885:     4663.060     4673.840     4675.280     4675.580     4680.170
   890:     4680.310     4685.430     4716.220     4818.160     4822.620
   895:     4822.740     4825.440     4831.000     4833.490     4833.580
   900:     4833.720     4833.770     4833.790     4857.140     4857.180
   905:     4981.760     4981.820     4981.920     5028.310     5110.840
   910:     5120.430     5123.540     5123.650     5124.090     5124.130
   915:     5125.130     5125.160     5125.470     5125.910     5125.970
   920:     5126.210     5126.700     5127.110     5127.170     5128.720
   925:     5129.780     5130.290     5152.040     5186.320     5186.360
   930:     5186.440     5186.490     5191.150     5193.800     5194.640
   935:     5196.400     5196.430     5197.710     5313.770     5314.730
   940:     5317.520     5327.820     5339.460     5339.570     5339.590
   945:     5340.880     5342.070     5343.510     5343.860     5343.980
   950:     5344.020     5387.310     5395.280     5395.490     5395.820
   955:     5396.010     5399.180     5400.870     5428.740     5432.610
   960:     5437.350     5439.060     5439.500     5439.710     5441.820
   965:     5441.870     5443.120     5447.370     5558.580     5580.670
   970:     5605.470     5608.670     5610.880     5613.430     5615.900
   975:     5616.040     5617.620     5618.510     5618.700     5618.760
   980:     5619.510     5630.520     5631.050     5633.500     5633.670
   985:     5634.400     5635.120     5635.300     5635.350     5637.690
   990:     5645.130     5645.260     5646.640     5647.640     5647.760
   995:     5650.770     5666.010     5666.230     5682.770     5708.010
  1000:     5708.050     5719.140     5719.260     5719.320     5719.380
  1005:     5719.420     5721.810     5723.710     5724.200     5732.750
  1010:     5732.840     5737.460     5737.720     5737.890     5740.600
  1015:     5744.600     5745.290     5746.850     5747.070     5750.130
  1020:     5769.980     5801.540     5812.570     5814.540     5816.460
  1025:     5816.660     5817.210     5818.240     5818.360     5818.760
  1030:     5819.210     5822.050     5825.120     5825.790     5826.100
  1035:     5827.670     5828.080     5828.130     5829.010     5829.580
  1040:     5830.100     5834.740     5834.850     5836.160     5837.100
  1045:     5842.500     5842.730     5842.840     5842.950     5843.080
  1050:     5843.410     5843.570     5853.830     5997.000     5997.180
  1055:     6016.680     6020.320     6020.500     6032.870     6065.200
  1060:     6065.220     6066.470     6071.220     6075.940     6076.190
  1065:     6078.930     6079.250     6082.610     6082.780     6084.770
  1070:     6153.570     6157.420     6167.350     6168.270     6171.870
  1075:     6173.000     6173.450     6173.730     6173.780     6174.090
  1080:     6174.130     6174.590     6175.990     6176.070     6176.100
  1085:     6179.190     6181.070     6181.520     6181.600     6181.850
  1090:     6182.010     6187.830     6297.260     6298.890     6301.150
  1095:     6301.410     6301.960     6302.760     6317.000     6317.370
  1100:     6318.620     6395.890     6410.210     6424.780     6425.120
  1105:     6425.360     6425.470     6425.480     6425.610     6430.630
  1110:     6430.690     6497.060     6519.740     6519.780     6519.820
  1115:     6520.770     6523.430     6524.830     6611.260     6743.880
  1120:     6744.240     6807.950     6812.600     6812.760     6900.670
  1125:     6901.000     6901.200     6902.660     6902.830     6904.770
  1130:     6905.400     6905.480     6905.600     6905.680     6905.950
  1135:     6906.680     6906.720     6906.770     6906.920     6907.130
  1140:     6907.270     6907.550     6911.300     6920.670     6921.330
  1145:     6921.590     6921.680     6921.700     6923.430     6923.560
  1150:     6923.800     6924.010     6924.080     6928.400     6929.710
  1155:     6931.260     6932.530     6932.600     6932.920     6933.330
  1160:     6937.700     7018.000     7018.980     7023.110     7023.200
  1165:     7026.170     7027.080     7027.460     7042.300     7042.500
  1170:     7051.420     7051.860     7051.880     7057.330     7058.080
  1175:     7058.190     7058.380     7058.490     7083.860     7091.690
  1180:     7091.740     7091.750     7091.850     7094.890     7097.330
  1185:     7138.580     7158.430     7162.800     7163.160     7163.310
  1190:     7163.550     7164.260     7164.590     7165.210     7165.930
  1195:     7166.070     7167.580     7168.970     7169.210     7170.190
  1200:     7172.560     7173.360     7174.850     7175.180     7176.010
  1205:     7177.880     7178.650     7179.240     7181.680     7181.790
  1210:     7182.130     7327.530     7331.010     7331.130     7331.930
  1215:     7386.340     7386.700     7396.860     7402.090     7402.330
  1220:     7403.850     7409.550     7410.070     7410.460     7415.380
  1225:     7415.870     7418.100     7418.180     7434.310     7488.490
  1230:     7513.560     7513.600     7513.750     7515.400     7515.450
  1235:     7516.400     7519.950     7520.050     7520.410     7520.460
  1240:     7521.070     7521.230     7521.460     7524.950     7525.320
  1245:     7525.340     7525.410     7528.770     7533.220     7533.670
  1250:     7537.470     7538.260     7538.610     7538.650     7538.790
  1255:     7539.130     7540.510     7540.940     7541.490     7542.850
  1260:     7543.100     7547.180     7547.270     7549.950     7597.670
  1265:     7604.410     7606.500     7606.620     7630.800     7634.190
  1270:     7636.140     7636.370     7636.480     7636.530     7639.730
  1275:     7639.900     7639.980     7640.110     7640.470     7640.900
  1280:     7641.000     7643.450     7645.330     7645.540     7645.680
  1285:     7645.800     7645.940     7646.040     7653.360     7656.240
  1290:     7661.360     7667.920     7669.240     7669.490     7669.950
  1295:     7670.100     7675.980     7676.100     7676.130     7676.320
  1300:     7677.870     7679.580     7686.270     7687.190     7700.690
  1305:     7702.060     7702.400     7702.430     7704.060     7705.770
  1310:     7707.560     7709.110     7709.270     7709.290     7709.320
  1315:     7710.220     7710.380     7710.410     7710.510     7710.570
  1320:     7710.600     7714.300     7716.260     7719.000     7720.700
  1325:     7726.310     7726.740     7755.910     7756.190     7756.480
  1330:     7758.020     7764.320     7764.670     7764.980     7768.830
  1335:     7770.680     7774.220     7774.330     7787.030     7787.410
  1340:     7793.250     7795.790     7796.920     7802.520     7804.950
  1345:     7807.660     7826.080     7829.040     7830.220     7835.310
  1350:     7836.150     7839.720     7842.660     7843.040     7843.140
  1355:     7843.340     7843.570     7844.180     7845.060     7852.710
  1360:     7853.180     7853.240     7868.350     7871.880     7898.400
  1365:     7900.360     7900.390     7900.420     7900.460     7900.490
  1370:     7901.610     7902.010     7903.120     7903.470     7903.960
  1375:     7904.070     7907.160     7908.520     7911.310     7911.430
  1380:     7915.280     7917.680     7919.110     7974.750     7984.530
  1385:     7990.830     7994.410     7995.100     7995.160     7999.070
  1390:     7999.230     7999.350     7999.780     7999.970     8000.280
  1395:     8000.410     8006.490     8012.250     8012.490     8017.790
  1400:     8018.020     8018.170     8020.080     8020.120     8020.160
  1405:     8020.450     8021.030     8024.140     8026.060     8026.120
  1410:     8027.730     8027.780     8028.050     8028.170     8030.080
  1415:     8031.590     8037.920     8044.380     8044.460     8050.180
  1420:     8050.710     8056.360     8063.440     8075.880     8078.010
  1425:     8081.450     8082.170     8120.620     8131.020     8134.270
  1430:     8135.530     8140.160     8163.950     8168.090     8172.750
  1435:     8172.800     8175.960     8178.310     8178.360     8178.530
  1440:     8183.770     8217.260     8218.080     8218.420     8218.510
  1445:     8221.590     8221.760     8221.910     8222.120     8224.210
  1450:     8228.150     8232.710     8239.220     8250.190     8258.150
  1455:     8258.330     8258.740     8258.780     8258.810     8268.750
  1460:     8268.830     8269.030     8269.360     8269.490     8274.470
  1465:     8284.320     8286.400     8286.520     8286.870     8287.410
  1470:     8291.750     8291.850     8291.950     8291.990     8296.080
  1475:     8300.030     8300.050     8300.370     8303.300     8309.970
  1480:     8310.020     8313.140     8313.320     8314.770     8316.300
  1485:     8316.450     8345.970     8346.010     8346.030     8368.410
  1490:     8371.150     8373.800     8381.230     8385.980     8388.130
  1495:     8388.980     8389.510     8390.890     8391.750     8391.860
  1500:     8391.980     8440.360     8463.790     8468.460     8470.880
  1505:     8470.910     8471.630     8471.700     8472.010     8478.470
  1510:     8480.170     8519.880     8521.940     8522.070     8522.310
  1515:     8522.350     8528.120     8531.360     8531.390     8532.310
  1520:     8539.180     8543.350     8543.570     8543.610     8543.690
  1525:     8544.040     8548.480     8548.520     8548.900     8552.440
  1530:     8557.680     8558.100     8558.330     8560.900     8565.800
  1535:     8572.300     8576.110     8579.890     8579.930     8580.010
  1540:     8580.390     8580.960     8583.500     8583.550     8588.020
  1545:     8588.050     8588.810     8588.900     8589.390     8597.710
  1550:     8603.510     8603.620     8611.880     8611.930     8614.440
  1555:     8620.860     8621.070     8622.080     8625.010     8634.910
  1560:     8723.970     8726.240     8852.650     8852.810     8879.280
  1565:     8925.800     8932.520     8986.750     8993.260     8996.700
  1570:     9000.160     9002.620     9007.130     9007.700     9007.810
  1575:     9008.210     9008.490     9090.490     9177.290     9189.070
  1580:     9189.450     9193.540     9194.450     9194.490     9194.690
  1585:     9195.100     9196.130     9196.220     9196.250     9196.460
  1590:     9197.980     9198.150     9198.250     9198.980     9199.310
  1595:     9199.420     9199.760     9202.350     9279.950     9316.070
  1600:     9318.510     9345.270     9351.130     9351.730     9352.270
  1605:     9352.480     9353.170     9353.240     9353.950     9354.210
  1610:     9356.520     9360.740     9361.290     9361.700     9363.240
  1615:     9366.970     9367.030     9367.070     9367.170     9367.590
  1620:     9368.000     9368.280     9372.850     9378.430     9378.530
  1625:     9378.710     9378.850     9379.040     9379.220     9379.370
  1630:     9383.150     9397.600     9413.140     9415.760     9416.140
  1635:     9419.810     9422.140     9423.680     9426.210     9426.350
  1640:     9426.550     9426.580     9427.490     9428.740     9433.440
  1645:     9433.490     9433.970     9434.050     9434.080     9434.330
  1650:     9434.440     9436.140     9437.550     9441.160     9441.630
  1655:     9447.870     9451.630     9452.840     9454.090     9454.150
  1660:     9454.190     9455.710     9455.920     9471.330     9471.500
  1665:     9471.530     9473.210     9475.860     9476.510     9476.560
  1670:     9476.660     9476.890     9482.900     9483.510     9483.660
  1675:     9485.710     9485.760     9486.820     9495.130     9498.700
  1680:     9498.810     9498.940     9503.130     9503.480     9510.880
  1685:     9511.220     9511.990     9512.090     9512.140     9515.470
  1690:     9531.430     9535.430     9535.610     9537.110     9544.670
  1695:     9544.990     9545.430     9545.550     9545.590     9549.500
  1700:     9550.730     9559.010     9575.010     9575.340     9575.650
  1705:     9579.030     9579.860     9580.800     9583.100     9583.730
  1710:     9608.930     9609.010     9609.050     9609.680     9609.770
  1715:     9610.000     9616.030     9618.210     9624.800     9625.410
  1720:     9630.270     9637.950     9639.160     9639.280     9645.420
  1725:     9653.580     9658.160     9658.310     9658.650     9664.390
  1730:     9664.660     9668.070     9668.140     9676.650     9682.500
  1735:     9682.640     9688.190     9689.270     9695.410     9695.530
  1740:     9698.610     9701.200     9701.760     9712.040     9719.250
  1745:     9719.750     9720.620     9720.830     9721.080     9721.200
  1750:     9721.480     9721.620     9722.440     9722.550     9722.740
  1755:     9722.840     9724.310     9724.370     9724.520     9727.180
  1760:     9727.270     9727.350     9727.680     9728.160     9730.540
  1765:     9731.430     9731.520     9731.590     9740.390     9741.300
  1770:     9742.480     9744.420     9746.220     9748.190     9750.020
  1775:     9795.650     9795.680     9873.400     9873.480     9911.280
  1780:     9928.810     9929.890     9930.320     9932.120     9932.380
  1785:     9932.480     9932.780     9932.900     9933.070     9933.730
  1790:     9933.850     9935.990     9938.750     9939.130     9939.190
  1795:     9984.350    10019.000    10019.160    10040.980    10041.080
  1800:    10045.440    10045.540    10055.140    10055.590    10191.030
  1805:    10191.060    10196.410    10196.410    10196.410    10196.420
  1810:    10197.940    10198.320    10198.770    10199.730    10202.430
  1815:    10206.410    10263.770    10263.860    10266.720    10267.150
  1820:    10267.820    10268.110    10269.560    10328.590    10328.970
  1825:    10329.960    10338.280    10339.300    10364.510    10371.370
  1830:    10375.920    10375.980    10379.030    10390.260    10392.280
  1835:    10392.320    10393.220    10413.270    10413.960    10417.290
  1840:    10435.710    10436.420    10437.520    10437.950    10438.040
  1845:    10438.270    10443.280    10443.540    10445.670    10446.070
  1850:    10453.250    10458.010    10458.220    10466.480    10469.600
  1855:    10509.620    10510.510    10512.290    10512.900    10520.880
  1860:    10521.680    10522.110    10523.730    10523.930    10525.610
  1865:    10526.890    10553.240    10553.740    10554.480    10554.520
  1870:    10555.230    10555.300    10555.470    10555.720    10558.700
  1875:    10558.830    10561.910    10562.810    10565.570    10566.260
  1880:    10566.650    10566.720    10569.490    10570.610    10673.740
  1885:    10680.600    10685.540    10686.300    10687.800    10700.780
  1890:    10702.170    10705.210    10706.060    10710.050    10760.570
  1895:    10768.330    10768.410    10768.420    10776.570    10779.450
  1900:    10779.870    10779.940    10780.110    10786.180    10790.070
  1905:    10790.170    10790.850    10792.790    10793.780    10796.420
  1910:    10796.530    10800.010
