File: C:\MED-PC IV\DATA\!2025-05-29_09h24m.Subject T6



Start Date: 05/29/25
End Date: 05/29/25
Subject: T6
Experiment: OralFentSA
Group: One
Box: 6
Start Time:  9:24:34
End Time: 12:24:37
MSN: Golden_Liq_SelfAdmin
F:       0.000
G:     411.000
H:   10800.010
I:       0.000
J:       0.000
K:       0.000
L:       0.000
M:       0.000
N:       0.000
O:       0.000
P:       0.000
Q:       0.000
R:       0.000
S:       0.000
U:       0.000
V:       0.000
W:       0.000
X:       0.000
Y:       0.000
Z:       0.000
A:
     0:        0.000        0.000      180.000        4.000        0.000
     5:        5.000        0.000        5.000        0.000        0.000
    10:        1.000        0.000       10.000  3000000.000       21.000
    15:       13.000      640.000        0.000        0.000        0.000
    20:        0.000
B:
     0:        0.000        0.000        0.000      400.000        0.000
     5:      500.000        0.000      500.000        0.000        0.000
    10:        0.000        0.000     1000.000 300000000.00        0.000
    15:        0.000        0.000        0.000        0.000        0.000
    20:        0.000
C:
     0:        3.000        4.000        0.000        5.000      359.000
     5:     1226.210        5.100        3.000      109.170       36.390
    10:        5.000        2.000        0.000        0.000        0.000
    15:        0.000        0.000        0.000        0.000        0.000
    20:        0.000
D:
     0:       17.510       86.560        5.100
E:
     0:       19.000       11.000       26.000       27.000        6.000
     5:        6.000        6.000        6.000        6.000        6.000
    10:        6.000        6.000        6.000       23.000       23.000
    15:        6.000        6.000        6.000        6.000        2.000
    20:        4.000       22.000       24.000       12.000       13.000
    25:        8.000        5.000       17.000       18.000       14.000
    30:       10.000       19.000       11.000        6.000        6.000
    35:        6.000        6.000        6.000        6.000        6.000
    40:        6.000        6.000        6.000        6.000        6.000
    45:        6.000        6.000        6.000        6.000        6.000
    50:        6.000        6.000        6.000        6.000        6.000
    55:        6.000        6.000        6.000        6.000        6.000
    60:        6.000        6.000        6.000        6.000        6.000
    65:        6.000        2.000        4.000       22.000       24.000
    70:       12.000       13.000        8.000        5.000       17.000
    75:       18.000       14.000       10.000       19.000       11.000
    80:        6.000        6.000        6.000        6.000        6.000
    85:        6.000        6.000        6.000        6.000        6.000
    90:        6.000        6.000        6.000        6.000        6.000
    95:        6.000        6.000        6.000        2.000        4.000
   100:       22.000       24.000       12.000       13.000        8.000
   105:        5.000       17.000       21.000       22.000       21.000
   110:       22.000       18.000       14.000       10.000        6.000
   115:        6.000       19.000       11.000        6.000        6.000
   120:        6.000        6.000        6.000        6.000        6.000
   125:        6.000        6.000        6.000        6.000        6.000
   130:        6.000        6.000        6.000        6.000        6.000
   135:        6.000        6.000        6.000        6.000        6.000
   140:        6.000        6.000        6.000        6.000        6.000
   145:        6.000        6.000        6.000        6.000        6.000
   150:        6.000        6.000        6.000        6.000        6.000
   155:        6.000        6.000        6.000        6.000        6.000
   160:        6.000        6.000        6.000        6.000        6.000
   165:        6.000        6.000        6.000        6.000        6.000
   170:        6.000        6.000        6.000        6.000        6.000
   175:        6.000        6.000        6.000        6.000        6.000
   180:        6.000        6.000        6.000        6.000        6.000
   185:        6.000        6.000        6.000        6.000        6.000
   190:        6.000        6.000        6.000        6.000        6.000
   195:        6.000        6.000        6.000        6.000        6.000
   200:        6.000        6.000        6.000        6.000        6.000
   205:        6.000        6.000        6.000        6.000        6.000
   210:        6.000        6.000        6.000        6.000        6.000
   215:        6.000        6.000        6.000        6.000        6.000
   220:        6.000        6.000        6.000        6.000        6.000
   225:        6.000        6.000        6.000        6.000        6.000
   230:        6.000        6.000        6.000        6.000        6.000
   235:        6.000        6.000        6.000        6.000        6.000
   240:        6.000        6.000        6.000        6.000        6.000
   245:        6.000        6.000        6.000        6.000        6.000
   250:        6.000        6.000        6.000        6.000        6.000
   255:        6.000        6.000        6.000        6.000        6.000
   260:        6.000        6.000        6.000        6.000        6.000
   265:        6.000        6.000        6.000        6.000        6.000
   270:        6.000        6.000        6.000        6.000        6.000
   275:        6.000        6.000        6.000        6.000        6.000
   280:        6.000        6.000        6.000        6.000        6.000
   285:        6.000        6.000        6.000        6.000        6.000
   290:        6.000        6.000        6.000        6.000        6.000
   295:        6.000        6.000        6.000        6.000        6.000
   300:        6.000        6.000        6.000        6.000        6.000
   305:        6.000        6.000        6.000        6.000        6.000
   310:        6.000        6.000        6.000        6.000        6.000
   315:        6.000        6.000        6.000        6.000        6.000
   320:        6.000        6.000        6.000        6.000        6.000
   325:        6.000        6.000        6.000        6.000        6.000
   330:        6.000        6.000        6.000        6.000        6.000
   335:        6.000        6.000        6.000        6.000        6.000
   340:        6.000        6.000        6.000        6.000        6.000
   345:        6.000        6.000        6.000        6.000        6.000
   350:        6.000        6.000        6.000        6.000        6.000
   355:        6.000        6.000        6.000        6.000        6.000
   360:        6.000        6.000        6.000        6.000        6.000
   365:        6.000        6.000        6.000        6.000        6.000
   370:        6.000        6.000        6.000        6.000        6.000
   375:        6.000        6.000        6.000        6.000        6.000
   380:        6.000        6.000        6.000        6.000        6.000
   385:        6.000        6.000        6.000        6.000        6.000
   390:        6.000        6.000        6.000        6.000        6.000
   395:        6.000        6.000        6.000        6.000        6.000
   400:        6.000        6.000        6.000        6.000        6.000
   405:        6.000        6.000        6.000        6.000        6.000
   410:        6.000      100.000
T:
     0:        0.000        0.000        0.000        0.000       11.040
     5:       17.700       17.750       30.120       30.440      265.860
    10:      270.530      281.200      281.510      317.870      318.000
    15:      348.970      349.750      350.300      351.030      362.830
    20:      362.830      362.830      362.840      362.840      362.840
    25:      362.840      362.840      362.840      366.840      367.840
    30:      367.840      372.830      372.840      380.350      423.290
    35:      526.380      527.130      527.900      528.430      528.460
    40:      532.540      533.820      534.080      536.070      536.600
    45:      537.900      540.150      540.860      541.800      542.890
    50:      543.140      545.620      545.680      551.580      563.340
    55:      620.480      621.390      663.810      894.310      894.360
    60:      907.280      915.110      996.000      996.780     1039.130
    65:     1040.860     1077.350     1077.350     1077.350     1077.360
    70:     1077.360     1077.360     1077.360     1077.360     1077.360
    75:     1081.360     1082.360     1082.360     1087.350     1087.360
    80:     1163.920     1181.290     1181.810     1181.990     1182.370
    85:     1184.090     1188.550     1188.680     1190.850     1190.940
    90:     1191.160     1191.430     1191.810     1191.840     1191.930
    95:     1192.050     1192.090     1206.450     1226.200     1226.200
   100:     1226.200     1226.210     1226.210     1226.210     1226.210
   105:     1226.210     1226.210     1226.260     1226.260     1227.850
   110:     1227.850     1230.210     1231.210     1231.210     1231.310
   115:     1231.800     1236.200     1236.210     1240.520     1242.270
   120:     1276.280     1280.800     1283.670     1286.500     1286.630
   125:     1291.230     1297.240     1297.300     1297.370     1297.890
   130:     1298.050     1298.550     1299.910     1301.120     1310.260
   135:     1315.820     1330.400     1338.680     1339.010     1366.130
   140:     1491.450     1492.800     1492.880     1501.080     1501.930
   145:     1508.060     1509.640     1510.640     1511.840     1515.520
   150:     1517.390     1518.130     1772.850     2102.310     2102.330
   155:     2130.610     2131.240     2199.940     2204.990     2205.390
   160:     2282.730     2324.470     2324.550     2645.380     2717.350
   165:     2717.970     2718.340     2720.140     2727.270     2727.830
   170:     2728.740     2735.370     2794.850     3077.680     3114.390
   175:     3115.290     3185.580     3197.060     3200.940     3201.020
   180:     3210.160     3213.090     3215.610     3217.280     3222.450
   185:     3222.750     3223.180     3308.050     3308.070     3308.170
   190:     3308.430     3309.000     3312.440     3313.440     3313.910
   195:     3314.680     3316.440     3325.550     3325.950     3326.690
   200:     3333.620     3340.200     3348.260     3408.160     3409.820
   205:     3410.490     3413.000     3416.130     3417.250     3420.300
   210:     3421.450     3422.310     3422.500     3422.660     3426.580
   215:     3444.990     3445.230     3558.390     3594.340     4220.480
   220:     4302.520     4362.280     4362.760     4362.830     4412.950
   225:     4473.570     4485.940     4491.520     4617.250     4718.050
   230:     4718.230     4718.560     4718.630     4746.910     4746.950
   235:     4747.950     4933.730     4976.680     4995.170     5020.650
   240:     5021.550     5021.730     5039.800     5056.640     5203.500
   245:     5259.100     5259.370     5435.340     5477.300     5478.140
   250:     5483.960     5484.650     5485.050     6334.020     6336.050
   255:     6338.630     6343.140     6349.150     6350.880     6351.780
   260:     6364.420     6369.200     6614.070     6614.650     6616.180
   265:     6616.560     6778.250     6780.900     6782.960     6783.050
   270:     6783.120     6798.580     7723.840     7725.990     7727.230
   275:     7728.950     7731.080     7732.850     7733.050     7736.840
   280:     7737.060     7747.310     7749.640     7750.930     7750.960
   285:     7751.590     7751.620     7761.790     7810.270     7811.100
   290:     7812.120     7812.540     7812.650     7812.770     7813.480
   295:     7813.690     7817.390     7851.430     8013.260     8013.480
   300:     8015.760     8036.010     8037.020     9731.040     9735.180
   305:     9742.250     9743.480     9754.810     9760.200     9828.460
   310:     9828.520     9834.030     9835.910     9842.530     9843.720
   315:     9847.040     9852.050     9853.830     9861.830     9915.320
   320:     9949.930     9949.990     9951.080    10035.690    10038.800
   325:    10040.220    10040.450    10040.910    10040.940    10045.250
   330:    10047.050    10047.270    10048.140    10048.970    10050.620
   335:    10050.640    10051.320    10052.940    10053.730    10055.250
   340:    10055.580    10060.730    10061.770    10062.100    10063.030
   345:    10063.940    10064.440    10065.240    10065.400    10066.720
   350:    10066.740    10066.860    10067.530    10067.650    10067.740
   355:    10068.240    10069.220    10070.810    10072.310    10075.590
   360:    10077.690    10079.800    10080.140    10080.990    10081.160
   365:    10081.480    10081.870    10081.950    10082.010    10082.150
   370:    10082.460    10082.760    10084.460    10086.600    10086.770
   375:    10088.330    10090.290    10090.390    10091.590    10093.430
   380:    10095.550    10095.820    10095.910    10095.970    10096.660
   385:    10096.710    10096.830    10096.930    10100.020    10100.770
   390:    10101.680    10114.430    10133.910    10134.380    10135.370
   395:    10136.910    10139.090    10141.030    10211.970    10212.160
   400:    10215.830    10217.090    10217.220    10217.760    10217.950
   405:    10218.840    10218.870    10408.260    10712.670    10713.290
   410:    10714.050    10800.010
