File: C:\MED-PC IV\DATA\!2025-05-28_14h39m.Subject T9



Start Date: 05/28/25
End Date: 05/28/25
Subject: T9
Experiment: OralFentSA
Group: One
Box: 7
Start Time: 14:39:19
End Time: 17:39:23
MSN: Golden_Liq_SelfAdmin
F:       0.000
G:     813.000
H:   10800.010
I:       0.000
J:       0.000
K:       0.000
L:       0.000
M:       0.000
N:       0.000
O:       0.000
P:       0.000
Q:       0.000
R:       0.000
S:       0.000
U:       0.000
V:       0.000
W:       0.000
X:       0.000
Y:       0.000
Z:       0.000
A:
     0:        0.000        0.000      180.000        4.000        0.000
     5:        5.000        0.000        5.000        0.000        0.000
    10:        1.000        0.000       10.000  3000000.000       19.000
    15:       12.000      640.000        0.000        0.000        0.000
    20:        0.000
B:
     0:        0.000        0.000        0.000      400.000        0.000
     5:      500.000        0.000      500.000        0.000        0.000
    10:        0.000        0.000     1000.000 300000000.00        0.000
    15:        0.000        0.000        0.000        0.000        0.000
    20:        0.000
C:
     0:        8.000        9.000        0.000        9.000      662.000
     5:     9929.010        4.900        8.000       19.890        2.486
    10:        9.000       33.000        0.000        0.000        0.000
    15:        0.000        0.000        0.000        0.000        0.000
    20:        0.000
D:
     0:        1.130        4.190        1.800        1.910        2.590
     5:        1.710        1.660        4.900
E:
     0:       19.000       11.000       26.000       27.000        6.000
     5:        6.000        6.000        6.000        6.000        6.000
    10:        6.000        6.000       23.000       23.000       23.000
    15:        6.000        6.000        6.000        6.000        6.000
    20:        2.000        4.000       22.000       24.000       12.000
    25:       13.000        8.000        5.000       17.000        6.000
    30:       18.000       14.000       10.000       19.000       11.000
    35:        6.000        6.000        6.000        6.000        6.000
    40:        6.000        6.000        6.000        6.000        6.000
    45:        6.000        6.000        6.000        6.000        6.000
    50:        6.000        6.000        6.000        6.000        6.000
    55:        6.000        6.000        6.000        6.000        6.000
    60:        6.000        6.000        6.000        6.000        6.000
    65:        6.000        6.000        6.000        6.000        6.000
    70:        6.000        6.000        6.000        6.000        6.000
    75:        6.000        6.000        6.000        6.000        6.000
    80:        6.000        6.000        6.000        6.000        6.000
    85:        6.000        6.000        6.000        6.000        6.000
    90:        6.000        6.000        6.000        6.000        6.000
    95:        6.000        6.000        6.000        6.000        6.000
   100:        6.000        6.000        6.000        6.000        6.000
   105:        6.000        6.000        6.000        6.000        6.000
   110:        6.000        6.000        6.000        6.000        6.000
   115:        6.000        6.000        6.000        6.000        6.000
   120:        6.000        6.000        6.000        6.000        6.000
   125:        6.000        6.000        6.000        6.000        6.000
   130:        6.000        6.000        6.000        6.000        6.000
   135:        6.000        6.000        6.000        6.000        6.000
   140:        6.000        6.000        6.000        6.000        6.000
   145:        6.000        6.000        6.000        6.000        6.000
   150:        6.000        6.000        6.000        6.000        6.000
   155:        6.000        6.000        6.000        6.000        6.000
   160:        6.000        6.000        6.000        6.000        6.000
   165:        6.000        6.000        6.000        6.000        6.000
   170:        6.000        6.000        6.000        6.000        6.000
   175:        6.000        6.000        6.000        6.000        6.000
   180:        6.000        6.000       23.000       23.000       23.000
   185:       23.000       23.000        6.000        6.000        6.000
   190:        6.000        6.000        2.000        4.000       22.000
   195:       24.000       12.000       13.000        8.000        5.000
   200:       17.000       18.000        6.000       14.000       10.000
   205:        6.000       19.000       11.000       23.000       23.000
   210:       23.000       23.000       23.000       23.000       23.000
   215:        6.000        6.000        6.000        6.000        6.000
   220:        6.000        6.000        6.000        6.000        6.000
   225:        6.000        6.000        6.000        6.000        6.000
   230:        6.000        6.000        6.000        6.000        6.000
   235:        6.000        6.000        6.000        6.000        6.000
   240:        6.000        6.000        6.000        6.000        6.000
   245:        6.000        6.000        6.000        6.000        6.000
   250:        6.000        2.000        4.000       22.000       24.000
   255:       12.000       13.000        8.000        5.000       17.000
   260:        6.000        6.000       18.000       14.000       10.000
   265:       19.000       11.000        6.000        6.000        6.000
   270:        6.000        6.000        6.000        6.000        6.000
   275:        6.000        6.000        6.000        6.000        6.000
   280:        6.000        6.000        6.000        6.000        6.000
   285:        6.000        6.000        6.000        6.000        6.000
   290:        6.000        6.000       23.000        6.000        6.000
   295:        6.000        6.000        6.000        6.000        6.000
   300:        6.000        6.000        6.000        6.000        6.000
   305:        6.000        6.000        6.000        6.000        6.000
   310:        6.000        6.000        6.000        6.000        6.000
   315:        6.000        6.000        6.000        6.000        6.000
   320:        6.000        6.000        6.000        6.000        6.000
   325:        6.000        6.000        6.000        6.000        6.000
   330:        6.000        6.000        6.000        6.000        6.000
   335:        6.000        6.000        6.000        6.000        6.000
   340:        6.000        6.000        6.000        6.000        6.000
   345:        6.000        6.000        6.000        6.000        6.000
   350:        6.000       23.000       23.000        6.000        6.000
   355:        6.000        6.000        6.000        6.000        6.000
   360:        6.000        6.000        6.000        6.000        6.000
   365:        6.000        6.000        6.000        6.000        6.000
   370:        6.000        6.000        6.000        6.000        6.000
   375:        6.000       23.000        6.000        6.000        6.000
   380:        6.000        6.000        6.000        6.000        6.000
   385:       23.000        6.000        6.000        6.000        6.000
   390:        6.000        2.000        4.000       22.000       24.000
   395:       12.000       13.000        8.000        5.000       17.000
   400:        6.000       18.000       14.000       10.000        6.000
   405:        6.000        6.000       19.000       11.000        6.000
   410:        6.000        6.000        6.000        6.000        6.000
   415:        6.000        6.000        6.000        6.000        6.000
   420:        6.000        6.000        6.000        6.000        6.000
   425:        6.000        6.000        6.000        6.000        6.000
   430:        6.000        2.000        4.000       22.000       24.000
   435:       12.000       13.000        8.000        5.000       17.000
   440:       21.000       22.000        6.000        6.000       18.000
   445:       14.000       10.000       19.000       11.000       23.000
   450:       23.000       23.000       23.000        6.000        6.000
   455:        6.000        6.000        2.000        4.000       22.000
   460:       24.000       12.000       13.000        8.000        5.000
   465:       17.000        6.000       18.000       14.000       10.000
   470:       19.000       11.000        6.000        6.000        6.000
   475:        6.000        6.000        6.000        6.000        6.000
   480:        6.000        6.000        6.000        6.000        6.000
   485:        6.000        6.000        6.000        6.000        6.000
   490:        6.000        6.000        6.000        6.000        6.000
   495:        6.000        6.000        6.000        6.000        6.000
   500:        6.000        6.000        6.000        6.000        6.000
   505:        6.000        6.000        6.000        6.000        6.000
   510:        6.000        6.000        6.000        6.000        6.000
   515:        6.000       23.000        6.000        6.000        6.000
   520:        6.000        6.000        6.000        6.000        6.000
   525:        2.000        4.000       22.000       24.000       12.000
   530:       13.000        8.000        5.000       17.000        6.000
   535:       18.000       14.000       10.000       19.000       11.000
   540:       23.000       23.000       23.000       23.000       23.000
   545:       23.000        6.000        6.000        6.000        6.000
   550:        6.000        6.000        6.000        6.000        6.000
   555:        6.000        6.000        6.000        6.000        6.000
   560:        6.000        6.000        6.000        6.000        6.000
   565:        6.000        6.000        6.000        6.000        6.000
   570:        6.000        6.000        6.000        6.000        6.000
   575:        6.000        6.000        6.000        6.000        6.000
   580:        6.000        6.000        6.000        6.000        6.000
   585:        6.000        6.000        6.000        6.000        6.000
   590:        6.000        6.000        6.000        6.000        6.000
   595:        6.000        6.000        6.000        6.000        6.000
   600:        6.000        6.000        6.000        6.000        6.000
   605:        6.000        6.000        6.000        6.000        2.000
   610:        4.000       22.000       24.000       12.000       13.000
   615:        8.000        5.000       17.000       18.000        6.000
   620:       14.000       10.000        6.000       19.000       11.000
   625:        6.000       23.000        6.000        6.000        6.000
   630:        6.000        6.000        6.000        6.000        6.000
   635:        6.000        6.000        6.000        6.000        6.000
   640:        6.000        6.000        6.000        6.000        6.000
   645:        6.000        6.000        6.000        6.000        6.000
   650:        6.000        6.000        6.000        6.000        6.000
   655:        6.000        6.000        6.000        6.000        6.000
   660:        6.000        6.000        6.000        6.000        6.000
   665:        6.000        6.000        6.000        6.000        6.000
   670:        6.000        6.000        6.000        6.000        6.000
   675:        6.000        6.000        6.000        6.000        6.000
   680:        6.000        6.000        6.000        6.000        6.000
   685:        6.000        6.000        6.000        6.000        6.000
   690:        6.000        6.000        6.000        6.000        6.000
   695:        6.000        6.000        6.000        6.000        6.000
   700:        6.000        6.000        6.000        6.000        6.000
   705:        6.000        6.000        6.000        6.000        6.000
   710:        6.000        6.000        6.000        6.000        6.000
   715:        6.000        6.000        6.000        6.000        6.000
   720:        6.000        6.000        6.000        6.000        6.000
   725:        6.000        6.000        6.000        6.000        6.000
   730:        6.000        6.000        6.000        6.000        6.000
   735:        6.000        6.000        6.000        6.000        6.000
   740:        6.000        6.000        6.000        6.000        6.000
   745:        6.000        6.000        6.000        6.000        6.000
   750:        6.000        6.000        6.000        6.000        6.000
   755:        6.000        6.000        6.000        6.000        6.000
   760:        6.000        6.000        6.000        6.000        6.000
   765:        6.000        6.000        6.000        6.000        6.000
   770:        6.000        6.000        6.000        6.000        6.000
   775:        6.000        6.000        6.000        6.000        6.000
   780:        6.000        6.000        6.000        6.000        6.000
   785:        6.000        6.000        6.000        6.000        6.000
   790:        6.000        6.000        6.000        6.000        6.000
   795:        6.000        6.000       23.000        6.000        6.000
   800:        6.000        6.000        6.000        6.000        6.000
   805:        6.000        6.000        6.000        6.000        6.000
   810:        6.000        6.000        6.000      100.000
T:
     0:        0.000        0.000        0.000        0.000        0.720
     5:       15.320       19.100       21.430      122.800      123.770
    10:      128.100      128.630      133.890      136.130      137.050
    15:      146.370      163.240      163.990      189.230      191.290
    20:      196.770      196.770      196.770      196.780      196.780
    25:      196.780      196.780      196.780      196.780      197.910
    30:      200.780      201.780      201.780      206.770      206.780
    35:      220.300      220.360      232.480      235.360      241.820
    40:      243.690      323.060      323.270      328.520      338.070
    45:      340.280      341.820      343.800      346.580      346.690
    50:      346.800      347.040      347.350      348.130      348.740
    55:      349.080      349.320      350.620      354.700      368.630
    60:      419.750      420.240      420.480      430.050      430.450
    65:      430.490      430.620      430.640      431.060      523.240
    70:      533.370      533.630      533.990      534.240      535.100
    75:      536.350      536.390      539.770      540.540      540.780
    80:      541.060      541.340      542.220      543.340      543.410
    85:      543.520      543.590      545.010      726.690      728.410
    90:      729.240      729.620      729.920      730.060      730.110
    95:      735.170      745.010      745.130      745.860      745.900
   100:      745.950      748.080      751.840      752.490      789.510
   105:      789.600      792.000      792.200      939.370      939.930
   110:     1061.250     1244.680     1257.900     1262.810     1268.860
   115:     1269.060     1269.770     1280.390     1281.230     1301.010
   120:     1301.550     1301.830     1303.610     1304.530     1304.660
   125:     1305.090     1305.320     1308.920     1330.010     1330.630
   130:     1330.710     1330.890     1331.810     1331.890     1348.220
   135:     1348.830     1360.000     1360.410     1360.430     1360.480
   140:     1360.850     1361.300     1361.450     1363.290     1363.520
   145:     1363.910     1374.700     1384.520     1384.700     1420.240
   150:     1420.290     1450.680     1451.800     1457.340     1457.400
   155:     1457.450     1461.230     1466.670     1466.740     1471.270
   160:     1471.390     1837.300     1837.520     1837.600     1837.620
   165:     1838.820     1841.420     1850.970     1852.530     1863.410
   170:     1863.820     1875.010     1875.070     1875.140     1875.400
   175:     1875.500     1875.620     1877.020     1877.050     1877.500
   180:     1885.010     1885.180     1903.970     1905.110     1906.210
   185:     1907.540     1908.160     1931.800     1932.230     1932.650
   190:     1932.820     1933.730     1948.810     1948.810     1948.810
   195:     1948.820     1948.820     1948.820     1948.820     1948.820
   200:     1948.820     1952.820     1953.010     1953.820     1953.820
   205:     1957.890     1958.810     1958.820     1980.900     1981.380
   210:     1982.150     1983.400     1984.080     1985.070     1986.710
   215:     1996.750     1999.430     1999.500     1999.540     2028.250
   220:     2028.260     2028.800     2037.880     2062.850     2063.120
   225:     2063.630     2063.750     2065.860     2100.170     2101.050
   230:     2150.550     2150.600     2150.640     2150.990     2151.560
   235:     2151.720     2203.650     2205.120     2221.870     2222.100
   240:     2222.160     2222.220     2222.430     2222.740     2223.440
   245:     2223.470     2223.560     2223.570     2223.640     2223.850
   250:     2223.890     2249.790     2249.790     2249.790     2249.800
   255:     2249.800     2249.800     2249.800     2249.800     2249.800
   260:     2251.600     2252.260     2253.800     2254.800     2254.800
   265:     2259.790     2259.800     2668.950     2669.870     2670.200
   270:     2670.650     2737.870     2748.480     2748.610     2805.700
   275:     2806.690     2807.090     2816.960     2851.760     3164.850
   280:     3277.040     3277.270     3277.420     3278.350     3278.540
   285:     3278.570     3278.600     3278.710     3278.750     3278.940
   290:     3292.250     3293.870     3298.400     3347.420     3348.120
   295:     3432.700     3433.660     3435.130     3510.850     3511.430
   300:     3511.960     3513.810     3514.380     3515.460     3516.480
   305:     3516.490     3516.860     3522.470     3523.250     3524.550
   310:     3525.570     3526.750     3528.060     3532.270     3532.650
   315:     3533.410     3533.430     3533.700     3534.040     3538.610
   320:     3539.290     3564.300     3564.940     3565.790     3568.940
   325:     3569.180     3570.250     3571.510     3572.690     3572.730
   330:     3574.970     3579.010     3598.280     3628.640     3628.700
   335:     3629.080     3629.690     3630.740     4091.900     4093.160
   340:     4093.250     4094.280     4099.570     4099.860     4100.040
   345:     4100.270     4101.980     4102.080     4103.950     4104.110
   350:     4104.130     4125.010     4127.140     4151.330     4152.330
   355:     4153.190     4153.880     4188.650     4189.000     4189.720
   360:     4190.010     4190.620     4190.720     4193.440     4193.880
   365:     4194.680     4194.870     4247.880     4252.110     4252.590
   370:     4280.520     4282.850     4283.420     4548.950     4610.680
   375:     4613.670     4733.240     4759.120     4774.590     4774.660
   380:     4775.150     4775.960     4814.310     4823.820     4824.680
   385:     4838.620     5027.870     5028.310     5150.090     5244.360
   390:     5244.540     5251.850     5251.850     5251.850     5251.860
   395:     5251.860     5251.860     5251.860     5251.860     5251.860
   400:     5253.770     5255.860     5256.860     5256.860     5257.290
   405:     5257.350     5259.330     5261.850     5261.860     5334.840
   410:     5335.040     5341.930     6154.380     6154.500     6154.580
   415:     6154.900     6155.360     6155.880     6235.650     6238.730
   420:     6239.160     6263.270     6263.330     6266.060     6266.320
   425:     6270.840     6319.760     6319.840     6321.220     6324.700
   430:     6327.490     6351.000     6351.000     6351.000     6351.010
   435:     6351.010     6351.010     6351.010     6351.010     6351.010
   440:     6352.100     6352.100     6353.600     6354.140     6355.010
   445:     6356.010     6356.010     6361.000     6361.010     6374.510
   450:     6375.460     6377.020     6380.280     6409.680     6413.120
   455:     6418.640     6418.820     6422.380     6422.380     6422.380
   460:     6422.390     6422.390     6422.390     6422.390     6422.390
   465:     6422.390     6424.100     6426.390     6427.390     6427.390
   470:     6432.380     6432.390     6488.670     6490.120     6493.170
   475:     6494.150     6495.910     6503.480     6504.080     6527.420
   480:     6992.330     6992.800     6993.290     6994.780     6994.820
   485:     6995.340     7020.050     7020.460     7020.570     7042.800
   490:     7042.910     7043.940     7044.250     7044.730     7054.010
   495:     7054.180     7054.780     7361.870     7362.250     7453.500
   500:     7454.150     7534.980     7535.570     7538.970     7606.540
   505:     7606.580     7606.870     7607.170     7607.400     7608.850
   510:     7618.970     7619.340     8170.690     8256.270     8256.810
   515:     8267.130     8294.550     8308.350     8457.790     8458.800
   520:     8459.370     8470.690     8489.480     8489.640     8489.960
   525:     8512.160     8512.160     8512.160     8512.170     8512.170
   530:     8512.170     8512.170     8512.170     8512.170     8513.830
   535:     8516.170     8517.170     8517.170     8522.160     8522.170
   540:     8559.510     8562.110     8563.740     8565.420     8565.960
   545:     8572.260     8581.890     8582.050     8586.260     8588.440
   550:     8604.770     8620.320     8689.630     8689.700     8691.780
   555:     8691.870     8692.360     8693.360     8716.330     8716.400
   560:     8716.620     8770.520     8771.140     8771.260     8771.320
   565:     8771.410     8771.950     9212.890     9213.180     9214.660
   570:     9214.830     9217.740     9218.260     9218.900     9308.410
   575:     9308.740     9313.780     9314.480     9315.070     9316.670
   580:     9340.580     9340.690     9340.740     9340.770     9340.830
   585:     9340.880     9341.240     9341.530     9342.550     9344.250
   590:     9344.900     9345.170     9346.200     9347.300     9356.340
   595:     9358.670     9360.230     9658.960     9659.140     9667.380
   600:     9867.650     9888.560     9892.230     9892.400     9897.270
   605:     9897.780     9897.800     9898.840     9905.320     9929.000
   610:     9929.000     9929.000     9929.010     9929.010     9929.010
   615:     9929.010     9929.010     9929.010     9933.010     9933.910
   620:     9934.010     9934.010     9938.290     9939.000     9939.010
   625:     9940.190     9953.860     9982.060     9986.940     9986.990
   630:     9987.710     9989.870     9994.920     9996.010     9996.130
   635:     9997.940     9998.000    10003.260    10006.120    10006.360
   640:    10025.710    10025.770    10025.970    10027.280    10027.370
   645:    10027.600    10029.910    10030.770    10030.920    10031.030
   650:    10031.310    10031.890    10032.000    10036.120    10046.270
   655:    10046.650    10051.320    10051.880    10052.140    10052.190
   660:    10078.580    10086.780    10091.510    10096.610    10101.170
   665:    10102.150    10103.620    10103.980    10123.170    10126.390
   670:    10127.210    10127.260    10127.350    10127.400    10127.640
   675:    10128.220    10161.870    10164.910    10166.820    10168.690
   680:    10168.770    10173.450    10173.710    10492.020    10499.840
   685:    10500.540    10510.780    10510.950    10511.180    10526.070
   690:    10534.650    10535.900    10535.960    10536.000    10543.000
   695:    10543.300    10544.790    10546.120    10546.170    10546.300
   700:    10546.320    10546.450    10546.490    10546.550    10548.560
   705:    10551.550    10559.170    10559.210    10559.920    10562.430
   710:    10562.630    10564.980    10565.080    10565.170    10565.250
   715:    10565.270    10565.380    10565.530    10566.470    10566.520
   720:    10567.070    10567.120    10567.860    10567.920    10588.230
   725:    10588.460    10589.100    10595.130    10595.220    10596.380
   730:    10596.450    10596.920    10599.000    10599.100    10599.180
   735:    10600.080    10600.310    10600.360    10600.400    10607.250
   740:    10607.300    10607.430    10607.450    10607.580    10607.670
   745:    10607.890    10607.900    10608.080    10608.350    10608.550
   750:    10608.830    10608.890    10609.240    10609.270    10614.110
   755:    10616.130    10620.960    10621.080    10621.180    10621.640
   760:    10621.990    10622.300    10622.460    10622.800    10623.730
   765:    10631.010    10631.050    10633.760    10638.420    10638.460
   770:    10642.510    10643.530    10648.500    10649.050    10649.130
   775:    10649.270    10649.380    10649.590    10649.640    10649.730
   780:    10649.780    10649.860    10649.990    10650.240    10650.380
   785:    10652.700    10666.230    10666.390    10666.430    10670.030
   790:    10670.260    10670.930    10671.250    10671.970    10689.580
   795:    10694.320    10694.640    10715.390    10728.330    10730.200
   800:    10730.740    10733.480    10734.130    10734.440    10734.510
   805:    10735.190    10745.680    10759.020    10759.120    10759.130
   810:    10784.680    10784.790    10786.790    10800.010
