File: C:\MED-PC IV\DATA\!2025-09-18_16h46m.Subject T20



Start Date: 09/18/25
End Date: 09/18/25
Subject: T20
Experiment: OralFentSA
Group: One
Box: 1
Start Time: 16:46:48
End Time: 19:25:58
MSN: Golden_Liq_SelfAdmin_EXT_LIT
F:       0.000
G:    1090.000
H:    9545.820
I:       0.000
J:       0.000
K:       0.000
L:       0.000
M:       0.000
N:       0.000
O:       0.000
P:       0.000
Q:       0.000
R:       0.000
S:       0.000
U:       0.000
V:       0.000
W:       0.000
X:       0.000
Y:       0.000
Z:       0.000
A:
     0:        0.000        0.000      180.000        4.000        0.000
     5:        5.000        0.000        5.000        0.000        0.000
    10:        1.000        0.000       10.000 30000000.000       21.000
    15:       24.000      640.000        0.000        0.000        0.000
    20:        0.000
B:
     0:        0.000        0.000        0.000        0.000        0.000
     5:        0.000        0.000        0.000        0.000        0.000
    10:        0.000        0.000     1000.000 3000000000.0        0.000
    15:        0.000        0.000        0.000        0.000        0.000
    20:        0.000
C:
     0:        0.000       17.000        0.000       21.000      995.000
     5:     8795.650       12.280       14.000      948.730       67.766
    10:       21.000        1.000        0.000        0.000        0.000
    15:        0.000        0.000        0.000        0.000        0.000
    20:        0.000
D:
     0:       25.820       20.440       16.910       49.050       81.820
     5:       13.760       20.770       10.750      111.120       15.450
    10:      525.740       15.760       29.060       12.280
E:
     0:       19.000       11.000       26.000       27.000        6.000
     5:        6.000        6.000        6.000        6.000        6.000
    10:        6.000        6.000        6.000        6.000        6.000
    15:        6.000        6.000        6.000        2.000        4.000
    20:       22.000       24.000       19.000        6.000        6.000
    25:        6.000        6.000        6.000        6.000        6.000
    30:        6.000        6.000        6.000        6.000        6.000
    35:        6.000        6.000        6.000        6.000        6.000
    40:        6.000        6.000        6.000        6.000        6.000
    45:        6.000        6.000        6.000        6.000        6.000
    50:        6.000        6.000        6.000        2.000        4.000
    55:       22.000       24.000       19.000        6.000        6.000
    60:        6.000        6.000        6.000        6.000        6.000
    65:        2.000        4.000       22.000       24.000       19.000
    70:        6.000        6.000        6.000        6.000        6.000
    75:        6.000        6.000        6.000        6.000        6.000
    80:        6.000        6.000        6.000        2.000        4.000
    85:       22.000       24.000       19.000        6.000        6.000
    90:        6.000        6.000        6.000        6.000        6.000
    95:        6.000        6.000        6.000        6.000        6.000
   100:        6.000        6.000        6.000        6.000        6.000
   105:        6.000        6.000        6.000        6.000        6.000
   110:        6.000        6.000        6.000        6.000        6.000
   115:        6.000        6.000        6.000        6.000        6.000
   120:        6.000        6.000        6.000        6.000        6.000
   125:        6.000        2.000        4.000       22.000       24.000
   130:       19.000        2.000        4.000       22.000       24.000
   135:       19.000        6.000        6.000        6.000        6.000
   140:        6.000        6.000        6.000        6.000        6.000
   145:        6.000        6.000        6.000        6.000        6.000
   150:        6.000        6.000        6.000        6.000        6.000
   155:        6.000        6.000        6.000        6.000        6.000
   160:        6.000        6.000        6.000        6.000        6.000
   165:        6.000        6.000        6.000        6.000        6.000
   170:        2.000        4.000       22.000       24.000       21.000
   175:       22.000       19.000        6.000        2.000        4.000
   180:       22.000       24.000       19.000        6.000        6.000
   185:        6.000        6.000        6.000        6.000        6.000
   190:        6.000        6.000        6.000        6.000        6.000
   195:        6.000        6.000        6.000        6.000        6.000
   200:        6.000        6.000        6.000        6.000        6.000
   205:        6.000        6.000        6.000        6.000        6.000
   210:        6.000        6.000        6.000        6.000        6.000
   215:        6.000        6.000        6.000        6.000        6.000
   220:        6.000        6.000        6.000        6.000        6.000
   225:        6.000        6.000        6.000        6.000        6.000
   230:        6.000        6.000        6.000        6.000        6.000
   235:        2.000        4.000       22.000       24.000       19.000
   240:        6.000        6.000        6.000        6.000        6.000
   245:        6.000        6.000        6.000        6.000        6.000
   250:        6.000        6.000        6.000        6.000        6.000
   255:        6.000        6.000        6.000        6.000        6.000
   260:        6.000        6.000        6.000        6.000        6.000
   265:        6.000        6.000        6.000        6.000        6.000
   270:        6.000        6.000        6.000        6.000        6.000
   275:        6.000        6.000        6.000        6.000        6.000
   280:        6.000        6.000        6.000        6.000        6.000
   285:        6.000        6.000        6.000        6.000        6.000
   290:        6.000        6.000        6.000        6.000        6.000
   295:        6.000        6.000        6.000        6.000        6.000
   300:        6.000        6.000        6.000        6.000        6.000
   305:        6.000        6.000        6.000        6.000        6.000
   310:        6.000        6.000        6.000        6.000        6.000
   315:        6.000        6.000        6.000        6.000        6.000
   320:        6.000        6.000        6.000        6.000        6.000
   325:        6.000        6.000        6.000        6.000        6.000
   330:        6.000        6.000        6.000        6.000        6.000
   335:        6.000        6.000        6.000        6.000        6.000
   340:        6.000        6.000        6.000        6.000        6.000
   345:        6.000        6.000        6.000        6.000        6.000
   350:        6.000        6.000        6.000        6.000        6.000
   355:        6.000        6.000        6.000        6.000        6.000
   360:        6.000        6.000        6.000        6.000        6.000
   365:        6.000        6.000        6.000        6.000        6.000
   370:        6.000        6.000        6.000        6.000        6.000
   375:        6.000        6.000        6.000        6.000        6.000
   380:        6.000        6.000        6.000        6.000        6.000
   385:        6.000        6.000        6.000        6.000        6.000
   390:        6.000        6.000        6.000        6.000        6.000
   395:        6.000        6.000        6.000        6.000        6.000
   400:        6.000        6.000        6.000        6.000        6.000
   405:        6.000        6.000        6.000        6.000        6.000
   410:        6.000        6.000        6.000        6.000        6.000
   415:        6.000        6.000        6.000        6.000        6.000
   420:        6.000        6.000        6.000        6.000        6.000
   425:        6.000        6.000        6.000        6.000        6.000
   430:        6.000        6.000        6.000        6.000        6.000
   435:        6.000        6.000        6.000        6.000        6.000
   440:        6.000        6.000        6.000        6.000        6.000
   445:        6.000        6.000        6.000        6.000        6.000
   450:        6.000        6.000        6.000        6.000        6.000
   455:        6.000        6.000        6.000        6.000        6.000
   460:        6.000        6.000        6.000        6.000        6.000
   465:        6.000        6.000        6.000        6.000        6.000
   470:        6.000        6.000        2.000        4.000       22.000
   475:       24.000       21.000       22.000       19.000        6.000
   480:        6.000        6.000        6.000       23.000        6.000
   485:        6.000        6.000        6.000        6.000        6.000
   490:        6.000        6.000        6.000        6.000        6.000
   495:        6.000        6.000        6.000        6.000        6.000
   500:        6.000        6.000        6.000        6.000        6.000
   505:        6.000        6.000        6.000        6.000        6.000
   510:        6.000        6.000        6.000        6.000        6.000
   515:        6.000        6.000        6.000        6.000        6.000
   520:        6.000        6.000        6.000        6.000        6.000
   525:        6.000        6.000        6.000        6.000        6.000
   530:        6.000        6.000        6.000        6.000        2.000
   535:        4.000       22.000       24.000       21.000       22.000
   540:       21.000       22.000       19.000        6.000        6.000
   545:        2.000        4.000       22.000       24.000       19.000
   550:        6.000        6.000        6.000        6.000        6.000
   555:        6.000        6.000        6.000        6.000        6.000
   560:        6.000        6.000        6.000        6.000        6.000
   565:        6.000        6.000        6.000        6.000        6.000
   570:        6.000        6.000        6.000        6.000        6.000
   575:        6.000        6.000        6.000        6.000        6.000
   580:        6.000        6.000        6.000        6.000        6.000
   585:        6.000        6.000        6.000        6.000        6.000
   590:        6.000        6.000        6.000        6.000        6.000
   595:        6.000        6.000        6.000        6.000        6.000
   600:        6.000        6.000        6.000        6.000        6.000
   605:        6.000        6.000        6.000        6.000        6.000
   610:        6.000        6.000        6.000        6.000        2.000
   615:        4.000       22.000       24.000       19.000        6.000
   620:        6.000        6.000        6.000        6.000        6.000
   625:        6.000        6.000        6.000        6.000        6.000
   630:        6.000        6.000        6.000        6.000        6.000
   635:        6.000        6.000        6.000        6.000        6.000
   640:        6.000        6.000        6.000        6.000        6.000
   645:        6.000        6.000        6.000        6.000        6.000
   650:        6.000        6.000        6.000        6.000        6.000
   655:        6.000        6.000        6.000        6.000        6.000
   660:        6.000        6.000        6.000        6.000        6.000
   665:        6.000        6.000        6.000        6.000        6.000
   670:        6.000        6.000        6.000        6.000        6.000
   675:        6.000        6.000        6.000        6.000        6.000
   680:        6.000        6.000        6.000        6.000        6.000
   685:        6.000        6.000        6.000        6.000        6.000
   690:        6.000        6.000        6.000        6.000        6.000
   695:        6.000        6.000        6.000        6.000        6.000
   700:        6.000        6.000        6.000        6.000        6.000
   705:        6.000        6.000        6.000        6.000        6.000
   710:        6.000        6.000        6.000        6.000        6.000
   715:        6.000        6.000        6.000        6.000        6.000
   720:        6.000        6.000        6.000        6.000        6.000
   725:        6.000        6.000        6.000        6.000        6.000
   730:        6.000        6.000        6.000        6.000        6.000
   735:        6.000        6.000        6.000        6.000        6.000
   740:        6.000        6.000        6.000        6.000        6.000
   745:        6.000        6.000        6.000        6.000        6.000
   750:        6.000        6.000        6.000        6.000        6.000
   755:        6.000        6.000        6.000        6.000        6.000
   760:        6.000        6.000        6.000        6.000        6.000
   765:        6.000        6.000        6.000        6.000        6.000
   770:        6.000        6.000        6.000        6.000        6.000
   775:        6.000        6.000        6.000        6.000        6.000
   780:        6.000        6.000        6.000        6.000        6.000
   785:        6.000        6.000        6.000        6.000        6.000
   790:        6.000        6.000        6.000        6.000        6.000
   795:        6.000        6.000        6.000        6.000        6.000
   800:        6.000        6.000        6.000        6.000        6.000
   805:        6.000        6.000        6.000        6.000        6.000
   810:        6.000        6.000        6.000        6.000        6.000
   815:        6.000        6.000        6.000        6.000        6.000
   820:        6.000        6.000        6.000        6.000        6.000
   825:        6.000        6.000        6.000        6.000        6.000
   830:        6.000        6.000        6.000        6.000        6.000
   835:        6.000        6.000        6.000        6.000        6.000
   840:        6.000        6.000        6.000        6.000        6.000
   845:        6.000        6.000        6.000        6.000        6.000
   850:        6.000        6.000        6.000        6.000        6.000
   855:        6.000        6.000        6.000        6.000        6.000
   860:        6.000        6.000        6.000        6.000        6.000
   865:        6.000        6.000        6.000        6.000        6.000
   870:        6.000        6.000        6.000        6.000        6.000
   875:        6.000        6.000        6.000        6.000        6.000
   880:        6.000        6.000        6.000        6.000        6.000
   885:        2.000        4.000       22.000       24.000       21.000
   890:       22.000       19.000        2.000        4.000       22.000
   895:       24.000       19.000        6.000        2.000        4.000
   900:       22.000       24.000       19.000        6.000        6.000
   905:        6.000        6.000        6.000        6.000        6.000
   910:        6.000        6.000        6.000        6.000        6.000
   915:        6.000        6.000        6.000        6.000        6.000
   920:        6.000        6.000        6.000        6.000        6.000
   925:        6.000        6.000        6.000        6.000        6.000
   930:        6.000        6.000        6.000        6.000        6.000
   935:        6.000        6.000        6.000        6.000        6.000
   940:        6.000        6.000        6.000        6.000        6.000
   945:        6.000        6.000        6.000        6.000        6.000
   950:        6.000        6.000        6.000        6.000        6.000
   955:        6.000        6.000        6.000        6.000        6.000
   960:        6.000        6.000        6.000        6.000        6.000
   965:        6.000        6.000        6.000        6.000        6.000
   970:        6.000        6.000        6.000        6.000        6.000
   975:        6.000        6.000        6.000        6.000        6.000
   980:        6.000        6.000        6.000        6.000        6.000
   985:        6.000        6.000        6.000        6.000        6.000
   990:        6.000        6.000        6.000        6.000        6.000
   995:        6.000        6.000        6.000        6.000        6.000
  1000:        6.000        6.000        6.000        6.000        6.000
  1005:        6.000        6.000        6.000        6.000        6.000
  1010:        6.000        6.000        6.000        6.000        6.000
  1015:        6.000        6.000        6.000        6.000        6.000
  1020:        6.000        6.000        6.000        6.000        6.000
  1025:        6.000        6.000        6.000        6.000        6.000
  1030:        6.000        6.000        6.000        6.000        6.000
  1035:        6.000        6.000        6.000        6.000        6.000
  1040:        6.000        6.000        6.000        6.000        6.000
  1045:        6.000        6.000        6.000        6.000        6.000
  1050:        6.000        6.000        6.000        6.000        6.000
  1055:        6.000        6.000        6.000        6.000        6.000
  1060:        6.000        6.000        6.000        6.000        6.000
  1065:        6.000        6.000        6.000        6.000        6.000
  1070:        6.000        6.000        6.000        6.000        6.000
  1075:        6.000        6.000        6.000        6.000        6.000
  1080:        6.000        6.000        6.000        6.000        6.000
  1085:        6.000        6.000        6.000        6.000        6.000
T:
     0:        0.000        0.000        0.000        0.000       40.360
     5:       40.420       40.490       40.550       40.690       40.730
    10:       41.010       41.040       41.100       55.870      112.140
    15:      112.680      190.690      298.740      340.320      340.320
    20:      340.320      340.330      350.320      366.150      376.990
    25:      476.980      478.770      549.020      557.960      624.370
    30:      625.560      630.670      630.770      663.290      663.610
    35:      675.970      704.370      704.890      807.800      808.410
    40:      856.180      876.850     1063.780     1098.400     1099.820
    45:     1100.240     1110.550     1113.620     1125.050     1131.320
    50:     1134.630     1135.360     1135.460     1174.400     1174.400
    55:     1174.400     1174.410     1184.400     1194.850     1204.330
    60:     1291.400     1310.900     1353.620     1354.930     1498.910
    65:     1550.190     1550.190     1550.190     1550.200     1560.190
    70:     1567.110     1582.150     1624.380     1630.360     1634.780
    75:     1674.200     1697.810     1735.430     1756.080     1803.000
    80:     1803.990     1861.340     1863.330     1930.720     1930.720
    85:     1930.720     1930.730     1940.720     1979.780     2132.340
    90:     2137.140     2137.860     2138.020     2138.100     2163.760
    95:     2165.180     2184.620     2184.790     2185.330     2234.750
   100:     2235.180     2235.190     2235.240     2238.850     2243.760
   105:     2244.550     2244.610     2335.870     2336.440     2336.920
   110:     2338.280     2339.020     2449.550     2451.170     2478.050
   115:     2480.030     2480.770     2622.700     2699.930     2700.350
   120:     2734.980     2735.150     2735.970     2876.370     2890.990
   125:     2894.870     3016.970     3016.970     3016.970     3016.980
   130:     3026.970     3057.500     3057.500     3057.500     3057.510
   135:     3067.500     3139.330     3370.330     3370.340     3370.690
   140:     3371.600     3371.700     3371.970     3373.440     3379.270
   145:     3380.450     3380.540     3383.690     3386.460     3387.330
   150:     3387.450     3387.800     3387.840     3388.290     3388.890
   155:     3395.180     3415.000     3420.340     3420.820     3420.990
   160:     3552.290     3559.660     3568.400     3776.800     3847.810
   165:     3851.290     3852.840     3853.150     3974.540     4040.970
   170:     4048.750     4048.750     4048.750     4048.760     4050.790
   175:     4050.790     4058.750     4062.520     4068.470     4068.470
   180:     4068.470     4068.480     4078.470     4089.250     4113.600
   185:     4123.670     4206.640     4207.160     4215.990     4216.820
   190:     4272.040     4274.640     4371.240     4372.050     4372.800
   195:     4373.070     4373.130     4374.080     4374.210     4471.480
   200:     4472.100     4472.440     4475.580     4476.830     4477.030
   205:     4477.530     4477.850     4478.040     4478.270     4478.410
   210:     4478.550     4478.680     4478.790     4478.870     4479.020
   215:     4479.250     4479.430     4479.500     4479.620     4479.730
   220:     4479.770     4480.410     4480.950     4481.070     4481.160
   225:     4481.380     4482.910     4559.110     4559.470     4559.690
   230:     4573.150     4573.770     4574.120     4635.820     4698.720
   235:     4735.790     4735.790     4735.790     4735.800     4745.790
   240:     4746.550     4753.810     4757.080     4772.150     4777.130
   245:     4778.200     4778.350     4778.540     4778.690     4780.900
   250:     4816.560     4816.900     4817.370     4817.420     4817.650
   255:     4820.350     4820.500     4821.140     4821.250     4823.080
   260:     4827.210     4835.760     4838.170     5034.230     5034.710
   265:     5057.230     5057.680     5058.280     5063.150     5066.630
   270:     5074.090     5074.300     5074.650     5077.240     5159.000
   275:     5159.620     5159.700     5160.880     5161.180     5161.680
   280:     5162.000     5162.090     5162.120     5162.340     5162.470
   285:     5162.620     5162.660     5162.780     5162.950     5163.130
   290:     5163.290     5163.480     5163.550     5163.730     5163.930
   295:     5164.040     5164.200     5164.310     5164.410     5164.490
   300:     5164.620     5164.690     5164.740     5165.640     5165.940
   305:     5166.080     5166.990     5167.610     5168.020     5168.220
   310:     5168.410     5168.510     5168.590     5168.750     5168.860
   315:     5168.950     5169.130     5169.220     5169.340     5169.710
   320:     5169.760     5170.070     5170.770     5170.960     5171.110
   325:     5171.290     5172.170     5172.340     5172.510     5172.720
   330:     5173.100     5174.750     5174.810     5175.010     5175.050
   335:     5175.980     5176.000     5177.580     5182.130     5182.310
   340:     5182.820     5182.840     5183.010     5183.240     5183.440
   345:     5183.680     5183.870     5185.670     5185.760     5202.310
   350:     5202.420     5202.650     5202.780     5203.480     5203.650
   355:     5203.810     5204.020     5204.230     5204.480     5204.640
   360:     5206.210     5209.760     5210.020     5210.190     5210.390
   365:     5210.560     5210.720     5210.960     5211.150     5211.350
   370:     5211.510     5211.750     5211.980     5212.650     5213.020
   375:     5213.190     5213.370     5213.560     5213.740     5218.120
   380:     5245.440     5245.910     5246.520     5246.750     5249.200
   385:     5251.640     5251.980     5254.230     5255.310     5255.520
   390:     5255.690     5255.910     5256.080     5256.220     5256.380
   395:     5256.540     5256.690     5256.880     5256.940     5257.050
   400:     5257.270     5257.400     5257.440     5257.930     5258.350
   405:     5258.480     5258.510     5258.540     5258.680     5258.750
   410:     5258.830     5259.000     5260.680     5260.850     5263.600
   415:     5263.650     5263.740     5263.780     5264.120     5265.930
   420:     5266.080     5266.280     5266.300     5266.620     5266.980
   425:     5268.160     5268.500     5268.870     5273.760     5279.270
   430:     5279.930     5280.050     5280.130     5280.150     5280.290
   435:     5280.550     5281.400     5281.520     5288.340     5291.570
   440:     5297.580     5298.540     5299.140     5302.460     5302.650
   445:     5302.700     5302.790     5303.400     5303.620     5304.750
   450:     5306.140     5306.570     5306.980     5307.590     5308.420
   455:     5310.960     5311.110     5319.930     5319.960     5320.110
   460:     5404.050     5410.960     5411.590     5412.210     5413.410
   465:     5414.400     5589.390     5660.140     5747.830     5748.780
   470:     5794.290     5794.840     6120.210     6120.210     6120.210
   475:     6120.220     6124.920     6124.920     6130.210     6231.340
   480:     6245.740     6246.440     6322.110     6352.820     6421.790
   485:     6422.010     6422.390     6422.710     6423.570     6425.810
   490:     6426.500     6428.160     6445.210     6446.750     6446.930
   495:     6446.990     6447.020     6447.110     6447.280     6447.470
   500:     6447.550     6447.640     6447.790     6447.920     6447.970
   505:     6448.000     6448.160     6448.200     6448.270     6450.000
   510:     6450.180     6450.340     6452.130     6452.390     6453.810
   515:     6453.950     6462.510     6507.220     6507.450     6507.970
   520:     6508.480     6508.560     6548.830     6577.530     6595.830
   525:     6710.500     6711.380     6711.640     6724.810     6727.140
   530:     6729.130     6734.870     6757.020     6787.200     6804.020
   535:     6804.020     6804.020     6804.030     6806.060     6806.060
   540:     6808.350     6808.350     6814.020     6819.480     6832.880
   545:     7095.440     7095.440     7095.440     7095.450     7105.440
   550:     7621.190     7624.810     7626.240     7645.210     7648.300
   555:     7649.160     7649.430     7650.380     7650.440     7651.110
   560:     7652.490     7652.670     7652.810     7652.970     7653.140
   565:     7653.300     7655.320     7655.760     7656.080     7657.000
   570:     7657.100     7657.280     7657.360     7657.500     7657.740
   575:     7659.280     7659.490     7659.610     7659.770     7659.920
   580:     7661.760     7663.430     7670.450     7670.960     7671.460
   585:     7671.620     7871.580     7872.190     7872.270     7873.980
   590:     7886.170     7886.470     7886.960     7888.960     7895.400
   595:     7895.780     7897.020     7902.760     7904.200     7904.590
   600:     7907.530     7911.540     7913.770     7914.170     7914.710
   605:     7914.880     7922.630     7927.040     7927.190     7927.360
   610:     8118.480     8118.850     8155.920     8157.740     8187.950
   615:     8187.950     8187.950     8187.960     8197.950     8203.720
   620:     8204.260     8204.630     8217.260     8218.190     8218.300
   625:     8235.870     8264.300     8267.090     8271.130     8272.580
   630:     8272.900     8273.050     8273.610     8273.730     8273.770
   635:     8273.810     8273.860     8274.100     8274.220     8274.340
   640:     8274.660     8274.750     8274.850     8274.950     8274.990
   645:     8275.040     8275.420     8275.730     8275.820     8275.870
   650:     8275.980     8276.450     8276.830     8276.920     8277.030
   655:     8277.120     8277.190     8277.420     8277.500     8277.600
   660:     8277.780     8278.010     8278.140     8278.190     8278.320
   665:     8278.390     8278.550     8278.640     8278.740     8278.860
   670:     8278.950     8279.060     8279.140     8279.440     8279.530
   675:     8279.730     8279.890     8280.080     8280.240     8280.300
   680:     8280.450     8280.520     8280.630     8280.700     8280.800
   685:     8280.930     8281.040     8281.100     8281.140     8281.270
   690:     8281.350     8281.430     8281.560     8281.640     8281.790
   695:     8281.920     8281.960     8282.080     8282.100     8282.330
   700:     8282.440     8282.490     8282.960     8283.010     8283.120
   705:     8283.140     8283.210     8283.370     8283.650     8283.790
   710:     8283.970     8284.350     8284.480     8284.630     8284.720
   715:     8284.930     8285.030     8285.240     8285.410     8285.520
   720:     8285.600     8285.800     8286.310     8286.570     8286.720
   725:     8286.760     8286.990     8287.020     8287.040     8287.400
   730:     8287.580     8287.610     8287.650     8287.810     8287.970
   735:     8288.140     8288.200     8288.260     8288.340     8288.410
   740:     8288.510     8288.540     8288.560     8288.730     8288.940
   745:     8289.490     8293.600     8294.610     8294.650     8296.790
   750:     8296.980     8301.610     8302.500     8302.810     8304.330
   755:     8304.620     8307.140     8309.160     8309.580     8309.840
   760:     8325.880     8326.810     8327.530     8327.690     8328.210
   765:     8335.840     8356.800     8357.930     8358.370     8359.050
   770:     8359.170     8359.840     8359.980     8360.170     8360.380
   775:     8360.580     8360.780     8360.960     8361.050     8361.170
   780:     8361.350     8361.990     8362.090     8362.120     8362.140
   785:     8362.390     8362.550     8362.850     8363.020     8363.220
   790:     8363.240     8363.320     8363.570     8363.700     8363.720
   795:     8363.780     8363.930     8363.980     8364.210     8364.470
   800:     8364.590     8364.670     8364.810     8364.870     8365.020
   805:     8365.170     8365.200     8365.360     8366.080     8366.120
   810:     8366.320     8366.350     8366.620     8366.710     8366.780
   815:     8367.000     8367.290     8367.470     8368.350     8368.510
   820:     8368.570     8368.690     8368.940     8368.990     8369.070
   825:     8369.150     8369.230     8369.580     8369.750     8370.060
   830:     8370.250     8371.620     8372.400     8372.710     8373.320
   835:     8373.670     8373.790     8373.860     8374.000     8374.240
   840:     8374.400     8374.550     8374.710     8374.950     8375.130
   845:     8375.300     8375.460     8375.650     8375.940     8376.590
   850:     8376.760     8377.980     8378.150     8380.360     8380.410
   855:     8424.200     8424.680     8425.010     8425.090     8426.380
   860:     8426.650     8457.140     8458.090     8458.870     8459.690
   865:     8459.920     8459.980     8460.620     8461.050     8462.150
   870:     8465.330     8465.380     8465.680     8465.720     8465.760
   875:     8465.810     8465.960     8480.150     8480.250     8480.830
   880:     8482.130     8696.220     8697.650     8697.690     8734.380
   885:     8749.630     8749.630     8749.630     8749.640     8751.750
   890:     8751.750     8759.630     8760.210     8760.210     8760.210
   895:     8760.220     8770.210     8789.280     8795.640     8795.640
   900:     8795.640     8795.650     8805.640     8807.930     8810.780
   905:     8810.870     8811.390     8819.650     8820.450     8850.270
   910:     8903.820     8904.930     8905.390     8905.540     8906.040
   915:     8906.190     8907.000     8907.520     8915.050     8916.210
   920:     8922.620     8922.900     8934.930     8935.520     8937.190
   925:     8938.270     8939.410     8939.900     8940.770     8941.220
   930:     8941.470     8941.550     8941.650     8941.710     8941.860
   935:     8941.940     8942.040     8942.420     8942.590     8942.890
   940:     8942.960     8943.060     8943.170     8943.270     8943.310
   945:     8943.480     8943.610     8943.670     8943.770     8943.830
   950:     8943.940     8943.970     8944.560     8944.670     8944.760
   955:     8944.890     8944.950     8945.100     8945.260     8945.360
   960:     8945.470     8945.540     8945.690     8945.710     8945.720
   965:     8945.740     8945.930     8946.070     8946.100     8946.280
   970:     8946.920     8946.980     8947.600     8947.730     8947.920
   975:     8948.000     8948.170     8948.320     8948.360     8948.530
   980:     8948.720     8948.840     8948.880     8948.900     8949.010
   985:     8949.380     8949.500     8950.380     8950.460     8950.640
   990:     8950.770     8950.840     8951.620     8951.740     8951.870
   995:     8952.140     8952.160     8952.340     8952.790     8953.880
  1000:     8953.970     8954.240     8954.400     8954.680     8954.980
  1005:     8955.280     8955.360     8955.490     8955.670     8955.840
  1010:     8955.980     8956.180     8956.420     8957.050     8957.740
  1015:     8957.800     8958.110     8958.660     8958.880     8959.050
  1020:     9015.440     9016.600     9020.760     9024.400     9026.750
  1025:     9027.090     9027.480     9028.570     9029.310     9029.610
  1030:     9029.800     9029.980     9032.160     9032.210     9032.460
  1035:     9032.630     9034.090     9034.720     9034.830     9034.910
  1040:     9034.990     9089.910     9090.110     9090.460     9100.130
  1045:     9100.280     9100.600     9100.780     9100.960     9101.490
  1050:     9102.720     9102.760     9103.490     9103.530     9104.200
  1055:     9104.280     9105.970     9106.120     9106.340     9198.860
  1060:     9198.890     9199.140     9199.180     9201.410     9210.110
  1065:     9213.840     9216.920     9217.960     9273.850     9275.190
  1070:     9276.020     9276.090     9281.920     9282.470     9284.010
  1075:     9297.010     9297.630     9297.900     9299.060     9299.200
  1080:     9299.260     9299.840     9299.990     9300.300     9311.060
  1085:     9311.230     9311.410     9311.620     9316.830     9535.070
