File: C:\MED-PC IV\DATA\!2025-05-29_12h42m.Subject T12



Start Date: 05/29/25
End Date: 05/29/25
Subject: T12
Experiment: OralFentSA
Group: One
Box: 6
Start Time: 12:42:13
End Time: 15:42:16
MSN: Golden_Liq_SelfAdmin
F:       0.000
G:    1317.000
H:   10800.010
I:       0.000
J:       0.000
K:       0.000
L:       0.000
M:       0.000
N:       0.000
O:       0.000
P:       0.000
Q:       0.000
R:       0.000
S:       0.000
U:       0.000
V:       0.000
W:       0.000
X:       0.000
Y:       0.000
Z:       0.000
A:
     0:        0.000        0.000      180.000        4.000        0.000
     5:        5.000        0.000        5.000        0.000        0.000
    10:        1.000        0.000       10.000 30000000.000       23.000
    15:       13.000      640.000        0.000        0.000        0.000
    20:        0.000
B:
     0:        0.000        0.000        0.000      400.000        0.000
     5:      500.000        0.000      500.000        0.000        0.000
    10:        0.000        0.000     1000.000 3000000000.0        0.000
    15:        0.000        0.000        0.000        0.000        0.000
    20:        0.000
C:
     0:       36.000       37.000        0.000       55.000      711.000
     5:     9770.380      546.260       27.000     2379.560       88.132
    10:       55.000       60.000        0.000        0.000        0.000
    15:        0.000        0.000        0.000        0.000        0.000
    20:        0.000
D:
     0:        2.210       12.040        8.060        8.450        6.210
     5:       40.960        5.010        7.830      106.990       97.570
    10:      331.650        8.360      398.640       13.320      338.730
    15:       26.390        3.610       23.750       96.380       17.870
    20:       63.460       92.140        1.080        6.610       98.590
    25:       17.390      546.260
E:
     0:       19.000       11.000       26.000       27.000        2.000
     5:        4.000       22.000       24.000       12.000       13.000
    10:        8.000        5.000       17.000        6.000        6.000
    15:        6.000        6.000       18.000       14.000       10.000
    20:       19.000       11.000        6.000        6.000        6.000
    25:        6.000       23.000       23.000        6.000        6.000
    30:        6.000        6.000        6.000        6.000        6.000
    35:        6.000        6.000        6.000        6.000        6.000
    40:        6.000        6.000        6.000        6.000        6.000
    45:        6.000        6.000        6.000        6.000        6.000
    50:        6.000        6.000        6.000        2.000        4.000
    55:       22.000       24.000       12.000       13.000        8.000
    60:        5.000       17.000       21.000       22.000       18.000
    65:       14.000       10.000       19.000       11.000        2.000
    70:        4.000       22.000       24.000       12.000       13.000
    75:        8.000        5.000       17.000       18.000       14.000
    80:       10.000       19.000       11.000        6.000        6.000
    85:        6.000        6.000        6.000        6.000        6.000
    90:       23.000       23.000       23.000       23.000       23.000
    95:       23.000        2.000        4.000       22.000       24.000
   100:       12.000       13.000        8.000        5.000       17.000
   105:       18.000       14.000       10.000        6.000        6.000
   110:        6.000       19.000       11.000       23.000        6.000
   115:        6.000        6.000        6.000        2.000        4.000
   120:       22.000       24.000       12.000       13.000        8.000
   125:        5.000       17.000       18.000       14.000       10.000
   130:        6.000       19.000       11.000        6.000        6.000
   135:        6.000        6.000        6.000        6.000        6.000
   140:        6.000        6.000        6.000        6.000        6.000
   145:        6.000        6.000        6.000       23.000       23.000
   150:       23.000       23.000        6.000       23.000        2.000
   155:        4.000       22.000       24.000       12.000       13.000
   160:        8.000        5.000       17.000       18.000       14.000
   165:       10.000       19.000       11.000        2.000        4.000
   170:       22.000       24.000       12.000       13.000        8.000
   175:        5.000       17.000       18.000       14.000       10.000
   180:        6.000        6.000        6.000        6.000        6.000
   185:        6.000       19.000       11.000        6.000        6.000
   190:        6.000        6.000        6.000        6.000        6.000
   195:        6.000        6.000        6.000        6.000        6.000
   200:        6.000        6.000        6.000        6.000        6.000
   205:        6.000        2.000        4.000       22.000       24.000
   210:       12.000       13.000        8.000        5.000       17.000
   215:       18.000       14.000       10.000       19.000       11.000
   220:        6.000        6.000        6.000        6.000        6.000
   225:        6.000        6.000        6.000        6.000        6.000
   230:        6.000        6.000        6.000        6.000        6.000
   235:        6.000        6.000        6.000        6.000        6.000
   240:        6.000        6.000        6.000        6.000        6.000
   245:        6.000        6.000        6.000        6.000        6.000
   250:        6.000        6.000       23.000        2.000        4.000
   255:       22.000       24.000       12.000       13.000        8.000
   260:        5.000       17.000       21.000       22.000       18.000
   265:       14.000       10.000        6.000       19.000       11.000
   270:        2.000        4.000       22.000       24.000       12.000
   275:       13.000        8.000        5.000       17.000       18.000
   280:       14.000       10.000        6.000        6.000        6.000
   285:        6.000        6.000       19.000       11.000       23.000
   290:       23.000        6.000        2.000        4.000       22.000
   295:       24.000       12.000       13.000        8.000        5.000
   300:       17.000       21.000       22.000       18.000       14.000
   305:       10.000       21.000       22.000       19.000       11.000
   310:        6.000        6.000        6.000        6.000       23.000
   315:        6.000        6.000        6.000        6.000        6.000
   320:        6.000        2.000        4.000       22.000       24.000
   325:       12.000       13.000        8.000        5.000       17.000
   330:       18.000       14.000       10.000       19.000       11.000
   335:       23.000       23.000       23.000       23.000       23.000
   340:        6.000        6.000        6.000        6.000        6.000
   345:        6.000        6.000        6.000        6.000        6.000
   350:        6.000        6.000        6.000        6.000        6.000
   355:        6.000        6.000        6.000        6.000        6.000
   360:        6.000        6.000        2.000        4.000       22.000
   365:       24.000       12.000       13.000        8.000        5.000
   370:       17.000       18.000       14.000       10.000       21.000
   375:       22.000       19.000       11.000        2.000        4.000
   380:       22.000       24.000       12.000       13.000        8.000
   385:        5.000       17.000       18.000       14.000       10.000
   390:       19.000       11.000        2.000        4.000       22.000
   395:       24.000       12.000       13.000        8.000        5.000
   400:       17.000       21.000       22.000       18.000       14.000
   405:       10.000       21.000       22.000       19.000       11.000
   410:        2.000        4.000       22.000       24.000       12.000
   415:       13.000        8.000        5.000       17.000       18.000
   420:       14.000       10.000       21.000       22.000       21.000
   425:       22.000       21.000       22.000       19.000       11.000
   430:        2.000        4.000       22.000       24.000       12.000
   435:       13.000        8.000        5.000       17.000       21.000
   440:       22.000       18.000       14.000       10.000       19.000
   445:       11.000        2.000        4.000       22.000       24.000
   450:       12.000       13.000        8.000        5.000       17.000
   455:       18.000       14.000       10.000       19.000       11.000
   460:        6.000        6.000        6.000        6.000        6.000
   465:        6.000        6.000        6.000        6.000        6.000
   470:        6.000        6.000        6.000        6.000        6.000
   475:        6.000        6.000        6.000        6.000        6.000
   480:        6.000        6.000        6.000        6.000        6.000
   485:        6.000        6.000        6.000        6.000        6.000
   490:        6.000        6.000        6.000        6.000        6.000
   495:        6.000        6.000        6.000        6.000        6.000
   500:        6.000        6.000        6.000        6.000        2.000
   505:        4.000       22.000       24.000       12.000       13.000
   510:        8.000        5.000       17.000       18.000       14.000
   515:       10.000        6.000        6.000       19.000       11.000
   520:        6.000        6.000        6.000        6.000        6.000
   525:        6.000        6.000        6.000        6.000        6.000
   530:        6.000        6.000        6.000        6.000        6.000
   535:        6.000        6.000        6.000       23.000       23.000
   540:       23.000        6.000        2.000        4.000       22.000
   545:       24.000       12.000       13.000        8.000        5.000
   550:       17.000       21.000       22.000       21.000       22.000
   555:       18.000       14.000       10.000       23.000       19.000
   560:       11.000        6.000        6.000        6.000        6.000
   565:        6.000        6.000        6.000        6.000        6.000
   570:        6.000        6.000        6.000        6.000        6.000
   575:        6.000        6.000        6.000        6.000        6.000
   580:        6.000        6.000        6.000        6.000        6.000
   585:        6.000        6.000        6.000        6.000        6.000
   590:        6.000        6.000        6.000        6.000        6.000
   595:        6.000        6.000        6.000        6.000        6.000
   600:        6.000        6.000        6.000        6.000        6.000
   605:        6.000        6.000        6.000        6.000        6.000
   610:        6.000        6.000        6.000        6.000        6.000
   615:        6.000        6.000        6.000        6.000       23.000
   620:       23.000        2.000        4.000       22.000       24.000
   625:       12.000       13.000        8.000        5.000       17.000
   630:       18.000       14.000       10.000       19.000       11.000
   635:        2.000        4.000       22.000       24.000       12.000
   640:       13.000        8.000        5.000       17.000       18.000
   645:       14.000       10.000       21.000       22.000       21.000
   650:       22.000       19.000       11.000        6.000        6.000
   655:        6.000        6.000        6.000        6.000        2.000
   660:        4.000       22.000       24.000       12.000       13.000
   665:        8.000        5.000       17.000       21.000       22.000
   670:       18.000       14.000       10.000       21.000       22.000
   675:       19.000       11.000        6.000        6.000        6.000
   680:        6.000        6.000        6.000        6.000       23.000
   685:        6.000        6.000        6.000        6.000        6.000
   690:        6.000        6.000        6.000        6.000        6.000
   695:        6.000        6.000        6.000        6.000        6.000
   700:        6.000       23.000        6.000        6.000        6.000
   705:        6.000        6.000        6.000        6.000        6.000
   710:        6.000        6.000        6.000        6.000        6.000
   715:        6.000        6.000        6.000        6.000        6.000
   720:        6.000        6.000        6.000        6.000        6.000
   725:        6.000        6.000        6.000        6.000        6.000
   730:        6.000        6.000        6.000        6.000        6.000
   735:        6.000       23.000        6.000        6.000        6.000
   740:        6.000        6.000        6.000        6.000        6.000
   745:        6.000        6.000        6.000        6.000        6.000
   750:        6.000        2.000        4.000       22.000       24.000
   755:       12.000       13.000        8.000        5.000       17.000
   760:       18.000       14.000       10.000       19.000       11.000
   765:        6.000        6.000        6.000        6.000        6.000
   770:        6.000        6.000        6.000        2.000        4.000
   775:       22.000       24.000       12.000       13.000        8.000
   780:        5.000       17.000        6.000       18.000        6.000
   785:        6.000        6.000       14.000       10.000        6.000
   790:        6.000       19.000       11.000        6.000        6.000
   795:        6.000        6.000        6.000        6.000        6.000
   800:        6.000        6.000        6.000        6.000        6.000
   805:        6.000        6.000        6.000        6.000        6.000
   810:        6.000        6.000        6.000        6.000        6.000
   815:        6.000        6.000        6.000        6.000        6.000
   820:        6.000        6.000        6.000        6.000        6.000
   825:        6.000        6.000        6.000        6.000        6.000
   830:        6.000        6.000        6.000        6.000        6.000
   835:        6.000        6.000        6.000        2.000        4.000
   840:       22.000       24.000       12.000       13.000        8.000
   845:        5.000       17.000       18.000       14.000       10.000
   850:       19.000       11.000        6.000       23.000       23.000
   855:       23.000       23.000       23.000        6.000        6.000
   860:        6.000        2.000        4.000       22.000       24.000
   865:       12.000       13.000        8.000        5.000       17.000
   870:       18.000       14.000       10.000       19.000       11.000
   875:       23.000       23.000       23.000       23.000       23.000
   880:       23.000       23.000        6.000        2.000        4.000
   885:       22.000       24.000       12.000       13.000        8.000
   890:        5.000       17.000       18.000       14.000       10.000
   895:       19.000       11.000       23.000        2.000        4.000
   900:       22.000       24.000       12.000       13.000        8.000
   905:        5.000       17.000       18.000       14.000       10.000
   910:       19.000       11.000        6.000        6.000        6.000
   915:        6.000        6.000        6.000        6.000        6.000
   920:        6.000        6.000        6.000        6.000        6.000
   925:        6.000        6.000        6.000        6.000        6.000
   930:        6.000        6.000        6.000        6.000        6.000
   935:        6.000        6.000        6.000        6.000        6.000
   940:        6.000        6.000        6.000        6.000        6.000
   945:        6.000        6.000        6.000        6.000        6.000
   950:        6.000        6.000        6.000        6.000        6.000
   955:        6.000        6.000        6.000        6.000        6.000
   960:        6.000        6.000        6.000        6.000        6.000
   965:        6.000        6.000        6.000        6.000        6.000
   970:        6.000        6.000        6.000        6.000        6.000
   975:        6.000        6.000        6.000        6.000        6.000
   980:        6.000        6.000        6.000        6.000        6.000
   985:        6.000        6.000        6.000        6.000        6.000
   990:        6.000        6.000        6.000       23.000        6.000
   995:        6.000        6.000        6.000        6.000        6.000
  1000:        6.000        6.000        6.000        6.000       23.000
  1005:       23.000       23.000        6.000        6.000        6.000
  1010:        6.000        6.000        6.000        6.000        6.000
  1015:        6.000        6.000        6.000        6.000        6.000
  1020:        6.000        6.000        6.000        6.000        6.000
  1025:        6.000        6.000        6.000        6.000        6.000
  1030:        6.000        6.000        6.000        6.000        6.000
  1035:        6.000        6.000        6.000        6.000        6.000
  1040:        6.000        6.000        6.000        6.000        6.000
  1045:        6.000        6.000        6.000        6.000        6.000
  1050:        6.000        6.000        6.000        6.000        6.000
  1055:        6.000        6.000        6.000        6.000        6.000
  1060:        6.000        6.000        6.000        6.000        6.000
  1065:        6.000        6.000        6.000        6.000        6.000
  1070:        6.000        6.000        6.000        6.000        6.000
  1075:        6.000        6.000        6.000        6.000        6.000
  1080:        6.000        6.000        2.000        4.000       22.000
  1085:       24.000       12.000       13.000        8.000        5.000
  1090:       17.000       18.000       14.000       10.000       19.000
  1095:       11.000        6.000        6.000        2.000        4.000
  1100:       22.000       24.000       12.000       13.000        8.000
  1105:        5.000       17.000       18.000       14.000       10.000
  1110:       19.000       11.000        6.000        6.000        6.000
  1115:        6.000        6.000        6.000        6.000        6.000
  1120:        6.000        6.000        6.000        6.000        6.000
  1125:        2.000        4.000       22.000       24.000       12.000
  1130:       13.000        8.000        5.000       17.000        6.000
  1135:       18.000       14.000       10.000        6.000       19.000
  1140:       11.000        6.000        6.000        6.000        6.000
  1145:        6.000        6.000        6.000        6.000        6.000
  1150:        6.000       23.000       23.000       23.000       23.000
  1155:        2.000        4.000       22.000       24.000       12.000
  1160:       13.000        8.000        5.000       17.000       21.000
  1165:       22.000       18.000       14.000       10.000        6.000
  1170:       19.000       11.000       23.000       23.000       23.000
  1175:        6.000        6.000        6.000        6.000        6.000
  1180:        6.000        6.000        6.000        6.000       23.000
  1185:        6.000        2.000        4.000       22.000       24.000
  1190:       12.000       13.000        8.000        5.000       17.000
  1195:       18.000       14.000       10.000       19.000       11.000
  1200:       23.000       23.000       23.000        6.000        6.000
  1205:        6.000        6.000        2.000        4.000       22.000
  1210:       24.000       12.000       13.000        8.000        5.000
  1215:       17.000       21.000       22.000       18.000       14.000
  1220:       10.000       19.000       11.000        6.000        2.000
  1225:        4.000       22.000       24.000       12.000       13.000
  1230:        8.000        5.000       17.000       18.000       14.000
  1235:       10.000       19.000       11.000        6.000        6.000
  1240:        6.000        6.000        6.000        6.000        6.000
  1245:        6.000        6.000        6.000        6.000        6.000
  1250:        6.000        6.000        6.000        6.000        6.000
  1255:        6.000        6.000        6.000        6.000        6.000
  1260:        6.000        6.000        6.000        6.000        6.000
  1265:        6.000        6.000        6.000        6.000        6.000
  1270:        6.000        6.000        6.000        6.000        6.000
  1275:        6.000        6.000        6.000        6.000        6.000
  1280:        6.000        6.000        6.000        6.000        6.000
  1285:        6.000        6.000        6.000        6.000        6.000
  1290:        6.000        6.000        6.000        6.000        6.000
  1295:        6.000        6.000        6.000        6.000        6.000
  1300:        6.000        6.000        6.000        6.000        6.000
  1305:        6.000        6.000        6.000        6.000        6.000
  1310:        6.000        6.000        6.000        6.000        6.000
  1315:        6.000        6.000      100.000
T:
     0:        0.000        0.000        0.000        0.000       10.940
     5:       10.940       10.940       10.950       10.950       10.950
    10:       10.950       10.950       10.950       13.160       13.340
    15:       13.400       13.910       14.950       15.950       15.950
    20:       20.940       20.950       24.860       38.510       38.670
    25:       38.750       50.690       53.510      165.270      166.350
    30:      171.440      179.960      184.830      185.060      185.140
    35:      185.650      186.370      186.440      186.510      186.590
    40:      186.830      187.310      187.580      187.910      188.000
    45:      188.200      188.760      188.860      188.910      189.520
    50:      189.620      193.640      194.580      271.860      271.860
    55:      271.860      271.870      271.870      271.870      271.870
    60:      271.870      271.870      273.780      273.780      275.870
    65:      276.870      276.870      281.860      281.870      398.070
    70:      398.070      398.070      398.080      398.080      398.080
    75:      398.080      398.080      398.080      402.080      403.080
    80:      403.080      408.070      408.080      410.120      410.500
    85:      410.740      410.780      412.290      412.320      412.670
    90:      424.080      435.270      437.780      599.040      603.520
    95:      605.100      626.640      626.640      626.640      626.650
   100:      626.650      626.650      626.650      626.650      626.650
   105:      630.650      631.650      631.650      634.710      634.910
   110:      635.180      636.640      636.650      710.840      717.890
   115:      719.290      719.760      723.030      725.710      725.710
   120:      725.710      725.720      725.720      725.720      725.720
   125:      725.720      725.720      729.720      730.720      730.720
   130:      734.170      735.710      735.720      742.630      742.730
   135:      746.330      747.880      755.400      755.640      756.480
   140:      756.700      756.920      757.330      784.500      784.590
   145:      784.850      785.040      787.710      825.020      833.710
   150:      838.800      842.160      861.330      868.800      952.330
   155:      952.330      952.330      952.340      952.340      952.340
   160:      952.340      952.340      952.340      956.340      957.340
   165:      957.340      962.330      962.340      995.940      995.940
   170:      995.940      995.950      995.950      995.950      995.950
   175:      995.950      995.950      999.950     1000.950     1000.950
   180:     1002.160     1002.230     1002.380     1002.500     1003.210
   185:     1003.340     1005.940     1005.950     1007.130     1008.260
   190:     1010.470     1010.610     1011.480     1027.470     1029.170
   195:     1031.510     1031.590     1033.080     1033.720     1033.810
   200:     1034.010     1034.430     1035.640     1036.070     1036.200
   205:     1036.810     1057.650     1057.650     1057.650     1057.660
   210:     1057.660     1057.660     1057.660     1057.660     1057.660
   215:     1061.660     1062.660     1062.660     1067.650     1067.660
   220:     1098.620     1099.500     1101.340     1101.600     1102.390
   225:     1103.160     1103.890     1106.240     1113.190     1114.370
   230:     1119.060     1119.750     1120.050     1120.210     1120.560
   235:     1120.630     1120.680     1120.710     1120.840     1121.960
   240:     1122.530     1122.890     1124.960     1125.040     1125.110
   245:     1125.240     1131.970     1138.390     1138.640     1140.960
   250:     1141.080     1141.130     1323.060     1339.790     1339.790
   255:     1339.790     1339.800     1339.800     1339.800     1339.800
   260:     1339.800     1339.800     1341.140     1341.140     1343.800
   265:     1344.800     1344.800     1344.810     1349.790     1349.800
   270:     1394.160     1394.160     1394.160     1394.170     1394.170
   275:     1394.170     1394.170     1394.170     1394.170     1398.170
   280:     1399.170     1399.170     1402.000     1402.020     1402.270
   285:     1402.520     1402.590     1404.160     1404.170     1429.200
   290:     1431.310     1433.960     1438.400     1438.400     1438.400
   295:     1438.410     1438.410     1438.410     1438.410     1438.410
   300:     1438.410     1441.020     1441.020     1442.410     1443.410
   305:     1443.410     1447.760     1447.760     1448.400     1448.410
   310:     1545.400     1545.620     1547.110     1723.570     1749.740
   315:     1822.670     1822.780     1822.920     1823.230     1829.170
   320:     1834.860     1847.830     1847.830     1847.830     1847.840
   325:     1847.840     1847.840     1847.840     1847.840     1847.840
   330:     1851.840     1852.840     1852.840     1857.830     1857.840
   335:     1866.900     1868.000     1907.910     1908.230     1912.290
   340:     1945.410     1946.100     1946.280     1948.360     1949.350
   345:     1949.680     1949.870     1951.120     1951.340     1952.390
   350:     1952.970     1953.710     1953.970     1954.040     1954.400
   355:     1955.420     1956.780     1957.060     1957.270     1957.480
   360:     1957.540     1957.720     1961.170     1961.170     1961.170
   365:     1961.180     1961.180     1961.180     1961.180     1961.180
   370:     1961.180     1965.180     1966.180     1966.180     1971.060
   375:     1971.060     1971.170     1971.180     1971.890     1971.890
   380:     1971.890     1971.900     1971.900     1971.900     1971.900
   385:     1971.900     1971.900     1975.900     1976.900     1976.900
   390:     1981.890     1981.900     2012.710     2012.710     2012.710
   395:     2012.720     2012.720     2012.720     2012.720     2012.720
   400:     2012.720     2015.920     2015.920     2016.720     2017.720
   405:     2017.720     2018.270     2018.270     2022.710     2022.720
   410:     2026.810     2026.810     2026.810     2026.820     2026.820
   415:     2026.820     2026.820     2026.820     2026.820     2030.820
   420:     2031.820     2031.820     2032.610     2032.610     2033.490
   425:     2033.490     2035.010     2035.010     2036.810     2036.820
   430:     2040.370     2040.370     2040.370     2040.380     2040.380
   435:     2040.380     2040.380     2040.380     2040.380     2043.770
   440:     2043.770     2044.380     2045.380     2045.380     2050.370
   445:     2050.380     2052.940     2052.940     2052.940     2052.950
   450:     2052.950     2052.950     2052.950     2052.950     2052.950
   455:     2056.950     2057.950     2057.950     2062.940     2062.950
   460:     2384.600     2405.920     2406.210     2417.250     2417.700
   465:     2419.200     2419.290     2419.930     2420.380     2421.540
   470:     2422.760     2422.860     2422.960     2423.790     2424.170
   475:     2429.570     2429.680     2434.950     2437.720     2438.010
   480:     2439.310     2442.970     2445.790     2447.890     2448.250
   485:     2451.040     2451.200     2451.560     2452.100     2454.440
   490:     2455.320     2457.190     2458.620     2458.700     2511.370
   495:     2511.590     2521.810     2550.410     2550.920     2551.850
   500:     2553.350     2562.890     2563.260     2564.150     2588.250
   505:     2588.250     2588.250     2588.260     2588.260     2588.260
   510:     2588.260     2588.260     2588.260     2592.260     2593.260
   515:     2593.260     2596.620     2597.100     2598.250     2598.260
   520:     2957.920     2958.320     2961.630     2961.890     3015.850
   525:     3016.770     3017.510     3018.300     3018.500     3018.590
   530:     3019.200     3019.410     3020.640     3037.080     3037.210
   535:     3038.660     3039.480     3039.890     3054.620     3057.140
   540:     3060.260     3190.140     3195.590     3195.590     3195.590
   545:     3195.600     3195.600     3195.600     3195.600     3195.600
   550:     3195.600     3196.140     3196.140     3197.340     3197.340
   555:     3199.600     3200.600     3200.600     3204.720     3205.590
   560:     3205.600     3594.240     3596.560     3597.080     3597.260
   565:     3597.880     3598.210     3598.480     3599.670     3602.920
   570:     3668.550     3668.670     3668.980     3673.170     3673.270
   575:     3676.720     3676.800     3677.400     3677.460     3677.550
   580:     3677.720     3677.820     3678.130     3680.750     3681.030
   585:     3681.520     3683.990     3684.230     3684.340     3685.270
   590:     3688.310     3689.610     3690.210     3691.990     3693.210
   595:     3693.430     3694.000     3694.040     3695.360     3701.550
   600:     3703.840     3704.170     3705.260     3705.400     3705.640
   605:     3708.030     3708.820     3709.260     3709.520     3711.520
   610:     3711.670     3712.410     3712.510     3712.670     3712.700
   615:     3730.810     3731.260     3735.190     3736.400     3768.880
   620:     3772.380     3801.880     3801.880     3801.880     3801.890
   625:     3801.890     3801.890     3801.890     3801.890     3801.890
   630:     3805.890     3806.890     3806.890     3811.880     3811.890
   635:     3814.540     3814.540     3814.540     3814.550     3814.550
   640:     3814.550     3814.550     3814.550     3814.550     3818.550
   645:     3819.550     3819.550     3822.240     3822.240     3824.260
   650:     3824.260     3824.540     3824.550     3827.870     3828.160
   655:     3829.600     3829.670     3829.720     3830.000     3834.980
   660:     3834.980     3834.980     3834.990     3834.990     3834.990
   665:     3834.990     3834.990     3834.990     3836.200     3836.200
   670:     3838.990     3839.990     3839.990     3840.670     3840.670
   675:     3844.980     3844.990     4173.720     4175.980     4176.010
   680:     4176.390     4176.580     4176.970     4210.510     4219.850
   685:     4295.420     4295.650     4297.300     4297.490     4298.750
   690:     4299.410     4300.430     4301.110     4301.180     4301.760
   695:     4310.300     4310.650     4311.000     4311.180     4311.620
   700:     4311.690     4329.290     4768.740     4768.890     4770.580
   705:     4774.070     4774.200     4774.530     4775.130     4775.370
   710:     4775.540     4775.830     4776.190     4776.490     4789.580
   715:     4939.840     4941.630     4941.730     5157.980     5173.250
   720:     5275.130     5275.510     5276.340     5276.420     5501.060
   725:     5501.450     5501.660     5684.960     5852.410     5852.490
   730:     5852.940     5853.230     5853.280     5856.220     5861.410
   735:     5863.690     5881.290     5883.880     5884.810     5886.390
   740:     5890.620     5892.710     5892.850     5893.170     5893.230
   745:     5893.860     5901.510     5901.630     5902.790     5917.790
   750:     5936.920     5997.490     5997.490     5997.490     5997.500
   755:     5997.500     5997.500     5997.500     5997.500     5997.500
   760:     6001.500     6002.500     6002.500     6007.490     6007.500
   765:     6023.890     6027.140     6027.260     6146.500     6147.820
   770:     6149.410     6149.580     6150.190     6183.500     6183.500
   775:     6183.500     6183.510     6183.510     6183.510     6183.510
   780:     6183.510     6183.510     6187.120     6187.510     6187.520
   785:     6187.750     6187.790     6188.510     6188.510     6188.550
   790:     6189.160     6193.500     6193.510     6579.450     6580.180
   795:     6580.880     6583.190     6584.020     6584.150     6585.410
   800:     6590.860     6598.390     6598.590     6598.760     6599.460
   805:     6602.600     6602.970     6603.300     6603.490     6603.840
   810:     6606.080     6606.820     6607.690     6610.300     6612.510
   815:     6619.540     6635.210     6635.830     6635.980     6636.340
   820:     6636.370     6684.270     6686.710     6687.530     6687.740
   825:     6687.810     6687.910     6687.970     6690.460     6692.920
   830:     6696.680     6697.260     6697.530     6700.150     6700.550
   835:     6701.130     6701.310     6733.990     6756.580     6756.580
   840:     6756.580     6756.590     6756.590     6756.590     6756.590
   845:     6756.590     6756.590     6760.590     6761.590     6761.590
   850:     6766.580     6766.590     6780.340     6842.610     6859.120
   855:     6869.870     6879.650     6901.880     6908.010     6910.000
   860:     6910.070     6918.970     6918.970     6918.970     6918.980
   865:     6918.980     6918.980     6918.980     6918.980     6918.980
   870:     6922.980     6923.980     6923.980     6928.970     6928.980
   875:     6931.230     6931.560     6934.330     6936.260     6938.030
   880:     6938.470     6941.600     7015.360     7022.510     7022.510
   885:     7022.510     7022.520     7022.520     7022.520     7022.520
   890:     7022.520     7022.520     7026.520     7027.520     7027.520
   895:     7032.510     7032.520     7134.580     7148.830     7148.830
   900:     7148.830     7148.840     7148.840     7148.840     7148.840
   905:     7148.840     7148.840     7152.840     7153.840     7153.840
   910:     7158.830     7158.840     7166.710     7167.450     7167.720
   915:     7175.440     7175.670     7176.540     7177.050     7177.120
   920:     7177.280     7177.580     7195.770     7197.770     7199.400
   925:     7200.970     7201.350     7201.410     7215.950     7216.170
   930:     7216.370     7216.720     7219.350     7223.140     7223.240
   935:     7224.670     7225.790     7228.310     7228.380     7231.760
   940:     7233.470     7235.220     7235.590     7235.610     7239.000
   945:     7240.520     7243.750     7245.910     7246.060     7247.480
   950:     7247.670     7247.710     7383.650     7383.810     7385.320
   955:     7385.600     7387.050     7390.040     7390.090     7391.110
   960:     7391.440     7391.530     7391.580     7393.830     7393.980
   965:     7394.250     7394.700     7414.660     7414.940     7440.730
   970:     7441.880     7442.120     7446.490     7446.940     7449.770
   975:     7464.700     7466.000     7467.770     7467.920     7467.950
   980:     7468.000     7468.320     7469.460     7469.530     7469.940
   985:     7469.980     7472.020     7472.230     7472.520     7475.140
   990:     7475.560     7476.220     7476.520     7534.020     7544.400
   995:     7544.540     7544.640     7545.140     7545.300     7545.410
  1000:     7545.430     7545.520     7546.000     7549.160     7639.850
  1005:     7645.810     7648.720     7659.900     7660.690     7663.440
  1010:     7669.310     7670.300     7670.730     7675.740     7675.980
  1015:     7676.410     7677.430     7677.700     7679.170     7679.310
  1020:     7679.460     7680.120     7681.930     7712.040     7712.370
  1025:     7712.800     7713.120     7713.500     7715.940     7716.350
  1030:     7716.390     7800.250     7806.080     7811.500     7817.630
  1035:     7819.170     7825.680     7828.480     7829.500     7829.530
  1040:     7829.550     7830.750     7830.970     7831.480     7831.870
  1045:     7832.200     8010.000     8011.480     8013.200     8013.350
  1050:     8045.330     8045.620     8045.940     8045.970     8046.350
  1055:     8046.520     8047.020     8048.440     8052.600     8287.410
  1060:     8287.560     8287.640     8287.770     8287.810     8288.770
  1065:     8306.300     8306.870     8307.100     8359.980     8360.800
  1070:     8618.550     8619.000     8619.270     8651.730     8651.750
  1075:     8735.500     8735.670     8735.850     8736.350     8736.860
  1080:     8854.180     8917.080     8920.820     8920.820     8920.820
  1085:     8920.830     8920.830     8920.830     8920.830     8920.830
  1090:     8920.830     8924.830     8925.830     8925.830     8930.820
  1095:     8930.830     8984.290     8993.600     9008.610     9008.610
  1100:     9008.610     9008.620     9008.620     9008.620     9008.620
  1105:     9008.620     9008.620     9012.620     9013.620     9013.620
  1110:     9018.610     9018.620     9100.760     9101.660     9101.870
  1115:     9102.320     9104.190     9104.610     9104.650     9104.880
  1120:     9121.070     9124.230     9124.470     9124.990     9127.910
  1125:     9131.600     9131.600     9131.600     9131.610     9131.610
  1130:     9131.610     9131.610     9131.610     9131.610     9132.690
  1135:     9135.610     9136.610     9136.610     9140.130     9141.600
  1140:     9141.610     9146.370     9146.390     9148.200     9148.400
  1145:     9148.540     9149.390     9149.560     9149.590     9150.050
  1150:     9151.480     9160.340     9161.370     9171.570     9171.690
  1155:     9197.550     9197.550     9197.550     9197.560     9197.560
  1160:     9197.560     9197.560     9197.560     9197.560     9199.420
  1165:     9199.420     9201.560     9202.560     9202.560     9204.170
  1170:     9207.550     9207.560     9221.120     9230.860     9236.220
  1175:     9432.330     9432.630     9435.000     9435.090     9435.460
  1180:     9437.430     9440.350     9440.650     9441.110     9448.470
  1185:     9596.570     9627.310     9627.310     9627.310     9627.320
  1190:     9627.320     9627.320     9627.320     9627.320     9627.320
  1195:     9631.320     9632.320     9632.320     9637.310     9637.320
  1200:     9670.170     9695.170     9705.240     9725.910     9726.220
  1205:     9726.300     9728.540     9749.760     9749.760     9749.760
  1210:     9749.770     9749.770     9749.770     9749.770     9749.770
  1215:     9749.770     9752.620     9752.620     9753.770     9754.770
  1220:     9754.770     9759.760     9759.770     9767.160     9770.370
  1225:     9770.370     9770.370     9770.380     9770.380     9770.380
  1230:     9770.380     9770.380     9770.380     9774.380     9775.380
  1235:     9775.380     9780.370     9780.380    10316.640    10317.340
  1240:    10318.720    10319.070    10320.190    10328.050    10330.690
  1245:    10332.680    10350.670    10351.500    10363.490    10364.090
  1250:    10364.280    10366.440    10366.630    10368.380    10368.490
  1255:    10369.220    10369.560    10370.480    10373.540    10374.130
  1260:    10374.180    10374.650    10375.080    10376.030    10376.310
  1265:    10411.630    10411.930    10412.200    10412.440    10412.650
  1270:    10412.860    10437.330    10489.630    10490.120    10496.420
  1275:    10497.230    10501.040    10501.490    10501.820    10503.420
  1280:    10504.040    10506.710    10510.030    10510.450    10510.570
  1285:    10520.420    10605.730    10605.850    10610.280    10610.560
  1290:    10611.690    10611.870    10612.540    10613.000    10613.140
  1295:    10618.790    10619.960    10620.080    10620.580    10620.700
  1300:    10621.740    10622.860    10623.130    10623.290    10623.960
  1305:    10624.470    10627.050    10630.170    10631.620    10738.360
  1310:    10738.440    10741.380    10742.130    10742.690    10742.750
  1315:    10786.550    10791.780    10800.010
