File: C:\MED-PC IV\DATA\!2025-05-17_10h38m.Subject T2



Start Date: 05/17/25
End Date: 05/17/25
Subject: T2
Experiment: OralFentSA
Group: One
Box: 2
Start Time: 10:38:21
End Time: 13:38:28
MSN: Golden_Liq_SelfAdmin
F:       0.000
G:    1197.000
H:   10800.010
I:       0.000
J:       0.000
K:       0.000
L:       0.000
M:       0.000
N:       0.000
O:       0.000
P:       0.000
Q:       0.000
R:       0.000
S:       0.000
U:       0.000
V:       0.000
W:       0.000
X:       0.000
Y:       0.000
Z:       0.000
A:
     0:        0.000        0.000      180.000        4.000        0.000
     5:        5.000        0.000        5.000        0.000        0.000
    10:        1.000        0.000       10.000     2400.000       29.000
    15:        5.000      640.000        0.000        0.000        0.000
    20:        0.000
B:
     0:        0.000        0.000        0.000      400.000        0.000
     5:      500.000        0.000      500.000        0.000        0.000
    10:        0.000        0.000     1000.000   240000.000        0.000
    15:        0.000        0.000        0.000        0.000        0.000
    20:        0.000
C:
     0:       17.000       16.000        0.000        0.000      975.000
     5:     9630.000        7.890       16.000      152.440        9.527
    10:        0.000       20.000       17.000        0.000        0.000
    15:        0.000        0.000        0.000        0.000        0.000
    20:        0.000
D:
     0:       29.480        2.780        4.720        0.580        0.780
     5:        0.820        0.740       25.700        7.100       15.010
    10:        6.860        1.270        5.730       21.010       21.970
    15:        7.890
E:
     0:       19.000       11.000       26.000       27.000        6.000
     5:        6.000        6.000        6.000        6.000       23.000
    10:       23.000        6.000        6.000       23.000        6.000
    15:        6.000        6.000        6.000        6.000        6.000
    20:        6.000        6.000        6.000        6.000        6.000
    25:        6.000        6.000        6.000        6.000        6.000
    30:        6.000        6.000        6.000        6.000       23.000
    35:       23.000        6.000        6.000        6.000        6.000
    40:        6.000        6.000        6.000        6.000       23.000
    45:       23.000       23.000        6.000        6.000       23.000
    50:        6.000        6.000        6.000        6.000        6.000
    55:        6.000        6.000       23.000        6.000        6.000
    60:        6.000        6.000        6.000        6.000        6.000
    65:        6.000        6.000        6.000        6.000        6.000
    70:        6.000        6.000        6.000        6.000        6.000
    75:       23.000       23.000       23.000        6.000        6.000
    80:        6.000        6.000        6.000        6.000        6.000
    85:        6.000        6.000        6.000        6.000        6.000
    90:        6.000       23.000       23.000       23.000       23.000
    95:        6.000        6.000        6.000        6.000        6.000
   100:        6.000        6.000        6.000        6.000        6.000
   105:        6.000       25.000       24.000       12.000       13.000
   110:        8.000        5.000       17.000       18.000       14.000
   115:       10.000       19.000       11.000        6.000        6.000
   120:        6.000        6.000        6.000        6.000        6.000
   125:        6.000        6.000        6.000        6.000        6.000
   130:        6.000        6.000        6.000        6.000        6.000
   135:        6.000        6.000        6.000        6.000        6.000
   140:        6.000        6.000        6.000        6.000        6.000
   145:        6.000        6.000        6.000        6.000        6.000
   150:        6.000        6.000        6.000        6.000        6.000
   155:        6.000        6.000        6.000        6.000        6.000
   160:        6.000        6.000        6.000        6.000        6.000
   165:        6.000        6.000        6.000        6.000        6.000
   170:        6.000        6.000        6.000        6.000        6.000
   175:        6.000        6.000        6.000        6.000        6.000
   180:        6.000        6.000        6.000        6.000        6.000
   185:        6.000        6.000        6.000        6.000        6.000
   190:        6.000        6.000        6.000        6.000        6.000
   195:        6.000        6.000        6.000        6.000        6.000
   200:        6.000        6.000        6.000        6.000        6.000
   205:        6.000        6.000        6.000        6.000        6.000
   210:        6.000        6.000        6.000        6.000        6.000
   215:        6.000        6.000        6.000        6.000        6.000
   220:        6.000        6.000        6.000        6.000        6.000
   225:        6.000        6.000        6.000        6.000        6.000
   230:        6.000        6.000        6.000        6.000        6.000
   235:        6.000        6.000        6.000        6.000        6.000
   240:        6.000        6.000        6.000        6.000        6.000
   245:        6.000        6.000        6.000        6.000        6.000
   250:        6.000        6.000        6.000        6.000        6.000
   255:        6.000        6.000        6.000        6.000        6.000
   260:        6.000        6.000        6.000        6.000        6.000
   265:        6.000        6.000        6.000        6.000        6.000
   270:        6.000        6.000        6.000        6.000        6.000
   275:        6.000        6.000        6.000        6.000        6.000
   280:        6.000        6.000        6.000        6.000        6.000
   285:        6.000        6.000        6.000        6.000        6.000
   290:        6.000        6.000        6.000        6.000        6.000
   295:        6.000        6.000        6.000        6.000        6.000
   300:        6.000        6.000        6.000        6.000        6.000
   305:        6.000        6.000        6.000        6.000        6.000
   310:        6.000        6.000        6.000        6.000        6.000
   315:       23.000       23.000        6.000        6.000        6.000
   320:        6.000        6.000        6.000        6.000       25.000
   325:       24.000       12.000       13.000        8.000        5.000
   330:       17.000        6.000       18.000       14.000       10.000
   335:       19.000       11.000        6.000        6.000        6.000
   340:        6.000        6.000        6.000       30.000       24.000
   345:       12.000       13.000        8.000        5.000       17.000
   350:       18.000        6.000       14.000       10.000       19.000
   355:       11.000        6.000        6.000        6.000        6.000
   360:        6.000        6.000        6.000        6.000        6.000
   365:        6.000        6.000        6.000        6.000        6.000
   370:        6.000        6.000        6.000        6.000        6.000
   375:        6.000        6.000        6.000        6.000        6.000
   380:        6.000        6.000        6.000        6.000        6.000
   385:        6.000        6.000        6.000        6.000        6.000
   390:        6.000        6.000        6.000        6.000        6.000
   395:        6.000        6.000        6.000        6.000        6.000
   400:        6.000        6.000        6.000        6.000        6.000
   405:        6.000        6.000        6.000        6.000        6.000
   410:        6.000        6.000       30.000       24.000       12.000
   415:       13.000        8.000        5.000       17.000       18.000
   420:       14.000       10.000       30.000       12.000       13.000
   425:        8.000        5.000       17.000        6.000       18.000
   430:       19.000       11.000       14.000       10.000       23.000
   435:        6.000        6.000        6.000        6.000        6.000
   440:        6.000        6.000        6.000       30.000       24.000
   445:       12.000       13.000        8.000        5.000       17.000
   450:        6.000        6.000       18.000       14.000       10.000
   455:       19.000       11.000        6.000        6.000       30.000
   460:       24.000       12.000       13.000        8.000        5.000
   465:       17.000        6.000       18.000       14.000       10.000
   470:       30.000       12.000       13.000        8.000        5.000
   475:       17.000        6.000        6.000       19.000       11.000
   480:        6.000       18.000       14.000       10.000        6.000
   485:        6.000        6.000        6.000        6.000        6.000
   490:        6.000        6.000        6.000        6.000        6.000
   495:        6.000        6.000        6.000       30.000       24.000
   500:       12.000       13.000        8.000        5.000       17.000
   505:       18.000       14.000       10.000       19.000       11.000
   510:        6.000        6.000       30.000       24.000       12.000
   515:       13.000        8.000        5.000       17.000       18.000
   520:       14.000       10.000        6.000       19.000       11.000
   525:       30.000       24.000       12.000       13.000        8.000
   530:        5.000       17.000       18.000       14.000       10.000
   535:       19.000       11.000        6.000       30.000       24.000
   540:       12.000       13.000        8.000        5.000       17.000
   545:       18.000       14.000       10.000        6.000       19.000
   550:       11.000       30.000       24.000       12.000       13.000
   555:        8.000        5.000       17.000        6.000       18.000
   560:       14.000       10.000        6.000       19.000       11.000
   565:        6.000        6.000        6.000        6.000       30.000
   570:       24.000       12.000       13.000        8.000        5.000
   575:       17.000       18.000       14.000       10.000        6.000
   580:       19.000       11.000       30.000       24.000       12.000
   585:       13.000        8.000        5.000       17.000       18.000
   590:       14.000       10.000       19.000       11.000        6.000
   595:        6.000        6.000        6.000        6.000        6.000
   600:        6.000        6.000        6.000        6.000        6.000
   605:        6.000        6.000        6.000        6.000        6.000
   610:        6.000        6.000        6.000        6.000        6.000
   615:        6.000        6.000        6.000        6.000        6.000
   620:        6.000        6.000        6.000        6.000        6.000
   625:        6.000        6.000        6.000        6.000        6.000
   630:        6.000        6.000        6.000        6.000        6.000
   635:        6.000        6.000        6.000        6.000        6.000
   640:        6.000        6.000        6.000        6.000        6.000
   645:        6.000        6.000        6.000        6.000        6.000
   650:        6.000        6.000        6.000        6.000        6.000
   655:        6.000        6.000        6.000        6.000        6.000
   660:        6.000        6.000        6.000        6.000        6.000
   665:        6.000        6.000        6.000        6.000        6.000
   670:        6.000        6.000        6.000        6.000        6.000
   675:        6.000        6.000        6.000        6.000        6.000
   680:        6.000        6.000        6.000        6.000        6.000
   685:        6.000        6.000        6.000        6.000        6.000
   690:        6.000        6.000        6.000        6.000        6.000
   695:        6.000        6.000        6.000        6.000        6.000
   700:        6.000        6.000        6.000        6.000        6.000
   705:        6.000        6.000        6.000        6.000        6.000
   710:        6.000        6.000        6.000        6.000        6.000
   715:        6.000        6.000       25.000       24.000       12.000
   720:       13.000        8.000        5.000       17.000       18.000
   725:       14.000       10.000       19.000       11.000        6.000
   730:        6.000        6.000        6.000        6.000        6.000
   735:        6.000        6.000        6.000        6.000        6.000
   740:        6.000        6.000        6.000        6.000        6.000
   745:        6.000        6.000        6.000        6.000        6.000
   750:        6.000        6.000        6.000        6.000        6.000
   755:        6.000        6.000        6.000        6.000        6.000
   760:        6.000        6.000        6.000        6.000        6.000
   765:        6.000        6.000        6.000        6.000        6.000
   770:        6.000        6.000        6.000        6.000        6.000
   775:        6.000        6.000        6.000        6.000        6.000
   780:        6.000        6.000        6.000        6.000        6.000
   785:        6.000        6.000        6.000        6.000        6.000
   790:        6.000        6.000        6.000        6.000        6.000
   795:        6.000        6.000        6.000        6.000        6.000
   800:        6.000        6.000        6.000        6.000        6.000
   805:        6.000        6.000        6.000        6.000        6.000
   810:        6.000        6.000        6.000        6.000        6.000
   815:        6.000        6.000        6.000        6.000        6.000
   820:        6.000        6.000        6.000        6.000        6.000
   825:        6.000        6.000        6.000        6.000        6.000
   830:        6.000        6.000        6.000        6.000        6.000
   835:        6.000        6.000        6.000        6.000        6.000
   840:        6.000        6.000        6.000        6.000        6.000
   845:        6.000        6.000        6.000        6.000        6.000
   850:        6.000        6.000        6.000        6.000        6.000
   855:        6.000        6.000        6.000        6.000        6.000
   860:        6.000        6.000        6.000        6.000        6.000
   865:        6.000        6.000        6.000        6.000        6.000
   870:        6.000        6.000        6.000        6.000        6.000
   875:        6.000        6.000        6.000        6.000        6.000
   880:        6.000        6.000        6.000        6.000        6.000
   885:        6.000        6.000        6.000        6.000        6.000
   890:        6.000        6.000        6.000        6.000        6.000
   895:        6.000        6.000        6.000        6.000        6.000
   900:        6.000        6.000        6.000        6.000        6.000
   905:        6.000        6.000        6.000        6.000        6.000
   910:        6.000        6.000        6.000        6.000        6.000
   915:        6.000        6.000        6.000        6.000        6.000
   920:        6.000        6.000        6.000        6.000        6.000
   925:        6.000        6.000        6.000        6.000        6.000
   930:        6.000        6.000        6.000        6.000        6.000
   935:        6.000        6.000        6.000        6.000        6.000
   940:        6.000        6.000        6.000        6.000        6.000
   945:        6.000        6.000        6.000        6.000        6.000
   950:        6.000        6.000        6.000        6.000        6.000
   955:        6.000        6.000        6.000        6.000        6.000
   960:        6.000        6.000        6.000        6.000        6.000
   965:        6.000        6.000        6.000        6.000        6.000
   970:        6.000        6.000        6.000        6.000        6.000
   975:        6.000        6.000        6.000        6.000        6.000
   980:        6.000        6.000        6.000        6.000        6.000
   985:        6.000        6.000        6.000        6.000        6.000
   990:        6.000        6.000        6.000        6.000        6.000
   995:        6.000        6.000        6.000        6.000        6.000
  1000:        6.000        6.000        6.000        6.000        6.000
  1005:        6.000        6.000        6.000        6.000        6.000
  1010:        6.000        6.000        6.000        6.000        6.000
  1015:        6.000        6.000        6.000        6.000        6.000
  1020:        6.000        6.000        6.000        6.000        6.000
  1025:        6.000        6.000        6.000        6.000        6.000
  1030:        6.000        6.000        6.000        6.000        6.000
  1035:        6.000        6.000        6.000        6.000        6.000
  1040:        6.000        6.000        6.000        6.000        6.000
  1045:        6.000       25.000       24.000       12.000       13.000
  1050:        8.000        5.000       17.000       18.000       14.000
  1055:       10.000        6.000       19.000       11.000        6.000
  1060:        6.000        6.000        6.000        6.000        6.000
  1065:        6.000        6.000        6.000        6.000        6.000
  1070:        6.000        6.000        6.000        6.000        6.000
  1075:        6.000        6.000        6.000        6.000        6.000
  1080:        6.000        6.000        6.000        6.000        6.000
  1085:        6.000        6.000        6.000        6.000        6.000
  1090:        6.000        6.000        6.000        6.000        6.000
  1095:        6.000        6.000        6.000        6.000        6.000
  1100:        6.000        6.000        6.000        6.000        6.000
  1105:        6.000        6.000        6.000        6.000        6.000
  1110:        6.000        6.000        6.000        6.000        6.000
  1115:        6.000        6.000        6.000        6.000        6.000
  1120:        6.000        6.000        6.000        6.000        6.000
  1125:        6.000        6.000        6.000        6.000        6.000
  1130:        6.000        6.000        6.000        6.000        6.000
  1135:        6.000        6.000        6.000        6.000        6.000
  1140:        6.000        6.000        6.000        6.000        6.000
  1145:        6.000        6.000        6.000        6.000        6.000
  1150:        6.000        6.000        6.000        6.000        6.000
  1155:        6.000        6.000        6.000        6.000        6.000
  1160:        6.000        6.000        6.000        6.000        6.000
  1165:        6.000        6.000        6.000        6.000        6.000
  1170:        6.000        6.000        6.000        6.000        6.000
  1175:        6.000        6.000        6.000        6.000        6.000
  1180:        6.000        6.000        6.000        6.000        6.000
  1185:        6.000        6.000        6.000        6.000        6.000
  1190:        6.000        6.000        6.000        6.000        6.000
  1195:        6.000        6.000      100.000
T:
     0:        0.000        0.000        0.000        0.000       24.500
     5:       24.600       25.060       98.990       99.140      146.100
    10:      146.180      197.390      200.490      263.080      279.300
    15:      378.400      384.490      386.330      501.220      561.990
    20:      563.890      564.120      565.420      565.470      578.630
    25:      582.880      583.280      583.650      584.470      585.440
    30:      586.270      586.470      586.570      617.430      712.820
    35:      720.130      820.340      822.770      823.120      826.320
    40:      829.780      899.290      903.650      952.780     1059.470
    45:     1059.770     1067.890     1073.970     1121.600     1128.880
    50:     1146.810     1147.980     1150.600     1154.480     1191.640
    55:     1191.730     1194.780     1324.620     1374.440     1395.270
    60:     1476.580     1595.740     1595.990     1596.150     1596.840
    65:     1746.410     1751.570     1787.670     1787.800     1789.350
    70:     1791.620     1794.720     1817.400     1822.610     1822.690
    75:     1862.280     1863.060     1869.520     2005.600     2006.500
    80:     2006.920     2013.840     2035.880     2101.160     2101.300
    85:     2103.050     2104.540     2116.320     2117.490     2125.130
    90:     2125.760     2147.790     2180.280     2180.480     2181.820
    95:     2216.230     2231.880     2296.050     2298.260     2300.060
   100:     2300.780     2302.660     2302.770     2312.360     2367.040
   105:     2370.930     2399.990     2400.000     2400.000     2400.000
   110:     2400.000     2400.000     2400.000     2404.000     2405.000
   115:     2405.000     2409.990     2410.000     2429.480     2435.170
   120:     2446.400     2446.530     2448.970     2451.900     2476.410
   125:     2551.290     2554.520     2563.780     2595.810     2616.000
   130:     2616.560     2619.650     2620.710     2620.830     2635.470
   135:     2696.630     2696.730     2766.670     2766.920     2768.760
   140:     2802.080     2948.910     2960.480     2960.590     2960.780
   145:     2960.830     2960.990     2962.800     2967.670     2970.000
   150:     2973.470     2973.600     2994.230     2998.600     3015.690
   155:     3015.970     3017.740     3026.560     3026.700     3027.440
   160:     3041.340     3041.420     3119.900     3120.460     3126.570
   165:     3212.040     3245.210     3286.270     3287.860     3288.330
   170:     3288.440     3288.470     3288.810     3289.410     3289.590
   175:     3290.070     3290.080     3290.240     3290.310     3290.370
   180:     3290.490     3304.580     3314.450     3316.420     3316.520
   185:     3316.840     3316.890     3317.010     3317.300     3317.420
   190:     3318.710     3335.290     3335.980     3350.390     3351.090
   195:     3351.180     3356.050     3356.200     3356.410     3366.550
   200:     3367.810     3367.820     3367.850     3368.340     3368.510
   205:     3370.980     3509.440     3509.630     3510.640     3510.900
   210:     3511.120     3511.510     3529.360     3530.430     3530.980
   215:     3539.730     3540.000     3547.710     3548.140     3548.250
   220:     3566.550     3567.620     3568.470     3568.650     3568.800
   225:     3573.920     3580.980     3581.560     3582.520     3603.070
   230:     3603.650     3603.770     3605.320     3618.460     3626.070
   235:     3687.510     3688.190     3689.070     3752.410     3815.880
   240:     3817.540     3820.420     3822.830     3823.800     3826.510
   245:     3827.070     3837.200     3902.450     3902.790     3903.480
   250:     3903.750     3904.010     3907.210     3943.340     3946.390
   255:     3968.120     4036.590     4037.030     4068.570     4088.290
   260:     4104.550     4104.680     4105.000     4127.140     4127.730
   265:     4128.680     4132.960     4136.400     4152.070     4172.770
   270:     4189.860     4190.190     4195.720     4195.980     4209.110
   275:     4218.340     4229.650     4229.780     4231.150     4253.580
   280:     4253.660     4253.980     4254.420     4254.720     4262.330
   285:     4263.370     4263.900     4264.670     4266.360     4266.860
   290:     4286.580     4308.190     4329.680     4330.650     4351.820
   295:     4361.170     4382.990     4383.200     4431.550     4434.310
   300:     4435.020     4456.530     4477.280     4477.580     4483.820
   305:     4484.590     4531.600     4532.260     4538.640     4559.350
   310:     4602.450     4604.640     4606.440     4638.130     4652.910
   315:     4665.660     4667.110     4672.810     4672.930     4673.040
   320:     4694.310     4755.120     4765.430     4765.510     4809.990
   325:     4810.000     4810.000     4810.000     4810.000     4810.000
   330:     4810.000     4812.780     4814.000     4815.000     4815.000
   335:     4819.990     4820.000     4837.190     4846.280     4846.470
   340:     4855.870     4856.000     4884.570     4886.200     4886.200
   345:     4886.200     4886.200     4886.200     4886.200     4886.200
   350:     4890.200     4890.920     4891.200     4891.200     4896.190
   355:     4896.200     4908.510     4919.760     4928.360     4928.640
   360:     4945.930     4970.790     4971.490     4971.670     4980.980
   365:     4981.010     4981.090     4981.170     4981.620     4981.680
   370:     4981.720     4982.180     4982.230     4983.010     4983.090
   375:     4985.240     4986.330     4999.570     5000.700     5006.560
   380:     5006.630     5008.280     5009.330     5035.110     5036.500
   385:     5045.080     5045.400     5045.530     5046.140     5063.490
   390:     5063.600     5063.870     5068.480     5089.750     5093.000
   395:     5094.380     5094.690     5094.820     5097.360     5103.830
   400:     5105.800     5134.800     5142.170     5157.870     5158.640
   405:     5166.720     5176.670     5240.370     5243.160     5250.550
   410:     5278.540     5284.760     5303.350     5303.350     5303.350
   415:     5303.350     5303.350     5303.350     5303.350     5307.350
   420:     5308.350     5308.350     5308.860     5308.860     5308.860
   425:     5308.860     5308.860     5308.860     5309.440     5312.860
   430:     5313.340     5313.350     5313.860     5313.860     5314.800
   435:     5319.350     5319.400     5329.590     5335.710     5338.620
   440:     5344.460     5358.510     5359.750     5367.650     5367.650
   445:     5367.650     5367.650     5367.650     5367.650     5367.650
   450:     5368.430     5368.680     5371.650     5372.650     5372.650
   455:     5377.640     5377.650     5380.240     5380.390     5384.740
   460:     5384.740     5384.740     5384.740     5384.740     5384.740
   465:     5384.740     5385.560     5388.740     5389.740     5389.740
   470:     5392.150     5392.150     5392.150     5392.150     5392.150
   475:     5392.150     5392.890     5394.660     5394.730     5394.740
   480:     5394.810     5396.150     5397.150     5397.150     5400.920
   485:     5423.310     5427.000     5435.440     5435.490     5445.030
   490:     5445.790     5445.820     5448.600     5469.710     5486.660
   495:     5487.720     5496.040     5517.880     5523.660     5523.660
   500:     5523.660     5523.660     5523.660     5523.660     5523.660
   505:     5527.660     5528.660     5528.660     5533.650     5533.660
   510:     5549.360     5554.040     5565.660     5565.660     5565.660
   515:     5565.660     5565.660     5565.660     5565.660     5569.660
   520:     5570.660     5570.660     5572.760     5575.650     5575.660
   525:     5627.380     5627.380     5627.380     5627.380     5627.380
   530:     5627.380     5627.380     5631.380     5632.380     5632.380
   535:     5637.370     5637.380     5642.390     5657.640     5657.640
   540:     5657.640     5657.640     5657.640     5657.640     5657.640
   545:     5661.640     5662.640     5662.640     5664.500     5667.630
   550:     5667.640     5668.260     5668.260     5668.260     5668.260
   555:     5668.260     5668.260     5668.260     5669.530     5672.260
   560:     5673.260     5673.260     5674.240     5678.250     5678.260
   565:     5680.820     5681.390     5692.110     5702.250     5742.110
   570:     5742.110     5742.110     5742.110     5742.110     5742.110
   575:     5742.110     5746.110     5747.110     5747.110     5747.840
   580:     5752.100     5752.110     5755.910     5755.910     5755.910
   585:     5755.910     5755.910     5755.910     5755.910     5759.910
   590:     5760.910     5760.910     5765.900     5765.910     5776.920
   595:     5777.600     5784.550     5795.590     5795.710     5796.440
   600:     5825.500     5849.480     5855.250     5862.860     5871.420
   605:     5872.610     5879.840     5881.950     5894.320     5904.300
   610:     5908.730     5919.810     5927.320     5932.560     5943.290
   615:     5959.110     5962.970     5971.520     5984.370     5988.970
   620:     6002.360     6023.670     6027.160     6027.510     6040.440
   625:     6071.170     6083.030     6089.250     6115.500     6128.580
   630:     6144.000     6157.960     6158.140     6179.980     6183.790
   635:     6198.870     6202.230     6268.570     6283.030     6298.260
   640:     6316.910     6324.350     6327.880     6354.010     6406.460
   645:     6410.220     6449.970     6465.520     6465.980     6469.720
   650:     6472.700     6482.690     6490.460     6502.660     6512.730
   655:     6516.180     6529.840     6543.640     6547.580     6551.380
   660:     6565.930     6574.550     6578.220     6581.920     6603.930
   665:     6628.500     6634.910     6658.300     6682.910     6700.820
   670:     6707.940     6711.150     6714.710     6725.420     6735.540
   675:     6757.830     6768.160     6777.840     6781.340     6785.130
   680:     6804.860     6809.860     6810.030     6824.160     6828.720
   685:     6832.670     6832.950     6845.870     6856.730     6895.670
   690:     6899.520     6903.040     6920.220     6939.290     6940.070
   695:     6955.720     6980.100     6985.280     6989.410     7014.320
   700:     7021.090     7044.550     7062.960     7066.200     7069.590
   705:     7073.300     7077.560     7080.820     7081.000     7084.240
   710:     7094.580     7098.560     7102.440     7133.350     7143.710
   715:     7189.460     7193.530     7219.990     7220.000     7220.000
   720:     7220.000     7220.000     7220.000     7220.000     7224.000
   725:     7225.000     7225.000     7229.990     7230.000     7241.970
   730:     7248.220     7251.600     7254.570     7298.210     7301.690
   735:     7310.390     7313.310     7313.850     7320.670     7320.710
   740:     7323.700     7326.930     7343.360     7346.150     7395.460
   745:     7403.400     7403.430     7403.580     7403.680     7406.950
   750:     7410.360     7473.590     7577.360     7603.720     7607.450
   755:     7645.580     7751.260     7754.380     7757.680     7760.800
   760:     7761.300     7799.950     7800.160     7804.050     7807.290
   765:     7838.350     7841.470     7844.910     7923.380     7923.500
   770:     7927.510     7940.730     7982.220     7985.760     8000.080
   775:     8000.170     8003.290     8006.270     8009.680     8012.720
   780:     8016.350     8023.190     8026.360     8029.200     8034.060
   785:     8037.070     8058.570     8063.210     8099.950     8104.460
   790:     8104.700     8107.830     8111.050     8116.410     8120.050
   795:     8132.880     8141.580     8141.950     8142.600     8152.050
   800:     8155.480     8158.470     8172.860     8175.620     8186.700
   805:     8202.900     8211.010     8214.790     8215.220     8218.070
   810:     8221.420     8227.660     8241.920     8253.050     8259.670
   815:     8290.350     8298.420     8306.330     8323.560     8324.150
   820:     8327.560     8332.050     8359.580     8362.840     8365.820
   825:     8366.210     8377.340     8380.470     8386.930     8394.110
   830:     8405.740     8409.300     8458.360     8465.470     8476.480
   835:     8476.800     8493.280     8503.530     8503.850     8506.960
   840:     8526.010     8528.900     8532.700     8535.820     8541.810
   845:     8545.510     8552.150     8579.510     8582.730     8599.820
   850:     8600.160     8610.600     8613.790     8613.870     8616.990
   855:     8617.820     8624.710     8646.240     8650.490     8654.090
   860:     8657.190     8657.450     8660.960     8664.070     8671.760
   865:     8674.580     8677.460     8680.530     8697.180     8700.600
   870:     8721.460     8732.210     8732.580     8733.160     8736.390
   875:     8736.700     8776.980     8780.050     8780.280     8780.350
   880:     8783.440     8788.960     8792.050     8803.910     8811.290
   885:     8814.180     8820.400     8823.630     8827.300     8830.020
   890:     8830.280     8845.850     8846.090     8849.360     8852.390
   895:     8852.660     8860.040     8860.350     8863.560     8866.720
   900:     8869.860     8880.820     8885.100     8896.910     8900.300
   905:     8900.440     8903.520     8903.780     8907.010     8907.290
   910:     8927.660     8927.950     8931.460     8931.480     8934.320
   915:     8937.570     8941.290     8958.570     8962.000     8962.190
   920:     8965.270     8968.840     8980.920     8983.850     8987.380
   925:     9004.090     9007.080     9007.450     9014.530     9018.720
   930:     9018.920     9035.780     9039.130     9042.530     9045.710
   935:     9045.760     9070.610     9070.880     9091.300     9091.510
   940:     9094.610     9094.810     9098.220     9098.460     9119.880
   945:     9123.130     9123.400     9168.670     9171.990     9172.290
   950:     9175.990     9176.180     9179.150     9182.410     9182.560
   955:     9193.010     9193.240     9196.180     9199.680     9199.910
   960:     9210.250     9214.360     9214.630     9217.400     9220.850
   965:     9225.330     9229.130     9230.030     9233.640     9234.110
   970:     9245.850     9246.140     9249.130     9255.710     9256.060
   975:     9271.190     9274.050     9274.560     9283.840     9284.220
   980:     9287.380     9290.360     9294.490     9305.760     9308.640
   985:     9308.900     9312.730     9319.240     9322.510     9329.010
   990:     9332.550     9335.750     9340.370     9344.050     9344.290
   995:     9356.000     9356.180     9360.220     9362.990     9363.180
  1000:     9370.570     9382.430     9385.420     9392.720     9397.330
  1005:     9400.390     9400.510     9412.990     9413.110     9416.890
  1010:     9417.220     9433.610     9451.720     9455.460     9457.560
  1015:     9469.710     9472.820     9473.190     9476.830     9484.040
  1020:     9484.250     9505.860     9505.980     9513.070     9513.170
  1025:     9516.850     9521.140     9541.490     9545.140     9545.250
  1030:     9545.480     9548.710     9549.030     9552.030     9583.390
  1035:     9586.880     9587.040     9590.560     9598.300     9610.120
  1040:     9613.100     9613.220     9621.040     9628.780     9628.930
  1045:     9629.080     9629.990     9630.000     9630.000     9630.000
  1050:     9630.000     9630.000     9630.000     9634.000     9635.000
  1055:     9635.000     9637.890     9639.990     9640.000     9641.060
  1060:     9644.550     9664.240     9671.660     9675.090     9678.310
  1065:     9869.160     9869.440     9873.320     9877.430     9877.840
  1070:     9877.960     9913.280     9913.460     9936.590     9936.720
  1075:     9976.440    10021.730    10021.910    10021.950    10025.650
  1080:    10025.840    10049.740    10049.900    10053.890    10057.600
  1085:    10061.070    10072.560    10077.000    10077.320    10080.510
  1090:    10084.290    10150.050    10153.940    10157.610    10158.040
  1095:    10197.350    10197.680    10201.210    10204.880    10260.100
  1100:    10260.270    10264.210    10268.000    10268.090    10272.140
  1105:    10317.150    10317.740    10317.820    10321.060    10321.300
  1110:    10324.600    10324.700    10324.890    10350.310    10350.380
  1115:    10350.550    10354.130    10357.340    10360.400    10403.300
  1120:    10403.660    10407.920    10408.430    10411.440    10414.950
  1125:    10415.150    10421.250    10444.540    10465.970    10512.700
  1130:    10512.820    10517.100    10517.300    10520.480    10520.710
  1135:    10523.870    10524.100    10524.320    10535.180    10535.460
  1140:    10538.420    10538.490    10541.770    10541.920    10542.020
  1145:    10550.290    10558.500    10558.820    10567.010    10574.650
  1150:    10574.830    10581.800    10581.910    10582.010    10585.200
  1155:    10589.570    10593.780    10600.940    10650.160    10650.340
  1160:    10653.710    10653.950    10657.860    10661.750    10679.140
  1165:    10679.470    10682.520    10682.700    10682.770    10687.280
  1170:    10690.730    10690.860    10690.990    10694.580    10694.910
  1175:    10697.400    10700.550    10708.370    10711.680    10725.820
  1180:    10726.150    10726.610    10726.690    10733.160    10749.030
  1185:    10752.750    10752.940    10760.710    10763.900    10774.910
  1190:    10781.650    10786.400    10786.700    10791.190    10791.370
  1195:    10794.510    10794.730    10800.010
