File: C:\MED-PC IV\DATA\!2025-05-30_12h53m.Subject T8



Start Date: 05/30/25
End Date: 05/30/25
Subject: T8
Experiment: OralFentSA
Group: One
Box: 2
Start Time: 12:53:08
End Time: 15:53:22
MSN: Golden_Liq_SelfAdmin
F:       0.000
G:     923.000
H:   10800.010
I:       0.000
J:       0.000
K:       0.000
L:       0.000
M:       0.000
N:       0.000
O:       0.000
P:       0.000
Q:       0.000
R:       0.000
S:       0.000
U:       0.000
V:       0.000
W:       0.000
X:       0.000
Y:       0.000
Z:       0.000
A:
     0:        0.000        0.000      180.000        4.000        0.000
     5:        5.000        0.000        5.000        0.000        0.000
    10:        1.000        0.000       10.000  3000000.000       21.000
    15:       14.000      640.000        0.000        0.000        0.000
    20:        0.000
B:
     0:        0.000        0.000        0.000      400.000        0.000
     5:      500.000        0.000      500.000        0.000        0.000
    10:        0.000        0.000     1000.000 300000000.00        0.000
    15:        0.000        0.000        0.000        0.000        0.000
    20:        0.000
C:
     0:       31.000       32.000        0.000       40.000      452.000
     5:    10459.350       20.520       28.000      305.530       10.912
    10:       40.000       15.000        0.000        0.000        0.000
    15:        0.000        0.000        0.000        0.000        0.000
    20:        0.000
D:
     0:       33.750       26.730        6.120        0.930        3.590
     5:        9.440        9.570        6.710        5.790        6.530
    10:       14.780        1.220        5.010       56.830        1.770
    15:        3.320       39.810        1.240        7.410        0.960
    20:       15.810        3.270        7.440        4.700        1.980
    25:        2.310        7.990       20.520
E:
     0:       19.000       11.000       26.000       27.000        6.000
     5:        6.000        6.000        6.000        6.000        2.000
    10:        4.000       22.000       24.000       12.000       13.000
    15:        8.000        5.000       17.000       18.000       14.000
    20:       10.000       19.000       11.000        6.000        6.000
    25:        6.000        6.000        6.000        6.000        6.000
    30:        6.000        6.000        2.000        4.000       22.000
    35:       24.000       12.000       13.000        8.000        5.000
    40:       17.000       18.000       14.000       10.000       19.000
    45:       11.000       23.000        6.000        6.000        2.000
    50:        4.000       22.000       24.000       12.000       13.000
    55:        8.000        5.000       17.000       18.000       14.000
    60:       10.000        6.000       19.000       11.000        6.000
    65:        6.000        6.000        6.000        6.000        6.000
    70:        6.000        6.000        6.000        6.000        6.000
    75:        6.000        6.000        6.000        6.000        6.000
    80:        6.000        6.000        6.000        6.000        6.000
    85:        6.000        6.000        6.000       23.000       23.000
    90:        2.000        4.000       22.000       24.000       12.000
    95:       13.000        8.000        5.000       17.000        6.000
   100:        6.000        6.000        6.000       18.000        6.000
   105:       14.000       10.000        6.000        6.000        6.000
   110:        6.000        6.000        6.000        6.000        6.000
   115:       19.000       11.000        6.000        6.000        6.000
   120:        6.000        6.000        6.000        6.000        6.000
   125:        6.000        6.000        6.000        6.000        6.000
   130:        6.000        6.000        6.000        6.000        6.000
   135:        6.000        6.000        6.000        6.000        6.000
   140:        2.000        4.000       22.000       24.000       12.000
   145:       13.000        8.000        5.000       17.000        6.000
   150:       18.000        6.000       14.000       10.000       19.000
   155:       11.000        6.000        6.000        6.000        6.000
   160:        6.000        6.000        6.000        6.000        6.000
   165:        6.000        6.000        6.000        6.000        6.000
   170:        6.000        6.000        6.000        6.000        6.000
   175:        6.000        6.000        6.000        6.000        6.000
   180:        6.000        6.000        6.000        6.000        6.000
   185:        6.000        6.000        6.000        6.000        6.000
   190:        6.000        6.000        6.000        6.000       23.000
   195:        6.000        6.000        6.000        6.000        6.000
   200:        6.000        6.000        6.000        6.000        6.000
   205:        6.000        6.000        6.000        6.000        6.000
   210:        6.000        6.000        6.000        6.000        6.000
   215:        6.000        6.000        6.000        6.000        6.000
   220:        6.000        6.000        6.000        6.000        6.000
   225:        6.000        6.000        6.000        6.000        6.000
   230:        6.000        6.000        6.000        6.000        6.000
   235:        6.000        6.000        6.000        6.000        6.000
   240:        6.000       23.000        6.000        6.000        2.000
   245:        4.000       22.000       24.000       12.000       13.000
   250:        8.000        5.000       17.000       18.000       14.000
   255:       10.000        6.000       19.000       11.000        6.000
   260:        6.000        6.000        6.000        6.000        6.000
   265:        6.000        6.000        6.000        6.000        2.000
   270:        4.000       22.000       24.000       12.000       13.000
   275:        8.000        5.000       17.000       18.000       14.000
   280:       10.000        6.000       19.000       11.000        6.000
   285:        6.000        6.000       23.000        6.000        6.000
   290:        6.000        6.000        6.000        6.000        6.000
   295:        6.000        6.000        6.000        6.000        6.000
   300:        6.000        6.000        6.000        6.000        6.000
   305:        6.000        6.000        6.000        6.000        6.000
   310:        2.000        4.000       22.000       24.000       12.000
   315:       13.000        8.000        5.000       17.000       21.000
   320:       22.000       18.000       14.000       10.000        6.000
   325:        6.000       19.000       11.000        6.000        6.000
   330:       23.000       23.000       23.000       23.000       23.000
   335:       23.000       23.000        6.000        2.000        4.000
   340:       22.000       24.000       12.000       13.000        8.000
   345:        5.000       17.000       21.000       22.000       21.000
   350:       22.000       18.000       14.000       10.000        6.000
   355:        6.000       19.000       11.000        6.000        6.000
   360:        6.000        6.000        2.000        4.000       22.000
   365:       24.000       12.000       13.000        8.000        5.000
   370:       17.000       18.000       14.000       10.000        6.000
   375:       19.000       11.000        6.000        6.000        6.000
   380:        6.000        6.000        6.000        6.000        6.000
   385:        6.000        6.000        6.000        6.000        6.000
   390:        6.000        6.000        6.000        6.000        6.000
   395:        6.000        6.000        6.000        6.000        6.000
   400:        6.000        6.000        6.000        6.000        2.000
   405:        4.000       22.000       24.000       12.000       13.000
   410:        8.000        5.000       17.000       18.000       14.000
   415:       10.000       19.000       11.000        6.000        6.000
   420:        6.000        6.000        6.000        6.000        6.000
   425:        6.000        6.000        6.000        6.000        6.000
   430:        6.000        6.000        6.000        6.000        6.000
   435:        6.000        6.000        6.000        6.000        6.000
   440:        6.000        6.000        6.000        6.000        6.000
   445:        6.000        6.000        6.000        6.000        6.000
   450:        6.000        6.000        6.000        6.000        6.000
   455:        6.000        6.000        6.000        6.000        6.000
   460:        6.000        6.000        6.000        6.000       23.000
   465:        6.000        6.000        6.000        6.000        6.000
   470:        6.000        6.000        6.000        6.000        6.000
   475:        6.000        6.000        6.000        6.000        6.000
   480:        6.000        6.000        6.000        6.000        6.000
   485:        6.000        6.000        6.000        6.000        6.000
   490:        6.000        6.000        6.000        6.000        6.000
   495:        6.000        6.000        6.000        6.000        6.000
   500:        6.000        6.000        6.000        6.000        6.000
   505:        6.000        6.000        6.000        6.000        6.000
   510:        6.000        6.000        6.000        6.000        6.000
   515:        6.000        6.000        6.000        6.000        6.000
   520:        6.000        6.000        6.000        6.000        6.000
   525:        6.000        6.000        2.000        4.000       22.000
   530:       24.000       12.000       13.000        8.000        5.000
   535:       17.000        6.000       18.000       14.000       10.000
   540:        6.000        6.000       19.000       11.000       23.000
   545:        6.000        6.000        2.000        4.000       22.000
   550:       24.000       12.000       13.000        8.000        5.000
   555:       17.000       18.000       14.000       10.000        6.000
   560:       19.000       11.000        6.000        6.000        6.000
   565:        2.000        4.000       22.000       24.000       12.000
   570:       13.000        8.000        5.000       17.000       18.000
   575:       14.000       10.000       19.000       11.000        6.000
   580:        6.000        6.000        2.000        4.000       22.000
   585:       24.000       12.000       13.000        8.000        5.000
   590:       17.000        6.000       18.000       14.000       10.000
   595:       19.000       11.000        6.000        6.000        2.000
   600:        4.000       22.000       24.000       12.000       13.000
   605:        8.000        5.000       17.000        6.000        6.000
   610:       18.000       14.000       10.000        6.000       19.000
   615:       11.000        6.000        6.000        6.000        2.000
   620:        4.000       22.000       24.000       12.000       13.000
   625:        8.000        5.000       17.000       18.000       14.000
   630:       10.000       19.000       11.000        6.000        6.000
   635:        6.000        6.000        2.000        4.000       22.000
   640:       24.000       12.000       13.000        8.000        5.000
   645:       17.000        6.000       18.000       14.000       10.000
   650:        6.000       19.000       11.000        6.000        6.000
   655:        6.000        6.000        2.000        4.000       22.000
   660:       24.000       12.000       13.000        8.000        5.000
   665:       17.000       18.000       14.000       10.000        6.000
   670:       19.000       11.000        2.000        4.000       22.000
   675:       24.000       12.000       13.000        8.000        5.000
   680:       17.000        6.000        6.000        6.000       18.000
   685:       14.000       10.000        6.000        6.000        6.000
   690:        6.000        6.000        6.000        6.000        6.000
   695:        6.000       19.000       11.000        6.000        6.000
   700:        6.000        6.000        6.000        2.000        4.000
   705:       22.000       24.000       12.000       13.000        8.000
   710:        5.000       17.000       18.000       14.000       10.000
   715:       19.000       11.000        6.000        2.000        4.000
   720:       22.000       24.000       12.000       13.000        8.000
   725:        5.000       17.000       21.000       22.000       21.000
   730:       22.000       21.000       22.000        6.000       18.000
   735:       14.000       10.000       19.000       11.000        6.000
   740:        6.000        6.000        6.000        2.000        4.000
   745:       22.000       24.000       12.000       13.000        8.000
   750:        5.000       17.000       18.000       14.000       10.000
   755:        6.000        6.000       19.000       11.000        2.000
   760:        4.000       22.000       24.000       12.000       13.000
   765:        8.000        5.000       17.000       18.000        6.000
   770:        6.000       14.000       10.000       19.000       11.000
   775:        6.000        2.000        4.000       22.000       24.000
   780:       12.000       13.000        8.000        5.000       17.000
   785:       21.000       22.000        6.000        6.000       18.000
   790:       14.000       10.000       21.000       22.000        6.000
   795:       19.000       11.000        6.000        6.000        6.000
   800:        6.000        2.000        4.000       22.000       24.000
   805:       12.000       13.000        8.000        5.000       17.000
   810:       18.000       14.000       10.000       19.000       11.000
   815:        2.000        4.000       22.000       24.000       12.000
   820:       13.000        8.000        5.000       17.000       18.000
   825:       14.000       10.000       19.000       11.000        2.000
   830:        4.000       22.000       24.000       12.000       13.000
   835:        8.000        5.000       17.000        6.000       18.000
   840:       14.000       10.000       21.000       22.000       19.000
   845:       11.000        2.000        4.000       22.000       24.000
   850:       12.000       13.000        8.000        5.000       17.000
   855:       18.000       14.000       10.000        6.000       19.000
   860:       11.000        6.000        2.000        4.000       22.000
   865:       24.000       12.000       13.000        8.000        5.000
   870:       17.000       18.000       14.000       10.000       19.000
   875:       11.000        2.000        4.000       22.000       24.000
   880:       12.000       13.000        8.000        5.000       17.000
   885:       18.000       14.000       10.000       19.000       11.000
   890:        6.000        6.000        6.000        6.000        6.000
   895:        6.000        6.000        6.000        6.000        6.000
   900:        6.000        6.000        6.000        6.000        6.000
   905:        6.000        6.000        6.000        6.000        6.000
   910:        6.000        6.000        6.000        6.000        6.000
   915:        6.000        6.000        6.000        6.000        6.000
   920:        6.000        6.000        6.000      100.000
T:
     0:        0.000        0.000        0.000        0.000        2.800
     5:      120.690      123.500      125.180      209.020      233.070
    10:      233.070      233.070      233.080      233.080      233.080
    15:      233.080      233.080      233.080      237.080      238.080
    20:      238.080      243.070      243.080      266.830      269.830
    25:      270.390      272.060      351.880      364.760      365.470
    30:      370.580      371.620      519.660      519.660      519.660
    35:      519.670      519.670      519.670      519.670      519.670
    40:      519.670      523.670      524.670      524.670      529.660
    45:      529.670      530.020      546.400      620.580      622.310
    50:      622.310      622.310      622.320      622.320      622.320
    55:      622.320      622.320      622.320      626.320      627.320
    60:      627.320      628.440      632.310      632.320      633.370
    65:      634.060      635.160      636.750      636.830      637.280
    70:      637.660      640.070      640.700      645.190      645.520
    75:      649.280      672.060      672.280      712.460     1069.440
    80:     1071.340     1074.860     1137.380     1137.820     1146.550
    85:     1146.640     1147.060     1151.710     1170.480     1171.440
    90:     1182.790     1182.790     1182.790     1182.800     1182.800
    95:     1182.800     1182.800     1182.800     1182.800     1183.730
   100:     1185.130     1186.380     1186.740     1186.800     1187.740
   105:     1187.800     1187.800     1187.800     1187.870     1189.980
   110:     1190.260     1190.780     1192.130     1192.160     1192.190
   115:     1192.790     1192.800     1198.770     1200.530     1205.810
   120:     1206.700     1232.020     1232.200     1236.010     1236.170
   125:     1236.200     1236.250     1237.460     1239.710     1239.990
   130:     1240.260     1240.560     1243.860     1246.180     1246.740
   135:     1247.060     1568.090     1662.630     1662.770     1663.490
   140:     1744.600     1744.600     1744.600     1744.610     1744.610
   145:     1744.610     1744.610     1744.610     1744.610     1748.200
   150:     1748.610     1749.320     1749.610     1749.610     1754.600
   155:     1754.610     1756.000     1756.270     1878.180     1878.370
   160:     2092.560     2141.900     2332.200     2333.930     2356.920
   165:     2358.580     2359.290     2360.550     2366.860     2369.560
   170:     2369.670     2369.940     2371.130     2372.020     2372.240
   175:     2373.960     2376.650     2376.990     2383.660     2386.130
   180:     2423.320     2703.320     2703.550     2709.320     2709.650
   185:     2710.560     2724.120     2724.930     2726.520     2739.570
   190:     2741.490     2745.110     2745.380     2820.050     3102.670
   195:     3114.040     3114.960     3155.630     3367.210     3367.770
   200:     3541.040     3563.770     3621.690     3630.750     3654.140
   205:     3694.490     3919.790     3961.980     3964.030     3964.820
   210:     3966.340     4266.470     4513.590     4515.490     4518.140
   215:     4519.610     4520.120     4520.390     4523.470     4525.390
   220:     4525.530     4527.480     4528.660     4530.610     4534.350
   225:     4540.120     4542.630     4542.780     4545.340     4545.910
   230:     4546.000     4546.030     4546.230     4546.420     4547.740
   235:     4549.530     4613.300     4614.020     4615.030     4615.770
   240:     4616.000     4675.260     4687.020     4693.540     4724.320
   245:     4724.320     4724.320     4724.330     4724.330     4724.330
   250:     4724.330     4724.330     4724.330     4728.330     4729.330
   255:     4729.330     4733.770     4734.320     4734.330     4736.710
   260:     4736.860     4739.870     4740.270     4743.490     4744.380
   265:     4744.760     4745.300     4745.630     4762.580     4764.900
   270:     4764.900     4764.900     4764.910     4764.910     4764.910
   275:     4764.910     4764.910     4764.910     4768.910     4769.910
   280:     4769.910     4774.480     4774.900     4774.910     4836.730
   285:     4960.100     4960.350     5003.630     5034.250     5034.470
   290:     5037.790     5167.960     5190.900     5198.340     5198.950
   295:     5200.220     5200.920     5201.120     5251.150     5251.230
   300:     5432.340     5509.170     5535.280     5536.890     5538.260
   305:     5540.370     5543.560     5673.560     5694.170     5713.930
   310:     5716.370     5716.370     5716.370     5716.380     5716.380
   315:     5716.380     5716.380     5716.380     5716.380     5719.670
   320:     5719.670     5720.380     5721.380     5721.380     5723.090
   325:     5725.990     5726.370     5726.380     5729.590     5738.720
   330:     5743.160     5746.150     5747.100     5752.750     5754.670
   335:     5755.220     5756.740     5759.610     5780.710     5780.710
   340:     5780.710     5780.720     5780.720     5780.720     5780.720
   345:     5780.720     5780.720     5782.740     5782.740     5784.220
   350:     5784.220     5784.720     5785.720     5785.720     5786.510
   355:     5789.160     5790.710     5790.720     5793.970     5794.150
   360:     5797.020     5797.950     5827.750     5827.750     5827.750
   365:     5827.760     5827.760     5827.760     5827.760     5827.760
   370:     5827.760     5831.760     5832.760     5832.760     5834.290
   375:     5837.750     5837.760     5936.120     5969.460     5969.820
   380:     5971.990     5975.570     5975.650     5977.930     5981.430
   385:     5982.770     5998.110     6000.450     6000.870     6002.260
   390:     6007.920     6011.410     6266.390     6427.090     6445.840
   395:     6721.270     6773.650     6773.910     6775.470     6777.310
   400:     6880.050     6949.830     6956.870     6958.350     6961.590
   405:     6961.590     6961.590     6961.600     6961.600     6961.600
   410:     6961.600     6961.600     6961.600     6965.600     6966.600
   415:     6966.600     6971.590     6971.600     6976.380     7020.590
   420:     7022.870     7032.910     7036.600     7036.740     7036.960
   425:     7037.080     7038.870     7038.970     7041.380     7052.500
   430:     7052.590     7057.610     7057.870     7059.780     7060.730
   435:     7065.910     7076.870     7077.010     7084.430     7085.050
   440:     7092.580     7097.210     7100.100     7102.310     7143.110
   445:     7184.820     7190.330     7190.710     7249.600     7252.270
   450:     7252.450     7254.230     7255.470     7257.010     7257.740
   455:     7258.580     7264.440     7305.690     7324.890     7327.930
   460:     7329.830     7414.120     7451.780     7452.540     7640.830
   465:     7650.020     7804.790     7834.280     7836.210     7903.150
   470:     7903.380     7904.260     7905.680     7952.510     7962.170
   475:     7976.150     7976.700     8125.840     8127.540     8129.260
   480:     8129.390     8144.020     8144.550     8145.190     8155.450
   485:     8156.120     8156.430     8156.670     8157.370     8157.620
   490:     8157.690     8159.550     8161.870     8164.540     8165.460
   495:     8166.490     8166.790     8168.560     8169.530     8241.550
   500:     8242.800     8243.590     8243.680     8243.940     8244.240
   505:     8245.070     8252.480     8253.480     8253.650     8254.980
   510:     8278.230     8279.470     8279.800     8283.610     8293.510
   515:     8301.340     8314.750     8315.210     8329.780     8330.340
   520:     8330.930     8374.860     8429.730     8430.240     8445.020
   525:     8445.150     8450.910     8458.300     8458.300     8458.300
   530:     8458.310     8458.310     8458.310     8458.310     8458.310
   535:     8458.310     8459.530     8462.310     8463.310     8463.310
   540:     8464.240     8466.160     8468.300     8468.310     8469.100
   545:     8495.900     8516.730     8564.250     8564.250     8564.250
   550:     8564.260     8564.260     8564.260     8564.260     8564.260
   555:     8564.260     8568.260     8569.260     8569.260     8569.270
   560:     8574.250     8574.260     8725.900     8773.090     8798.080
   565:     8802.130     8802.130     8802.130     8802.140     8802.140
   570:     8802.140     8802.140     8802.140     8802.140     8806.140
   575:     8807.140     8807.140     8812.130     8812.140     8858.970
   580:     9059.940     9061.930     9087.110     9087.110     9087.110
   585:     9087.120     9087.120     9087.120     9087.120     9087.120
   590:     9087.120     9088.890     9091.120     9092.120     9092.120
   595:     9097.110     9097.120     9103.010     9143.690     9145.590
   600:     9145.590     9145.590     9145.600     9145.600     9145.600
   605:     9145.600     9145.600     9145.600     9148.920     9148.980
   610:     9149.600     9150.600     9150.600     9152.670     9155.590
   615:     9155.600     9167.780     9190.480     9190.880     9222.120
   620:     9222.120     9222.120     9222.130     9222.130     9222.130
   625:     9222.130     9222.130     9222.130     9226.130     9227.130
   630:     9227.130     9232.120     9232.130     9261.940     9262.140
   635:     9269.330     9278.580     9286.650     9286.650     9286.650
   640:     9286.660     9286.660     9286.660     9286.660     9286.660
   645:     9286.660     9287.900     9290.660     9291.660     9291.660
   650:     9292.700     9296.650     9296.660     9300.590     9306.820
   655:     9322.480     9330.050     9349.810     9349.810     9349.810
   660:     9349.820     9349.820     9349.820     9349.820     9349.820
   665:     9349.820     9353.820     9354.820     9354.820     9357.230
   670:     9359.810     9359.820     9367.410     9367.410     9367.410
   675:     9367.420     9367.420     9367.420     9367.420     9367.420
   680:     9367.420     9368.380     9370.850     9370.980     9371.420
   685:     9372.420     9372.420     9373.100     9373.110     9373.150
   690:     9373.340     9373.610     9373.880     9375.310     9375.980
   695:     9377.170     9377.410     9377.420     9377.830     9378.090
   700:     9378.510     9378.670     9379.010     9396.340     9396.340
   705:     9396.340     9396.350     9396.350     9396.350     9396.350
   710:     9396.350     9396.350     9400.350     9401.350     9401.350
   715:     9406.340     9406.350     9412.160     9427.260     9427.260
   720:     9427.260     9427.270     9427.270     9427.270     9427.270
   725:     9427.270     9427.270     9428.450     9428.450     9428.950
   730:     9428.950     9429.320     9429.320     9430.540     9431.270
   735:     9432.270     9432.270     9437.260     9437.270     9440.590
   740:     9441.670     9457.730     9571.330     9615.550     9615.550
   745:     9615.550     9615.560     9615.560     9615.560     9615.560
   750:     9615.560     9615.560     9619.560     9620.560     9620.560
   755:     9623.000     9623.710     9625.550     9625.560     9635.040
   760:     9635.040     9635.040     9635.050     9635.050     9635.050
   765:     9635.050     9635.050     9635.050     9639.050     9639.750
   770:     9639.790     9640.050     9640.050     9645.040     9645.050
   775:     9652.990     9715.320     9715.320     9715.320     9715.330
   780:     9715.330     9715.330     9715.330     9715.330     9715.330
   785:     9715.980     9715.980     9717.310     9717.590     9719.330
   790:     9720.330     9720.330     9721.740     9721.740     9725.190
   795:     9725.320     9725.330     9730.430     9746.290     9830.030
   800:     9833.920    10213.320    10213.320    10213.320    10213.330
   805:    10213.330    10213.330    10213.330    10213.330    10213.330
   810:    10217.330    10218.330    10218.330    10223.320    10223.330
   815:    10236.510    10236.510    10236.510    10236.520    10236.520
   820:    10236.520    10236.520    10236.520    10236.520    10240.520
   825:    10241.520    10241.520    10246.510    10246.520    10247.720
   830:    10247.720    10247.720    10247.730    10247.730    10247.730
   835:    10247.730    10247.730    10247.730    10250.040    10251.730
   840:    10252.730    10252.730    10252.800    10252.800    10257.720
   845:    10257.730    10277.490    10277.490    10277.490    10277.500
   850:    10277.500    10277.500    10277.500    10277.500    10277.500
   855:    10281.500    10282.500    10282.500    10285.490    10287.490
   860:    10287.500    10406.170    10409.630    10409.630    10409.630
   865:    10409.640    10409.640    10409.640    10409.640    10409.640
   870:    10409.640    10413.640    10414.640    10414.640    10419.630
   875:    10419.640    10459.340    10459.340    10459.340    10459.350
   880:    10459.350    10459.350    10459.350    10459.350    10459.350
   885:    10463.350    10464.350    10464.350    10469.340    10469.350
   890:    10479.870    10487.190    10487.260    10487.790    10488.650
   895:    10489.570    10489.680    10490.000    10490.730    10491.080
   900:    10491.210    10494.430    10494.880    10494.900    10495.100
   905:    10495.330    10496.080    10496.210    10497.250    10498.140
   910:    10498.180    10499.850    10503.820    10505.700    10506.410
   915:    10507.800    10508.680    10510.360    10548.940    10552.430
   920:    10666.570    10668.690    10776.620    10800.010
