File: C:\MED-PC IV\DATA\!2025-09-11_09h44m.Subject T15



Start Date: 09/11/25
End Date: 09/11/25
Subject: T15
Experiment: OralFentSA
Group: One
Box: 8
Start Time:  9:44:52
End Time: 12:44:53
MSN: Golden_Liq_SelfAdmin_EXT_LIT
F:       0.000
G:     769.000
H:   10800.010
I:       0.000
J:       0.000
K:       0.000
L:       0.000
M:       0.000
N:       0.000
O:       0.000
P:       0.000
Q:       0.000
R:       0.000
S:       0.000
U:       0.000
V:       0.000
W:       0.000
X:       0.000
Y:       0.000
Z:       0.000
A:
     0:        0.000        0.000      180.000        4.000        0.000
     5:        5.000        0.000        5.000        0.000        0.000
    10:        1.000        0.000       10.000 100000000.00       22.000
    15:       19.000      640.000        0.000        0.000        0.000
    20:        0.000
B:
     0:        0.000        0.000        0.000        0.000        0.000
     5:        0.000        0.000        0.000        0.000        0.000
    10:        0.000        0.000     1000.000 10000000000.        0.000
    15:        0.000        0.000        0.000        0.000        0.000
    20:        0.000
C:
     0:        0.000       81.000        0.000      144.000      219.000
     5:    10768.670        8.720       42.000     2810.890       66.926
    10:      144.000       18.000        0.000        0.000        0.000
    15:        0.000        0.000        0.000        0.000        0.000
    20:        0.000
D:
     0:       38.190       58.890       12.050       11.840       31.740
     5:       19.330        6.050      711.620        3.250      152.960
    10:        0.880       41.840       71.770       10.370        1.910
    15:       78.090        1.060        1.430       41.650       84.160
    20:       83.150      250.360        8.960       11.810        3.000
    25:        3.220        3.070        6.440       96.290       92.330
    30:        4.870       35.660       25.250        6.160      131.270
    35:       48.570        1.930        7.130      393.330       59.500
    40:      150.790        8.720
E:
     0:       19.000       11.000       26.000       27.000        6.000
     5:        2.000        4.000       22.000       24.000       19.000
    10:        2.000        4.000       22.000       24.000       19.000
    15:        6.000        2.000        4.000       22.000       24.000
    20:       19.000        6.000        2.000        4.000       22.000
    25:       24.000       19.000        6.000        2.000        4.000
    30:       22.000       24.000       19.000        2.000        4.000
    35:       22.000       24.000       19.000        6.000        6.000
    40:        6.000        6.000        2.000        4.000       22.000
    45:       24.000       19.000        6.000        6.000        6.000
    50:        6.000        6.000       23.000        6.000        6.000
    55:        6.000        6.000       23.000        2.000        4.000
    60:       22.000       24.000       19.000        6.000        6.000
    65:        6.000        6.000        6.000        6.000        6.000
    70:        6.000        6.000        6.000        6.000        6.000
    75:        6.000        6.000        6.000        6.000        6.000
    80:        2.000        4.000       22.000       24.000       21.000
    85:       22.000       19.000        2.000        4.000       22.000
    90:       24.000       21.000       22.000       21.000       22.000
    95:       19.000        2.000        4.000       22.000       24.000
   100:       21.000       22.000       19.000        2.000        4.000
   105:       22.000       24.000       21.000       22.000        6.000
   110:       19.000        2.000        4.000       22.000       24.000
   115:       21.000       22.000       21.000       22.000       21.000
   120:       22.000       21.000       22.000       21.000       22.000
   125:       19.000        2.000        4.000       22.000       24.000
   130:       21.000       22.000       21.000       22.000       21.000
   135:       22.000       19.000       23.000        6.000        6.000
   140:        2.000        4.000       22.000       24.000        6.000
   145:        6.000        6.000        6.000        6.000       19.000
   150:       23.000        6.000        6.000        6.000        6.000
   155:        6.000        6.000        6.000        6.000        6.000
   160:        6.000        2.000        4.000       22.000       24.000
   165:       21.000       22.000       21.000       22.000       19.000
   170:        6.000        6.000        6.000        6.000        6.000
   175:        6.000        6.000        6.000        6.000        6.000
   180:        6.000        6.000       23.000        6.000        2.000
   185:        4.000       22.000       24.000       19.000       23.000
   190:       23.000       23.000        2.000        4.000       22.000
   195:       24.000        6.000        6.000        6.000       19.000
   200:        6.000        6.000        6.000        6.000        6.000
   205:        2.000        4.000       22.000       24.000       19.000
   210:        2.000        4.000       22.000       24.000       21.000
   215:       22.000       19.000        6.000        2.000        4.000
   220:       22.000       24.000       21.000       22.000       19.000
   225:        2.000        4.000       22.000       24.000       19.000
   230:        6.000        6.000        6.000        6.000       23.000
   235:       23.000        6.000        6.000        6.000        6.000
   240:        2.000        4.000       22.000       24.000       21.000
   245:       22.000       21.000       22.000       21.000       22.000
   250:       21.000       22.000       21.000       22.000       21.000
   255:       22.000       21.000       22.000       21.000       22.000
   260:       21.000       22.000       21.000       22.000       21.000
   265:       22.000       19.000        6.000       23.000        6.000
   270:        6.000        2.000        4.000       22.000       24.000
   275:       21.000       22.000        6.000       21.000       22.000
   280:       21.000       22.000       21.000       22.000       19.000
   285:        6.000        6.000        6.000        2.000        4.000
   290:       22.000       24.000       19.000        2.000        4.000
   295:       22.000       24.000       21.000       22.000       21.000
   300:       22.000       21.000       22.000       19.000        2.000
   305:        4.000       22.000       24.000       21.000       22.000
   310:       21.000       22.000       19.000        6.000        6.000
   315:        6.000        6.000        6.000        6.000        6.000
   320:        6.000        6.000        6.000        6.000        6.000
   325:        6.000        6.000        6.000        6.000        6.000
   330:        6.000       23.000        2.000        4.000       22.000
   335:       24.000        6.000        6.000       19.000        6.000
   340:        6.000        6.000        6.000        6.000        6.000
   345:        2.000        4.000       22.000       24.000        6.000
   350:       21.000       22.000       21.000       22.000       21.000
   355:       22.000       19.000        2.000        4.000       22.000
   360:       24.000       21.000       22.000       21.000       22.000
   365:       21.000       22.000       21.000       22.000       21.000
   370:       22.000       21.000       22.000       19.000        2.000
   375:        4.000       22.000       24.000       21.000       22.000
   380:       19.000        6.000        6.000        2.000        4.000
   385:       22.000       24.000       19.000        6.000        6.000
   390:        6.000        6.000        6.000        6.000        6.000
   395:        6.000        6.000        6.000        6.000        6.000
   400:        2.000        4.000       22.000       24.000       19.000
   405:        6.000        6.000        6.000        6.000        6.000
   410:        6.000        6.000        6.000        2.000        4.000
   415:       22.000       24.000       19.000        2.000        4.000
   420:       22.000       24.000       21.000       22.000       19.000
   425:        6.000        6.000        6.000        6.000        6.000
   430:        6.000        6.000        2.000        4.000       22.000
   435:       24.000       21.000       22.000        6.000        6.000
   440:        6.000       19.000        6.000        6.000        6.000
   445:        6.000        2.000        4.000       22.000       24.000
   450:       19.000        6.000        6.000        6.000        6.000
   455:        6.000       23.000        2.000        4.000       22.000
   460:       24.000        6.000        6.000        6.000       21.000
   465:       22.000       21.000       22.000       19.000        6.000
   470:        6.000        6.000        6.000        6.000        6.000
   475:        6.000        6.000       23.000        6.000        6.000
   480:        6.000        6.000        2.000        4.000       22.000
   485:       24.000       21.000       22.000       21.000       22.000
   490:        6.000       19.000        2.000        4.000       22.000
   495:       24.000        6.000        6.000        6.000        6.000
   500:       19.000        2.000        4.000       22.000       24.000
   505:       19.000        2.000        4.000       22.000       24.000
   510:       19.000        2.000        4.000       22.000       24.000
   515:       19.000        2.000        4.000       22.000       24.000
   520:       21.000       22.000       19.000        2.000        4.000
   525:       22.000       24.000       19.000        2.000        4.000
   530:       22.000       24.000       19.000        2.000        4.000
   535:       22.000       24.000       19.000        2.000        4.000
   540:       22.000       24.000        6.000       19.000        2.000
   545:        4.000       22.000       24.000       19.000        2.000
   550:        4.000       22.000       24.000       19.000        2.000
   555:        4.000       22.000       24.000       19.000        6.000
   560:        6.000        2.000        4.000       22.000       24.000
   565:       19.000        6.000        6.000        2.000        4.000
   570:       22.000       24.000        6.000       19.000        2.000
   575:        4.000       22.000       24.000       19.000        6.000
   580:        6.000        6.000        6.000        6.000        6.000
   585:        2.000        4.000       22.000       24.000       19.000
   590:       23.000        2.000        4.000       22.000       24.000
   595:       21.000       22.000       19.000        2.000        4.000
   600:       22.000       24.000       21.000       22.000       21.000
   605:       22.000       19.000        2.000        4.000       22.000
   610:       24.000       19.000        6.000        6.000        2.000
   615:        4.000       22.000       24.000        6.000       19.000
   620:        6.000        2.000        4.000       22.000       24.000
   625:       19.000       23.000       23.000        2.000        4.000
   630:       22.000       24.000       19.000        6.000        6.000
   635:        6.000        2.000        4.000       22.000       24.000
   640:       19.000        6.000        6.000        6.000        6.000
   645:        2.000        4.000       22.000       24.000        6.000
   650:       19.000        2.000        4.000       22.000       24.000
   655:       19.000        2.000        4.000       22.000       24.000
   660:       19.000        2.000        4.000       22.000       24.000
   665:       21.000       22.000        6.000       19.000        6.000
   670:        2.000        4.000       22.000       24.000       19.000
   675:        6.000        6.000        6.000        2.000        4.000
   680:       22.000       24.000       21.000       22.000       19.000
   685:       23.000        2.000        4.000       22.000       24.000
   690:       21.000       22.000       19.000        2.000        4.000
   695:       22.000       24.000       21.000       22.000       21.000
   700:       22.000       19.000        2.000        4.000       22.000
   705:       24.000       21.000       22.000       21.000       22.000
   710:       19.000        2.000        4.000       22.000       24.000
   715:       19.000        2.000        4.000       22.000       24.000
   720:       19.000        2.000        4.000       22.000       24.000
   725:       19.000        2.000        4.000       22.000       24.000
   730:       19.000        2.000        4.000       22.000       24.000
   735:       19.000        2.000        4.000       22.000       24.000
   740:       19.000        6.000        6.000        2.000        4.000
   745:       22.000       24.000       19.000        2.000        4.000
   750:       22.000       24.000       19.000        6.000        6.000
   755:        6.000        2.000        4.000       22.000       24.000
   760:        6.000        6.000       19.000        6.000        6.000
   765:        6.000        6.000        6.000        6.000      100.000
T:
     0:        0.000        0.000        0.000        0.000       35.860
     5:       57.340       57.340       57.340       57.350       67.340
    10:       76.280       76.280       76.280       76.290       86.280
    15:      114.480      118.200      118.200      118.200      118.210
    20:      128.200      177.100      210.010      210.010      210.010
    25:      210.020      220.010      222.070      261.570      261.570
    30:      261.570      261.580      271.570      302.420      302.420
    35:      302.420      302.430      312.420      314.270      341.750
    40:      342.450      342.620      415.900      415.900      415.900
    45:      415.910      425.900      447.650      448.050      448.310
    50:      449.210      449.300      548.760      554.180      554.350
    55:      554.390      659.500      870.390      951.020      951.020
    60:      951.020      951.030      961.020      970.360      971.530
    65:      972.290      972.950      973.390      973.790      974.720
    70:      977.820      981.140      981.640      982.870      983.490
    75:     1021.620     1022.370     1073.850     1156.640     1156.710
    80:     1160.020     1160.020     1160.020     1160.030     1168.720
    85:     1168.720     1170.020     1170.440     1170.440     1170.440
    90:     1170.450     1172.570     1172.570     1175.330     1175.330
    95:     1180.440     1185.950     1185.950     1185.950     1185.960
   100:     1191.580     1191.580     1195.950     1199.330     1199.330
   105:     1199.330     1199.340     1201.740     1201.740     1205.390
   110:     1209.330     1209.510     1209.510     1209.510     1209.520
   115:     1213.100     1213.100     1215.560     1215.560     1217.480
   120:     1217.480     1217.630     1217.630     1218.820     1218.820
   125:     1219.510     1220.230     1220.230     1220.230     1220.240
   130:     1225.180     1225.180     1226.490     1226.490     1226.710
   135:     1226.710     1230.230     1431.260     1931.860     1933.620
   140:     2022.420     2022.420     2022.420     2022.430     2025.680
   145:     2026.020     2031.070     2031.210     2032.130     2032.420
   150:     2114.810     2378.990     2379.530     2384.460     2384.560
   155:     2391.480     2394.900     2395.010     2395.070     2396.120
   160:     2411.850     2415.110     2415.110     2415.110     2415.120
   165:     2417.240     2417.240     2421.330     2421.330     2425.110
   170:     2568.080     2571.710     2578.660     2612.030     2612.370
   175:     2614.560     2615.070     2615.550     2624.240     2624.750
   180:     2634.060     2688.220     2842.840     2899.520     2902.270
   185:     2902.270     2902.270     2902.280     2912.270     2926.110
   190:     2927.070     2933.730     2983.610     2983.610     2983.610
   195:     2983.620     2984.500     2984.890     2991.770     2993.610
   200:     2997.010     2997.740     3003.080     3003.600     3010.050
   205:     3155.780     3155.780     3155.780     3155.790     3165.780
   210:     3174.080     3174.080     3174.080     3174.090     3181.680
   215:     3181.680     3184.080     3215.930     3276.860     3276.860
   220:     3276.860     3276.870     3280.860     3280.860     3286.860
   225:     3580.240     3580.240     3580.240     3580.250     3590.240
   230:     3652.020     3663.360     3685.860     3689.060     3738.250
   235:     3763.760     3775.310     3830.130     3831.070     3836.710
   240:     3903.040     3903.040     3903.040     3903.050     3904.330
   245:     3904.330     3905.170     3905.170     3908.400     3908.400
   250:     3908.760     3908.760     3908.950     3908.950     3909.130
   255:     3909.130     3910.210     3910.210     3910.270     3910.270
   260:     3911.170     3911.170     3911.640     3911.640     3912.150
   265:     3912.150     3913.040     3913.420     3952.150     3964.740
   270:     3965.490     3968.090     3968.090     3968.090     3968.100
   275:     3968.780     3968.780     3970.010     3975.150     3975.150
   280:     3975.680     3975.680     3976.650     3976.650     3978.090
   285:     3981.220     3981.250     4043.220     4186.000     4186.000
   290:     4186.000     4186.010     4196.000     4277.960     4277.960
   295:     4277.960     4277.970     4282.750     4282.750     4285.440
   300:     4285.440     4286.430     4286.430     4287.960     4288.760
   305:     4288.760     4288.760     4288.770     4289.520     4289.520
   310:     4289.920     4289.920     4298.760     4366.860     4383.060
   315:     4408.160     4409.920     4410.160     4410.730     4412.180
   320:     4412.540     4412.730     4508.010     4508.140     4512.710
   325:     4513.270     4513.390     4513.420     4514.240     4522.330
   330:     4522.690     4713.460     4763.940     4763.940     4763.940
   335:     4763.950     4765.010     4765.200     4773.940     4836.090
   340:     4836.120     4836.290     4839.780     4839.960     5013.160
   345:     5039.100     5039.100     5039.100     5039.110     5040.540
   350:     5043.740     5043.740     5047.520     5047.520     5048.570
   355:     5048.570     5049.100     5049.140     5049.140     5049.140
   360:     5049.150     5049.450     5049.450     5050.020     5050.020
   365:     5053.500     5053.500     5054.080     5054.080     5055.660
   370:     5055.660     5056.570     5056.570     5059.140     5059.820
   375:     5059.820     5059.820     5059.830     5061.420     5061.420
   380:     5069.820     5101.480     5504.310     5518.400     5518.400
   385:     5518.400     5518.410     5528.400     5602.570     5602.640
   390:     5616.900     5621.250     5621.630     5622.250     5627.880
   395:     5627.940     5628.290     5634.120     5641.140     5781.740
   400:     5788.200     5788.200     5788.200     5788.210     5798.200
   405:     5871.360     5871.580     5871.880     5874.460     5888.110
   410:     5888.620     5888.710     5896.920     5927.150     5927.150
   415:     5927.150     5927.160     5937.150     6035.390     6035.390
   420:     6035.390     6035.400     6038.160     6038.160     6045.390
   425:     6285.760     6293.560     6331.930     6342.420     6355.520
   430:     6365.700     6366.840     6410.560     6410.560     6410.560
   435:     6410.570     6416.660     6416.660     6419.530     6419.670
   440:     6420.350     6420.560     6497.520     6497.740     6513.600
   445:     6517.090     6518.350     6518.350     6518.350     6518.360
   450:     6528.350     6530.170     6543.600     6544.960     6545.050
   455:     6545.920     6557.370     6653.450     6653.450     6653.450
   460:     6653.460     6656.460     6656.720     6656.930     6660.550
   465:     6660.550     6662.640     6662.640     6663.450     6663.750
   470:     6663.840     6664.770     6665.020     6665.080     6665.700
   475:     6666.100     6666.160     6923.180     6931.450     6938.660
   480:     6955.190     6955.310     6966.260     6966.260     6966.260
   485:     6966.270     6966.840     6966.840     6968.010     6968.010
   490:     6969.490     6976.260     6978.170     6978.170     6978.170
   495:     6978.180     6981.250     6981.290     6982.940     6983.330
   500:     6988.170     7064.730     7064.730     7064.730     7064.740
   505:     7074.730     7078.130     7078.130     7078.130     7078.140
   510:     7088.130     7088.240     7088.240     7088.240     7088.250
   515:     7098.240     7100.640     7100.640     7100.640     7100.650
   520:     7101.290     7101.290     7110.640     7115.060     7115.060
   525:     7115.060     7115.070     7125.060     7133.160     7133.160
   530:     7133.160     7133.170     7143.160     7144.130     7144.130
   535:     7144.130     7144.140     7154.130     7177.740     7177.740
   540:     7177.740     7177.750     7184.190     7187.740     7288.090
   545:     7288.090     7288.090     7288.100     7298.090     7309.180
   550:     7309.180     7309.180     7309.190     7319.180     7391.410
   555:     7391.410     7391.410     7391.420     7401.410     7487.710
   560:     7502.830     7506.340     7506.340     7506.340     7506.350
   565:     7516.340     7598.680     7869.520     7877.120     7877.120
   570:     7877.120     7877.130     7882.000     7887.120     8017.030
   575:     8017.030     8017.030     8017.040     8027.030     8052.700
   580:     8053.420     8053.830     8053.940     8054.050     8054.540
   585:     8055.640     8055.640     8055.640     8055.650     8065.640
   590:     8342.710     8399.180     8399.180     8399.180     8399.190
   595:     8405.410     8405.410     8409.180     8414.510     8414.510
   600:     8414.510     8414.520     8415.950     8415.950     8420.110
   605:     8420.110     8424.510     8434.680     8434.680     8434.680
   610:     8434.690     8444.680     8459.940     8461.490     8633.590
   615:     8633.590     8633.590     8633.600     8639.760     8643.590
   620:     8695.050     8702.780     8702.780     8702.780     8702.790
   625:     8712.780     8802.290     8805.200     8812.700     8812.700
   630:     8812.700     8812.710     8822.700     8943.980     8947.980
   635:     8948.200     8978.260     8978.260     8978.260     8978.270
   640:     8988.260     9026.840     9029.270     9029.560     9029.860
   645:     9075.390     9075.390     9075.390     9075.400     9077.330
   650:     9085.390     9149.080     9149.080     9149.080     9149.090
   655:     9159.080     9236.010     9236.010     9236.010     9236.020
   660:     9246.010     9300.180     9300.180     9300.180     9300.190
   665:     9301.760     9301.760     9307.320     9310.180     9335.800
   670:     9363.650     9363.650     9363.650     9363.660     9373.650
   675:     9756.990     9758.270     9759.130     9785.380     9785.380
   680:     9785.380     9785.390     9789.890     9789.890     9795.380
   685:     9862.280    10104.400    10104.400    10104.400    10104.410
   690:    10105.350    10105.350    10114.400    10119.400    10119.400
   695:    10119.400    10119.410    10121.220    10121.220    10126.690
   700:    10126.690    10129.400    10175.090    10175.090    10175.090
   705:    10175.100    10182.700    10182.700    10183.960    10183.960
   710:    10185.090    10194.520    10194.520    10194.520    10194.530
   715:    10204.520    10207.580    10207.580    10207.580    10207.590
   720:    10217.580    10229.120    10229.120    10229.120    10229.130
   725:    10239.120    10254.540    10254.540    10254.540    10254.550
   730:    10264.540    10500.530    10500.530    10500.530    10500.540
   735:    10510.530    10519.240    10519.240    10519.240    10519.250
   740:    10529.240    10578.750    10579.120    10582.440    10582.440
   745:    10582.440    10582.450    10592.440    10608.180    10608.180
   750:    10608.180    10608.190    10618.180    10758.980    10760.080
   755:    10762.070    10768.660    10768.660    10768.660    10768.670
   760:    10777.390    10778.590    10778.660    10779.350    10779.420
   765:    10779.740    10780.050    10780.220    10780.570    10800.010
