File: C:\MED-PC IV\DATA\!2025-05-22_09h49m.Subject T1



Start Date: 05/22/25
End Date: 05/22/25
Subject: T1
Experiment: OralFentSA
Group: One
Box: 1
Start Time:  9:49:37
End Time: 12:49:43
MSN: Golden_Liq_SelfAdmin
F:       0.000
G:     857.000
H:   10800.010
I:       0.000
J:       0.000
K:       0.000
L:       0.000
M:       0.000
N:       0.000
O:       0.000
P:       0.000
Q:       0.000
R:       0.000
S:       0.000
U:       0.000
V:       0.000
W:       0.000
X:       0.000
Y:       0.000
Z:       0.000
A:
     0:        0.000        0.000      180.000        4.000        0.000
     5:        5.000        0.000        5.000        0.000        0.000
    10:        1.000        0.000       10.000 3000000000.0       28.000
    15:        8.000      640.000        0.000        0.000        0.000
    20:        0.000
B:
     0:        0.000        0.000        0.000      400.000        0.000
     5:      500.000        0.000      500.000        0.000        0.000
    10:        0.000        0.000     1000.000 300000000000        0.000
    15:        0.000        0.000        0.000        0.000        0.000
    20:        0.000
C:
     0:       21.000       22.000        0.000       32.000      528.000
     5:    10788.900       60.300       16.000      511.630       31.977
    10:       32.000        9.000        0.000        0.000        0.000
    15:        0.000        0.000        0.000        0.000        0.000
    20:        0.000
D:
     0:       17.160        5.120       50.970      180.010        1.500
     5:        3.170       13.770       15.290       61.680        1.510
    10:       28.040       23.190        8.740        1.780       39.400
    15:       60.300
E:
     0:       19.000       11.000       26.000       27.000        6.000
     5:        6.000        6.000        6.000        6.000        6.000
    10:        6.000        6.000        6.000        6.000        6.000
    15:        6.000        6.000        6.000        6.000        6.000
    20:        6.000        6.000        6.000        6.000        6.000
    25:        6.000        6.000        6.000        6.000        6.000
    30:        6.000        6.000        6.000        6.000        6.000
    35:        6.000        6.000        6.000        6.000        6.000
    40:        6.000        6.000        6.000        6.000        6.000
    45:        6.000        6.000        6.000        6.000        6.000
    50:        6.000        2.000        4.000       22.000       24.000
    55:       12.000       13.000        8.000        5.000       17.000
    60:       18.000       14.000       10.000       21.000       22.000
    65:       19.000       11.000        6.000        6.000        6.000
    70:        6.000        6.000        6.000        6.000        6.000
    75:        6.000        6.000        6.000        6.000        6.000
    80:        6.000        6.000        6.000        6.000        6.000
    85:        6.000        6.000        6.000        6.000        6.000
    90:        6.000        6.000        6.000        6.000        6.000
    95:        6.000        6.000        6.000        6.000        6.000
   100:        6.000        6.000        6.000        6.000        6.000
   105:        6.000        6.000        6.000        6.000        6.000
   110:        6.000        6.000        6.000        6.000        6.000
   115:        6.000        6.000        6.000        6.000        6.000
   120:        6.000        6.000        6.000        6.000        6.000
   125:        6.000        6.000        6.000        6.000        6.000
   130:        6.000        6.000        6.000        6.000        6.000
   135:        6.000        6.000        6.000        6.000        6.000
   140:        6.000        6.000        6.000        6.000        6.000
   145:        6.000        6.000        6.000        6.000        6.000
   150:        6.000        6.000        6.000        6.000        6.000
   155:        6.000        6.000        6.000        6.000        6.000
   160:        6.000        6.000        6.000        6.000        6.000
   165:        6.000        6.000        6.000        2.000        4.000
   170:       22.000       24.000       12.000       13.000        8.000
   175:        5.000       17.000       21.000       22.000       18.000
   180:       14.000       10.000        6.000        6.000       19.000
   185:       11.000        6.000        6.000        6.000        6.000
   190:        6.000        6.000        6.000        6.000        6.000
   195:        6.000        6.000        6.000        6.000        6.000
   200:        6.000        6.000        6.000        6.000        6.000
   205:        6.000        6.000        6.000        6.000        6.000
   210:        6.000        6.000        6.000        6.000       23.000
   215:        2.000        4.000       22.000       24.000       12.000
   220:       13.000        8.000        5.000       17.000       18.000
   225:       14.000       10.000       19.000       11.000        6.000
   230:       23.000       23.000        6.000        6.000        2.000
   235:        4.000       22.000       24.000       12.000       13.000
   240:        8.000        5.000       17.000       21.000       22.000
   245:       18.000       14.000       10.000       19.000       11.000
   250:        6.000        6.000        6.000        6.000        6.000
   255:        6.000        6.000        6.000        6.000        6.000
   260:        6.000        6.000        6.000        6.000        6.000
   265:        6.000        6.000        6.000        6.000        6.000
   270:        6.000        6.000        6.000        2.000        4.000
   275:       22.000       24.000       12.000       13.000        8.000
   280:        5.000       17.000        6.000       18.000       14.000
   285:       10.000       19.000       11.000        2.000        4.000
   290:       22.000       24.000       12.000       13.000        8.000
   295:        5.000       17.000        6.000       18.000       21.000
   300:       22.000       14.000       10.000       19.000       11.000
   305:        6.000        2.000        4.000       22.000       24.000
   310:       12.000       13.000        8.000        5.000       17.000
   315:       18.000       14.000       10.000       19.000       11.000
   320:        6.000        2.000        4.000       22.000       24.000
   325:       12.000       13.000        8.000        5.000       17.000
   330:       21.000       22.000       18.000       14.000       10.000
   335:       21.000       22.000       19.000       11.000        2.000
   340:        4.000       22.000       24.000       12.000       13.000
   345:        8.000        5.000       17.000       18.000       14.000
   350:       10.000       19.000       11.000        2.000        4.000
   355:       22.000       24.000       12.000       13.000        8.000
   360:        5.000       17.000       18.000       14.000       10.000
   365:       21.000       22.000       19.000       11.000        6.000
   370:        2.000        4.000       22.000       24.000       12.000
   375:       13.000        8.000        5.000       17.000       18.000
   380:       14.000       10.000       19.000       11.000        6.000
   385:        6.000        6.000        6.000        6.000        6.000
   390:        6.000        6.000        6.000        6.000        6.000
   395:        6.000        6.000        6.000        6.000        6.000
   400:        6.000        6.000        6.000        6.000        6.000
   405:        6.000        6.000        6.000        6.000        6.000
   410:        2.000        4.000       22.000       24.000       12.000
   415:       13.000        8.000        5.000       17.000        6.000
   420:        6.000        6.000       18.000       14.000       10.000
   425:       19.000       11.000        6.000        6.000        6.000
   430:        6.000        6.000        6.000        6.000        6.000
   435:       23.000       23.000        6.000        6.000        2.000
   440:        4.000       22.000       24.000       12.000       13.000
   445:        8.000        5.000       17.000       21.000       22.000
   450:       18.000       14.000       10.000       19.000       11.000
   455:        2.000        4.000       22.000       24.000       12.000
   460:       13.000        8.000        5.000       17.000       21.000
   465:       22.000       18.000       14.000       10.000       19.000
   470:       11.000        6.000        6.000        6.000        2.000
   475:        4.000       22.000       24.000       12.000       13.000
   480:        8.000        5.000       17.000       18.000       14.000
   485:       10.000       19.000       11.000        6.000        6.000
   490:        6.000        6.000        6.000        6.000        6.000
   495:        6.000        6.000        6.000        6.000        6.000
   500:       23.000        6.000        6.000        6.000        6.000
   505:        6.000        6.000        6.000        6.000        6.000
   510:        6.000        6.000        6.000        6.000        6.000
   515:        6.000        6.000        6.000        6.000        6.000
   520:        6.000        6.000        6.000        6.000        6.000
   525:        6.000        6.000        6.000        6.000        6.000
   530:        6.000        6.000        6.000        6.000        6.000
   535:        6.000        6.000        6.000        6.000        6.000
   540:        6.000        6.000        6.000        6.000        6.000
   545:        6.000        6.000        6.000        6.000        6.000
   550:        6.000        6.000        6.000        6.000        6.000
   555:        6.000        6.000        6.000        6.000        6.000
   560:        6.000        6.000        6.000        6.000        6.000
   565:        6.000        6.000        6.000        6.000        6.000
   570:        6.000        6.000        6.000        6.000        6.000
   575:        6.000        6.000        6.000        6.000        6.000
   580:        6.000        6.000        6.000        6.000        6.000
   585:        6.000        6.000        6.000        6.000        6.000
   590:        6.000        6.000        6.000        6.000        6.000
   595:        6.000        6.000        6.000        6.000        6.000
   600:        6.000        6.000        6.000        6.000        6.000
   605:        6.000        6.000        6.000        6.000        6.000
   610:        6.000        6.000        6.000        6.000        6.000
   615:        6.000        6.000        6.000        6.000        6.000
   620:        6.000        6.000        6.000        6.000        6.000
   625:        6.000        6.000        6.000        6.000        6.000
   630:        6.000        6.000        6.000        6.000        6.000
   635:        6.000        6.000        6.000        6.000        6.000
   640:        6.000        6.000        6.000        6.000        6.000
   645:        6.000        6.000        6.000        6.000        6.000
   650:        6.000        6.000        6.000        6.000        6.000
   655:        6.000        6.000        6.000        6.000        6.000
   660:        6.000        6.000        6.000        6.000        6.000
   665:        6.000        6.000        6.000        6.000        6.000
   670:        6.000        6.000        6.000        2.000        4.000
   675:       22.000       24.000       12.000       13.000        8.000
   680:        5.000       17.000       18.000       14.000       10.000
   685:        6.000       19.000       11.000        6.000        6.000
   690:        2.000        4.000       22.000       24.000       12.000
   695:       13.000        8.000        5.000       17.000        6.000
   700:       18.000       14.000       10.000        6.000       19.000
   705:       11.000        6.000        6.000        6.000        6.000
   710:        6.000        6.000        6.000        6.000        6.000
   715:        6.000        6.000        6.000        6.000        6.000
   720:        6.000        6.000        6.000        6.000        6.000
   725:        6.000        6.000       23.000        6.000        6.000
   730:        2.000        4.000       22.000       24.000       12.000
   735:       13.000        8.000        5.000       17.000       18.000
   740:       14.000       10.000       19.000       11.000        6.000
   745:        6.000        6.000        6.000        6.000        6.000
   750:        6.000        6.000        6.000        6.000        6.000
   755:        6.000        6.000        6.000        6.000        6.000
   760:        6.000        6.000        2.000        4.000       22.000
   765:       24.000       12.000       13.000        8.000        5.000
   770:       17.000       21.000       22.000       18.000       14.000
   775:       10.000       21.000       22.000       19.000       11.000
   780:        2.000        4.000       22.000       24.000       12.000
   785:       13.000        8.000        5.000       17.000       18.000
   790:       14.000       10.000       19.000       11.000        6.000
   795:        6.000        6.000        6.000        6.000        6.000
   800:        6.000        6.000        6.000        6.000        6.000
   805:        6.000        6.000        6.000        6.000        6.000
   810:        6.000        6.000        6.000        6.000        6.000
   815:        6.000        6.000        6.000        6.000        6.000
   820:        6.000        6.000        6.000        6.000        6.000
   825:        6.000       23.000       23.000        6.000        6.000
   830:        6.000        6.000        6.000        6.000        6.000
   835:        6.000        6.000        6.000        6.000        6.000
   840:        6.000        6.000        6.000        2.000        4.000
   845:       22.000       24.000       12.000       13.000        8.000
   850:        5.000       17.000       18.000       14.000       10.000
   855:       19.000       11.000      100.000
T:
     0:        0.000        0.000        0.000        0.000       21.170
     5:       32.620       63.650       99.030       99.160       99.780
    10:      100.270      100.600      100.690      100.800      100.910
    15:      101.010      101.100      101.250      101.290      101.510
    20:      101.540      101.750      102.180      102.280      102.660
    25:      102.880      109.790      111.180      115.870      115.920
    30:      167.560      167.720      197.450      198.920      201.490
    35:      241.680      243.640      261.670      267.810      293.570
    40:      302.590      319.980      320.630      320.740      358.890
    45:      361.490      361.530      385.300      394.550      394.710
    50:      402.560      412.270      412.270      412.270      412.280
    55:      412.280      412.280      412.280      412.280      412.280
    60:      416.280      417.280      417.280      419.870      419.870
    65:      422.270      422.280      429.440      456.850      508.660
    70:      544.270      558.690      561.280      561.480      562.680
    75:      566.760      567.670      568.920      570.120      570.340
    80:      570.730      571.010      584.320      595.980      596.500
    85:      597.370      630.000      639.930      640.970      640.990
    90:      641.060      643.430      693.310      790.650      791.070
    95:      793.160      796.920      835.130      835.160      837.510
   100:      867.440      869.490      873.800      874.010      877.920
   105:      878.380      878.560      911.960      912.020      926.880
   110:     1023.300     1052.220     1131.170     1131.230     1155.760
   115:     1173.370     1173.830     1206.660     1207.940     1245.510
   120:     1278.100     1278.260     1326.420     1331.880     1341.700
   125:     1361.480     1385.830     1386.150     1418.120     1622.310
   130:     1862.610     1879.430     1970.870     1971.660     1972.270
   135:     1972.370     1972.460     1972.670     1972.780     1972.890
   140:     1973.080     1973.180     1973.280     1973.490     1973.700
   145:     1973.910     2134.430     2135.220     2316.670     2385.790
   150:     2385.870     2387.020     2387.270     2387.520     2397.720
   155:     2398.770     2398.810     2399.230     2399.430     2414.960
   160:     2416.320     2421.470     2424.560     2429.550     2431.690
   165:     2447.640     2448.470     2460.920     2466.320     2466.320
   170:     2466.320     2466.330     2466.330     2466.330     2466.330
   175:     2466.330     2466.330     2467.480     2467.480     2470.330
   180:     2471.330     2471.330     2471.450     2475.160     2476.320
   185:     2476.330     2498.900     2528.570     2556.420     2707.380
   190:     2707.520     2707.990     2708.640     2709.400     2745.810
   195:     2750.480     2751.870     2752.020     2752.130     2771.800
   200:     2774.010     3083.640     3083.800     3084.130     3085.010
   205:     3118.260     3137.080     3143.770     3148.050     3148.920
   210:     3148.960     3149.260     3149.400     3161.700     3183.310
   215:     3203.520     3203.520     3203.520     3203.530     3203.530
   220:     3203.530     3203.530     3203.530     3203.530     3207.530
   225:     3208.530     3208.530     3213.520     3213.530     3254.500
   230:     3292.190     3292.530     3354.020     3358.480     3361.640
   235:     3361.640     3361.640     3361.650     3361.650     3361.650
   240:     3361.650     3361.650     3361.650     3364.470     3364.470
   245:     3365.650     3366.650     3366.650     3371.640     3371.650
   250:     3541.660     3550.760     3550.920     3621.870     3757.900
   255:     3758.190     3758.630     3759.640     3798.940     3799.600
   260:     3802.820     3815.710     3864.750     3874.420     3894.130
   265:     3903.390     3919.230     3919.310     4004.690     4014.060
   270:     4015.770     4015.830     4015.930     4019.090     4019.090
   275:     4019.090     4019.100     4019.100     4019.100     4019.100
   280:     4019.100     4019.100     4020.600     4023.100     4024.100
   285:     4024.100     4029.090     4029.100     4031.780     4031.780
   290:     4031.780     4031.790     4031.790     4031.790     4031.790
   295:     4031.790     4031.790     4034.960     4035.790     4036.710
   300:     4036.710     4036.790     4036.790     4041.780     4041.790
   305:     4044.680     4051.430     4051.430     4051.430     4051.440
   310:     4051.440     4051.440     4051.440     4051.440     4051.440
   315:     4055.440     4056.440     4056.440     4061.430     4061.440
   320:     4065.210     4068.510     4068.510     4068.510     4068.520
   325:     4068.520     4068.520     4068.520     4068.520     4068.520
   330:     4072.100     4072.100     4072.520     4073.520     4073.520
   335:     4075.960     4075.960     4078.510     4078.520     4094.420
   340:     4094.420     4094.420     4094.430     4094.430     4094.430
   345:     4094.430     4094.430     4094.430     4098.430     4099.430
   350:     4099.430     4104.420     4104.430     4114.540     4114.540
   355:     4114.540     4114.550     4114.550     4114.550     4114.550
   360:     4114.550     4114.550     4118.550     4119.550     4119.550
   365:     4124.180     4124.180     4124.540     4124.550     4129.840
   370:     4161.640     4161.640     4161.640     4161.650     4161.650
   375:     4161.650     4161.650     4161.650     4161.650     4165.650
   380:     4166.650     4166.650     4171.640     4171.650     4223.330
   385:     4259.740     4287.200     4287.810     4289.340     4292.870
   390:     4298.810     4299.770     4299.830     4303.420     4317.320
   395:     4322.490     4333.050     4347.140     4366.680     4438.420
   400:     4440.650     4444.980     4445.170     4448.440     4448.900
   405:     4452.030     4452.100     4452.560     4460.200     4486.630
   410:     4490.580     4490.580     4490.580     4490.590     4490.590
   415:     4490.590     4490.590     4490.590     4490.590     4492.100
   420:     4492.170     4492.730     4494.590     4495.590     4495.590
   425:     4500.580     4500.590     4506.520     4506.600     4506.930
   430:     4507.090     4519.920     4520.560     4520.600     4520.680
   435:     4541.670     4546.060     4576.590     4576.920     4578.350
   440:     4578.350     4578.350     4578.360     4578.360     4578.360
   445:     4578.360     4578.360     4578.360     4579.900     4579.900
   450:     4582.360     4583.360     4583.360     4588.350     4588.360
   455:     4592.540     4592.540     4592.540     4592.550     4592.550
   460:     4592.550     4592.550     4592.550     4592.550     4593.780
   465:     4593.780     4596.550     4597.550     4597.550     4602.540
   470:     4602.550     4620.590     4625.380     4632.320     4636.020
   475:     4636.020     4636.020     4636.030     4636.030     4636.030
   480:     4636.030     4636.030     4636.030     4640.030     4641.030
   485:     4641.030     4646.020     4646.030     4659.220     4659.630
   490:     4693.490     4747.180     4953.530     4954.190     4956.350
   495:     4956.410     4974.210     4980.400     4980.610     4981.980
   500:     4996.830     5006.140     5015.880     5018.680     5022.080
   505:     5023.200     5023.400     5064.770     5088.740     5088.770
   510:     5088.840     5119.030     5126.270     5150.900     5151.120
   515:     5151.520     5151.700     5151.850     5151.890     5151.950
   520:     5152.020     5159.690     5160.870     5167.240     5181.850
   525:     5500.560     5504.180     5506.810     5566.540     5566.610
   530:     5570.190     5570.200     5570.320     5570.430     5570.590
   535:     5570.740     5571.560     5571.600     5571.740     5571.770
   540:     5571.860     5572.450     5572.800     5576.840     5576.960
   545:     5577.800     5577.840     5578.020     5578.060     5581.760
   550:     5581.930     5582.020     5582.300     5582.400     5582.480
   555:     5582.620     5582.910     5583.190     5584.250     5584.420
   560:     5585.660     5585.750     5585.840     5589.110     5594.400
   565:     5595.820     5596.670     5598.340     5601.410     5603.280
   570:     5604.570     5609.570     5610.270     5611.080     5616.580
   575:     5617.860     5629.430     5634.230     5635.400     5642.790
   580:     5643.100     5648.370     5649.080     5649.140     5649.380
   585:     5649.450     5649.980     5657.850     5657.980     5658.080
   590:     5658.450     5659.040     5659.510     5659.550     5662.450
   595:     5664.030     5664.820     5678.400     5678.650     5682.920
   600:     5683.080     5690.480     5690.690     5690.810     5694.000
   605:     5697.210     5700.920     5703.990     5706.870     5760.780
   610:     5768.080     5790.950     5790.990     5796.820     5851.380
   615:     5859.500     5859.890     5860.330     5961.070     6164.160
   620:     6173.280     6228.440     6231.740     6577.930     6653.960
   625:     6720.140     6720.770     6784.930     6931.050     6957.300
   630:     7023.000     7031.690     7211.600     7389.930     7390.780
   635:     7572.450     7572.610     7572.730     7577.770     7585.630
   640:     7607.750     7608.720     7609.350     7609.370     7615.170
   645:     7616.370     7620.290     7620.520     7620.940     7629.500
   650:     7661.220     7678.630     7682.490     7683.790     7684.150
   655:     7687.500     7692.940     7714.140     7748.380     7769.890
   660:     7774.010     7774.450     7782.780     7782.950     7783.130
   665:     7783.940     7784.350     7784.530     7784.640     7785.200
   670:     7814.860     7817.420     7847.730     7911.250     7911.250
   675:     7911.250     7911.260     7911.260     7911.260     7911.260
   680:     7911.260     7911.260     7915.260     7916.260     7916.260
   685:     7920.000     7921.250     7921.260     7925.400     7931.470
   690:     7934.820     7934.820     7934.820     7934.830     7934.830
   695:     7934.830     7934.830     7934.830     7934.830     7936.610
   700:     7938.830     7939.830     7939.830     7942.150     7944.820
   705:     7944.830     7947.190     7948.110     7950.570     7950.700
   710:     7951.220     7951.970     8005.240     8010.150     8028.010
   715:     8048.420     8084.880     8085.040     8085.450     8191.500
   720:     8203.020     8207.750     8210.240     8211.080     8211.370
   725:     8212.310     8212.510     8226.120     8250.380     8257.000
   730:     8259.700     8259.700     8259.700     8259.710     8259.710
   735:     8259.710     8259.710     8259.710     8259.710     8263.710
   740:     8264.710     8264.710     8269.700     8269.710     8299.110
   745:     8306.390     8373.830     8524.640     8542.980     8566.530
   750:     8623.470     8649.960     8848.060     8895.970     8995.660
   755:     8995.840     8999.230     9005.060     9006.710     9010.630
   760:     9010.780     9020.140     9027.350     9027.350     9027.350
   765:     9027.360     9027.360     9027.360     9027.360     9027.360
   770:     9027.360     9029.330     9029.330     9031.360     9032.360
   775:     9032.360     9037.190     9037.190     9037.350     9037.360
   780:     9038.700     9038.700     9038.700     9038.710     9038.710
   785:     9038.710     9038.710     9038.710     9038.710     9042.710
   790:     9043.710     9043.710     9048.700     9048.710     9099.010
   795:     9140.410     9146.200     9156.980     9318.740     9321.850
   800:     9322.240     9375.790     9384.870     9390.810     9392.600
   805:     9395.390     9398.170     9399.750     9413.610     9414.150
   810:     9415.900     9416.490     9528.910     9529.040     9529.210
   815:     9539.570     9540.630     9543.480     9544.100     9553.590
   820:     9553.820     9556.150     9556.790     9560.200     9649.970
   825:     9650.410     9677.330     9677.430     9794.330    10107.810
   830:    10278.660    10283.350    10682.950    10710.840    10728.120
   835:    10730.750    10731.290    10734.130    10764.120    10764.240
   840:    10769.760    10770.580    10784.050    10788.890    10788.890
   845:    10788.890    10788.900    10788.900    10788.900    10788.900
   850:    10788.900    10788.900    10792.900    10793.900    10793.900
   855:    10798.890    10798.900    10800.010
