File: C:\MED-PC IV\DATA\!2025-09-18_13h34m.Subject T13



Start Date: 09/18/25
End Date: 09/18/25
Subject: T13
Experiment: OralFentSA
Group: One
Box: 1
Start Time: 13:34:15
End Time: 16:34:25
MSN: Golden_Liq_SelfAdmin_EXT_LIT
F:       0.000
G:     484.000
H:   10800.010
I:       0.000
J:       0.000
K:       0.000
L:       0.000
M:       0.000
N:       0.000
O:       0.000
P:       0.000
Q:       0.000
R:       0.000
S:       0.000
U:       0.000
V:       0.000
W:       0.000
X:       0.000
Y:       0.000
Z:       0.000
A:
     0:        0.000        0.000      180.000        4.000        0.000
     5:        5.000        0.000        5.000        0.000        0.000
    10:        1.000        0.000       10.000 100000000.00       22.000
    15:       24.000      640.000        0.000        0.000        0.000
    20:        0.000
B:
     0:        0.000        0.000        0.000        0.000        0.000
     5:        0.000        0.000        0.000        0.000        0.000
    10:        0.000        0.000     1000.000 10000000000.        0.000
    15:        0.000        0.000        0.000        0.000        0.000
    20:        0.000
C:
     0:        0.000       26.000        0.000       32.000      301.000
     5:    10099.290       41.170       23.000      850.080       36.960
    10:       32.000       40.000        0.000        0.000        0.000
    15:        0.000        0.000        0.000        0.000        0.000
    20:        0.000
D:
     0:       38.740       32.250        1.880        4.800        7.140
     5:        8.750        1.660      165.140       54.000       19.420
    10:      247.710        1.010        1.800        1.400        1.490
    15:        4.310       46.790        1.580      128.400        1.500
    20:        2.660       36.480       41.170
E:
     0:       19.000       11.000       26.000       27.000       23.000
     5:        6.000        6.000        6.000        6.000        6.000
    10:        6.000        6.000        6.000        6.000        6.000
    15:        6.000        6.000        6.000        6.000        6.000
    20:        6.000        6.000        6.000        6.000        6.000
    25:        6.000        6.000        2.000        4.000       22.000
    30:       24.000       19.000        6.000        6.000        6.000
    35:        6.000        6.000        6.000        6.000        6.000
    40:        6.000       23.000        6.000       23.000        6.000
    45:        6.000        6.000        6.000        6.000        6.000
    50:        6.000        6.000        6.000        6.000        6.000
    55:        6.000        6.000        6.000        2.000        4.000
    60:       22.000       24.000       19.000        6.000        6.000
    65:        6.000        6.000        6.000        6.000        6.000
    70:        6.000        2.000        4.000       22.000       24.000
    75:        6.000       19.000        6.000        6.000        6.000
    80:        6.000        6.000        6.000        6.000        6.000
    85:        6.000        2.000        4.000       22.000       24.000
    90:        6.000       19.000        6.000        6.000        6.000
    95:        6.000        6.000        6.000        6.000        6.000
   100:        6.000        6.000        6.000        2.000        4.000
   105:       22.000       24.000       21.000       22.000        6.000
   110:        6.000       19.000        6.000        6.000        6.000
   115:        6.000        6.000        6.000        6.000        6.000
   120:        6.000       23.000        6.000        6.000        6.000
   125:        2.000        4.000       22.000       24.000       21.000
   130:       22.000        6.000       19.000        6.000        6.000
   135:        6.000       23.000        6.000        2.000        4.000
   140:       22.000       24.000        6.000       19.000        6.000
   145:        6.000        6.000        6.000       23.000        6.000
   150:        6.000        6.000        6.000        6.000        6.000
   155:        6.000        6.000        6.000        6.000        6.000
   160:        6.000        6.000        6.000        6.000        6.000
   165:        6.000        6.000        6.000        6.000        6.000
   170:        6.000       23.000        6.000        6.000       23.000
   175:       23.000        6.000        6.000        6.000        6.000
   180:        6.000        6.000        6.000        6.000        6.000
   185:       23.000        6.000        6.000        6.000        6.000
   190:        6.000        6.000        6.000        6.000        6.000
   195:        6.000        6.000        6.000       23.000        6.000
   200:        6.000        6.000        6.000        6.000       23.000
   205:        2.000        4.000       22.000       24.000       19.000
   210:       23.000        6.000        6.000        2.000        4.000
   215:       22.000       24.000       19.000        6.000        6.000
   220:        6.000        6.000        6.000       23.000        2.000
   225:        4.000       22.000       24.000       19.000        2.000
   230:        4.000       22.000       24.000       19.000        6.000
   235:        6.000        6.000        6.000        6.000        6.000
   240:        6.000        2.000        4.000       22.000       24.000
   245:       19.000        6.000        6.000        2.000        4.000
   250:       22.000       24.000        6.000        6.000        6.000
   255:        6.000        6.000        6.000        6.000       19.000
   260:        6.000        2.000        4.000       22.000       24.000
   265:        6.000        6.000       19.000       23.000        6.000
   270:        6.000        6.000        6.000        6.000        6.000
   275:        6.000        6.000        6.000        6.000        6.000
   280:        6.000        2.000        4.000       22.000       24.000
   285:        6.000        6.000        6.000        6.000       21.000
   290:       22.000        6.000        6.000        6.000        6.000
   295:        6.000       19.000        6.000        6.000        6.000
   300:        6.000        6.000        6.000        6.000        6.000
   305:       23.000       23.000       23.000        6.000        6.000
   310:       23.000       23.000       23.000       23.000        6.000
   315:        2.000        4.000       22.000       24.000        6.000
   320:       21.000       22.000       19.000        6.000        6.000
   325:        6.000       23.000       23.000       23.000       23.000
   330:        6.000        6.000        6.000        6.000        6.000
   335:        6.000        6.000        6.000       23.000        6.000
   340:        6.000        2.000        4.000       22.000       24.000
   345:        6.000       19.000        6.000        6.000        2.000
   350:        4.000       22.000       24.000       19.000        6.000
   355:        6.000        6.000        6.000        6.000        6.000
   360:        6.000        6.000        6.000       23.000        6.000
   365:        2.000        4.000       22.000       24.000        6.000
   370:        6.000        6.000        6.000        6.000        6.000
   375:        6.000       19.000        6.000        6.000        6.000
   380:        6.000        6.000        6.000        6.000        6.000
   385:        2.000        4.000       22.000       24.000       19.000
   390:        6.000        6.000        6.000       23.000        6.000
   395:       23.000        2.000        4.000       22.000       24.000
   400:        6.000        6.000        6.000        6.000        6.000
   405:        6.000        6.000        6.000        6.000        6.000
   410:        6.000       19.000        6.000        6.000        6.000
   415:        6.000        6.000        6.000        6.000        6.000
   420:        6.000        6.000        6.000        6.000        6.000
   425:        6.000        6.000       23.000        6.000        6.000
   430:        6.000        6.000        6.000        2.000        4.000
   435:       22.000       24.000       21.000       22.000        6.000
   440:        6.000        6.000        6.000        6.000        6.000
   445:       19.000       23.000        2.000        4.000       22.000
   450:       24.000       21.000       22.000       19.000        2.000
   455:        4.000       22.000       24.000       21.000       22.000
   460:       19.000        6.000        6.000        6.000        6.000
   465:        6.000        2.000        4.000       22.000       24.000
   470:       19.000        6.000       23.000       23.000       23.000
   475:       23.000       23.000       23.000       23.000       23.000
   480:        6.000        6.000        6.000        6.000      100.000
T:
     0:        0.000        0.000        0.000        0.000       37.660
     5:       57.910       58.000       58.240       58.400       58.520
    10:       58.640       58.840       58.880       59.330       59.380
    15:       59.490       60.100       68.230       68.700       70.160
    20:       70.170      119.300      234.340      234.800      234.890
    25:      235.980      236.800      263.890      263.890      263.890
    30:      263.900      273.890      302.640      412.430      412.870
    35:      414.950      420.870      424.600      437.070      439.390
    40:      443.150      449.130      461.500      477.840      487.520
    45:      487.870      487.930      489.150      490.730      491.270
    50:      491.380      530.950      534.360      535.190      543.640
    55:      544.200      553.090      574.400      580.590      580.590
    60:      580.590      580.600      590.590      612.850      630.700
    65:      641.300      641.940      672.210      743.500      782.060
    70:      782.620      784.710      784.710      784.710      784.720
    75:      786.600      794.710      807.130      832.190      854.470
    80:     1010.190     1010.870     1025.800     1026.700     1049.280
    85:     1065.310     1070.410     1070.410     1070.410     1070.420
    90:     1075.220     1080.410     1112.530     1131.970     1218.970
    95:     1280.550     1280.620     1304.600     1305.220     1310.520
   100:     1311.330     1330.160     1334.660     1341.560     1341.560
   105:     1341.560     1341.570     1344.480     1344.480     1348.710
   110:     1349.400     1351.560     1362.920     1388.540     1388.660
   115:     1388.680     1389.540     1389.730     1390.300     1390.510
   120:     1390.680     1404.320     1443.290     1471.360     1519.250
   125:     1528.450     1528.450     1528.450     1528.460     1530.680
   130:     1530.680     1537.210     1538.450     1538.480     1538.650
   135:     1541.090     1551.420     1565.770     1578.270     1578.270
   140:     1578.270     1578.280     1579.940     1588.270     1600.830
   145:     1673.160     1750.980     1751.070     2186.000     2206.710
   150:     2207.130     2207.150     2209.450     2209.540     2210.660
   155:     2278.380     2301.360     2301.380     2379.430     2408.290
   160:     2422.120     2422.180     2470.690     2470.700     2471.950
   165:     2472.210     2490.150     2691.610     2691.970     2707.080
   170:     2707.380     2739.790     2776.550     2811.560     2853.530
   175:     2891.950     2923.810     2931.060     3450.130     3491.790
   180:     3576.070     3597.520     3666.110     3692.870     3707.200
   185:     3712.470     3815.420     3981.370     4037.270     4037.690
   190:     4189.730     4273.200     4273.260     4273.490     4273.540
   195:     4273.720     4508.190     4513.860     4547.470     4563.250
   200:     4563.750     4569.960     4570.300     4762.090     4876.850
   205:     4894.390     4894.390     4894.390     4894.400     4904.390
   210:     4932.260     5059.540     5083.600     5120.090     5120.090
   215:     5120.090     5120.100     5130.090     5174.100     5174.130
   220:     5243.540     5249.380     5249.460     5262.300     5289.140
   225:     5289.140     5289.140     5289.150     5299.140     5368.110
   230:     5368.110     5368.110     5368.120     5378.110     5387.540
   235:     5390.090     5390.960     5390.990     5391.090     5391.220
   240:     5392.670     5401.050     5401.050     5401.050     5401.060
   245:     5411.050     5648.770     5660.190     5664.380     5664.380
   250:     5664.380     5664.390     5665.400     5667.640     5667.760
   255:     5668.060     5668.530     5668.560     5668.870     5674.380
   260:     5694.300     5696.540     5696.540     5696.540     5696.550
   265:     5698.350     5698.730     5706.540     5731.490     5883.450
   270:     5884.140     5895.680     5908.930     5909.020     5913.210
   275:     5913.850     5913.890     5944.740     5948.860     5970.810
   280:     5971.050     5976.050     5976.050     5976.050     5976.060
   285:     5977.460     5977.600     5977.950     5978.270     5981.510
   290:     5981.510     5982.550     5982.830     5982.850     5982.920
   295:     5983.970     5986.050     5988.850     5991.450     5991.460
   300:     5992.040     5995.670     6217.110     6323.570     6323.940
   305:     6468.250     6468.430     6476.250     6481.870     6481.960
   310:     6491.820     6494.780     6511.190     6638.050     6757.920
   315:     6793.410     6793.410     6793.410     6793.420     6794.910
   320:     6801.240     6801.240     6803.410     7149.010     7225.250
   325:     7226.160     7247.940     7249.840     7260.880     7266.870
   330:     7335.260     7335.290     7340.500     7341.300     7341.840
   335:     7531.520     7626.330     7627.040     7792.230     7802.280
   340:     7849.210     7913.290     7913.290     7913.290     7913.300
   345:     7917.610     7923.290     7987.670     8064.240     8068.790
   350:     8068.790     8068.790     8068.800     8078.790     8115.590
   355:     8116.210     8117.300     8117.720     8117.900     8120.320
   360:     8314.710     8314.740     8420.160     8471.290     8536.320
   365:     8540.960     8540.960     8540.960     8540.970     8542.550
   370:     8544.860     8547.170     8547.610     8547.720     8547.750
   375:     8548.160     8550.960     8552.760     8553.110     8553.330
   380:     8553.360     8553.760     8664.600     8669.660     8710.020
   385:     8720.210     8720.210     8720.210     8720.220     8730.210
   390:     8848.620     8848.650     8848.760     8878.040     8897.180
   395:     8935.330     8972.350     8972.350     8972.350     8972.360
   400:     8973.860     8974.240     8974.420     8974.510     8974.630
   405:     8975.020     8975.900     8978.370     8980.420     8981.030
   410:     8981.880     8982.350     8982.740     8985.340     8985.800
   415:     8987.020     8997.100     9090.340     9093.950     9199.300
   420:     9376.460     9378.970     9402.560     9403.580     9432.870
   425:     9434.250     9584.610     9592.300     9630.050     9865.060
   430:     9865.080     9866.140     9869.790     9883.640     9883.640
   435:     9883.640     9883.650     9884.980     9884.980     9886.310
   440:     9888.350     9888.640     9888.960     9892.080     9892.860
   445:     9893.640     9940.160    10011.840    10011.840    10011.840
   450:    10011.850    10012.730    10012.730    10021.840    10022.050
   455:    10022.050    10022.050    10022.060    10027.800    10027.800
   460:    10032.050    10058.540    10073.410    10074.040    10074.590
   465:    10075.040    10099.280    10099.280    10099.280    10099.290
   470:    10109.280    10140.460    10175.140    10177.820    10178.450
   475:    10178.900    10181.570    10185.990    10187.370    10188.120
   480:    10329.250    10711.210    10711.570    10780.540    10800.010
