File: C:\MED-PC IV\DATA\!2025-05-13_13h07m.Subject T9



Start Date: 05/13/25
End Date: 05/13/25
Subject: T9
Experiment: OralFentSA
Group: One
Box: 7
Start Time: 13:07:17
End Time: 16:07:22
MSN: Golden_Liq_SelfAdmin
F:       0.000
G:    2042.000
H:   10800.010
I:       0.000
J:       0.000
K:       0.000
L:       0.000
M:       0.000
N:       0.000
O:       0.000
P:       0.000
Q:       0.000
R:       0.000
S:       0.000
U:       0.000
V:       0.000
W:       0.000
X:       0.000
Y:       0.000
Z:       0.000
A:
     0:        0.000        0.000      180.000        4.000        0.000
     5:        5.000        0.000        5.000        0.000        0.000
    10:        1.000        0.000       10.000      600.000       19.000
    15:       19.000      640.000        0.000        0.000        0.000
    20:        0.000
B:
     0:        0.000        0.000        0.000      400.000        0.000
     5:      500.000        0.000      500.000        0.000        0.000
    10:        0.000        0.000     1000.000    60000.000        0.000
    15:        0.000        0.000        0.000        0.000        0.000
    20:        0.000
C:
     0:       30.000       30.000        0.000        0.000     1679.000
     5:    10357.060        1.280       29.000      148.560        5.123
    10:        0.000        0.000       31.000        0.000        0.000
    15:        0.000        0.000        0.000        0.000        0.000
    20:        0.000
D:
     0:        9.900        3.080       21.990       14.060        4.860
     5:        2.210        0.300        9.910        1.750        5.770
    10:       12.120        0.610        1.700        3.340       20.150
    15:        1.420        3.660        3.070        4.470        0.530
    20:        3.000        3.360        7.940        1.030        1.360
    25:        2.960        2.100        0.630        1.280
E:
     0:       19.000       11.000       26.000       27.000        6.000
     5:        6.000        6.000        6.000        6.000        6.000
    10:        6.000        6.000        6.000        6.000        6.000
    15:        6.000        6.000        6.000        6.000        6.000
    20:        6.000        6.000        6.000        6.000        6.000
    25:        6.000        6.000        6.000        6.000        6.000
    30:        6.000        6.000        6.000        6.000        6.000
    35:        6.000        6.000        6.000        6.000        6.000
    40:        6.000        6.000        6.000        6.000        6.000
    45:        6.000        6.000        6.000        6.000        6.000
    50:        6.000        6.000        6.000        6.000        6.000
    55:        6.000        6.000        6.000        6.000        6.000
    60:        6.000        6.000        6.000        6.000        6.000
    65:        6.000        6.000       25.000       24.000       12.000
    70:       13.000        8.000        5.000       17.000       18.000
    75:       14.000       10.000        6.000       19.000       11.000
    80:        6.000        6.000        6.000        6.000        6.000
    85:        6.000        6.000        6.000        6.000        6.000
    90:        6.000        6.000        6.000        6.000        6.000
    95:        6.000        6.000        6.000        6.000        6.000
   100:        6.000        6.000        6.000        6.000        6.000
   105:        6.000        6.000        6.000        6.000        6.000
   110:        6.000        6.000        6.000        6.000        6.000
   115:        6.000        6.000        6.000        6.000        6.000
   120:        6.000        6.000        6.000        6.000        6.000
   125:        6.000        6.000        6.000        6.000        6.000
   130:        6.000        6.000        6.000        6.000        6.000
   135:        6.000        6.000        6.000        6.000        6.000
   140:        6.000        6.000        6.000        6.000        6.000
   145:        6.000        6.000        6.000        6.000        6.000
   150:        6.000        6.000        6.000        6.000        6.000
   155:        6.000        6.000        6.000        6.000        6.000
   160:        6.000        6.000        6.000        6.000        6.000
   165:        6.000        6.000        6.000        6.000       25.000
   170:       24.000       12.000       13.000        8.000        5.000
   175:       17.000        6.000        6.000       18.000       14.000
   180:       10.000       19.000       11.000        6.000        6.000
   185:        6.000        6.000        6.000        6.000        6.000
   190:        6.000        6.000        6.000        6.000        6.000
   195:        6.000        6.000        6.000        6.000        6.000
   200:        6.000        6.000        6.000        6.000        6.000
   205:        6.000        6.000        6.000        6.000        6.000
   210:        6.000        6.000        6.000        6.000        6.000
   215:        6.000        6.000       30.000       24.000       12.000
   220:       13.000        8.000        5.000       17.000       18.000
   225:       14.000       10.000       19.000       11.000        6.000
   230:        6.000        6.000        6.000        6.000        6.000
   235:        6.000        6.000        6.000        6.000        6.000
   240:        6.000        6.000       30.000       24.000       12.000
   245:       13.000        8.000        5.000       17.000       18.000
   250:       14.000       10.000       19.000       11.000        6.000
   255:        6.000        6.000        6.000        6.000        6.000
   260:        6.000        6.000        6.000        6.000        6.000
   265:       30.000       24.000       12.000       13.000        8.000
   270:        5.000       17.000       18.000        6.000       14.000
   275:       10.000       19.000       11.000        6.000        6.000
   280:        6.000        6.000        6.000        6.000        6.000
   285:        6.000        6.000        6.000        6.000        6.000
   290:        6.000        6.000        6.000        6.000        6.000
   295:       30.000       24.000       12.000       13.000        8.000
   300:        5.000       17.000        6.000       25.000       12.000
   305:        6.000       18.000       14.000       10.000       19.000
   310:       11.000        6.000        6.000        6.000        6.000
   315:       30.000       24.000       12.000       13.000        8.000
   320:        5.000       17.000       18.000       14.000       10.000
   325:        6.000       19.000       11.000        6.000       30.000
   330:       24.000       12.000       13.000        8.000        5.000
   335:       17.000        6.000       18.000       14.000       10.000
   340:        6.000       19.000       11.000       30.000       24.000
   345:       12.000       13.000        8.000        5.000       17.000
   350:       18.000       14.000       10.000        6.000       19.000
   355:       11.000        6.000        6.000        6.000        6.000
   360:        6.000        6.000        6.000        6.000        6.000
   365:        6.000       30.000       24.000       12.000       13.000
   370:        8.000        5.000       17.000       18.000       14.000
   375:       10.000       19.000       11.000        6.000        6.000
   380:        6.000        6.000       30.000       24.000       12.000
   385:       13.000        8.000        5.000       17.000        6.000
   390:       18.000       14.000       10.000       19.000       11.000
   395:        6.000        6.000       30.000       24.000       12.000
   400:       13.000        8.000        5.000       17.000        6.000
   405:       18.000       14.000       10.000        6.000       19.000
   410:       11.000        6.000        6.000       30.000       24.000
   415:       12.000       13.000        8.000        5.000       17.000
   420:       18.000       14.000       10.000       30.000       12.000
   425:       13.000        8.000        5.000       17.000       19.000
   430:       11.000        6.000       18.000       14.000       10.000
   435:        6.000        6.000       30.000       24.000       12.000
   440:       13.000        8.000        5.000       17.000       18.000
   445:       14.000       10.000       19.000       11.000       30.000
   450:       24.000       12.000       13.000        8.000        5.000
   455:       17.000       18.000       14.000       10.000       19.000
   460:       11.000        6.000        6.000        6.000        6.000
   465:        6.000        6.000        6.000        6.000        6.000
   470:        6.000        6.000        6.000        6.000        6.000
   475:        6.000        6.000        6.000        6.000        6.000
   480:        6.000        6.000        6.000        6.000        6.000
   485:        6.000        6.000        6.000        6.000        6.000
   490:        6.000        6.000        6.000        6.000        6.000
   495:        6.000       25.000       24.000       12.000       13.000
   500:        8.000        5.000       17.000        6.000       18.000
   505:       14.000       10.000        6.000       19.000       11.000
   510:        6.000        6.000        6.000        6.000        6.000
   515:        6.000        6.000        6.000        6.000        6.000
   520:        6.000        6.000        6.000        6.000        6.000
   525:        6.000        6.000        6.000        6.000        6.000
   530:        6.000        6.000        6.000        6.000        6.000
   535:        6.000        6.000        6.000        6.000        6.000
   540:        6.000        6.000        6.000        6.000        6.000
   545:        6.000        6.000        6.000        6.000        6.000
   550:        6.000        6.000        6.000        6.000        6.000
   555:        6.000        6.000        6.000        6.000        6.000
   560:        6.000        6.000        6.000        6.000        6.000
   565:        6.000        6.000        6.000        6.000        6.000
   570:        6.000        6.000        6.000        6.000        6.000
   575:        6.000        6.000       25.000       24.000       12.000
   580:       13.000        8.000        5.000       17.000        6.000
   585:       18.000       14.000       10.000       19.000       11.000
   590:        6.000        6.000        6.000        6.000        6.000
   595:        6.000        6.000        6.000        6.000        6.000
   600:        6.000        6.000        6.000        6.000        6.000
   605:        6.000        6.000        6.000        6.000        6.000
   610:        6.000        6.000        6.000        6.000        6.000
   615:        6.000        6.000        6.000        6.000        6.000
   620:        6.000        6.000        6.000        6.000        6.000
   625:        6.000        6.000        6.000        6.000        6.000
   630:        6.000        6.000        6.000        6.000        6.000
   635:        6.000        6.000        6.000        6.000        6.000
   640:        6.000        6.000        6.000        6.000        6.000
   645:        6.000        6.000        6.000        6.000        6.000
   650:        6.000        6.000        6.000        6.000        6.000
   655:        6.000        6.000        6.000        6.000        6.000
   660:        6.000        6.000        6.000        6.000        6.000
   665:        6.000        6.000        6.000        6.000        6.000
   670:        6.000        6.000        6.000        6.000        6.000
   675:        6.000        6.000        6.000        6.000        6.000
   680:        6.000        6.000        6.000        6.000        6.000
   685:        6.000        6.000        6.000        6.000        6.000
   690:        6.000        6.000        6.000        6.000        6.000
   695:        6.000        6.000        6.000        6.000        6.000
   700:        6.000        6.000        6.000        6.000        6.000
   705:        6.000        6.000        6.000        6.000        6.000
   710:        6.000        6.000        6.000        6.000        6.000
   715:        6.000       25.000       24.000       12.000       13.000
   720:        8.000        5.000       17.000        6.000       18.000
   725:       14.000       10.000        6.000        6.000       19.000
   730:       11.000        6.000        6.000        6.000        6.000
   735:        6.000        6.000        6.000        6.000        6.000
   740:        6.000        6.000        6.000        6.000        6.000
   745:        6.000        6.000        6.000        6.000        6.000
   750:        6.000        6.000        6.000        6.000        6.000
   755:        6.000        6.000        6.000        6.000        6.000
   760:        6.000        6.000        6.000        6.000        6.000
   765:        6.000        6.000        6.000        6.000        6.000
   770:        6.000        6.000        6.000        6.000        6.000
   775:        6.000        6.000        6.000        6.000        6.000
   780:        6.000        6.000        6.000        6.000        6.000
   785:        6.000        6.000        6.000        6.000        6.000
   790:        6.000        6.000        6.000        6.000       25.000
   795:       24.000       12.000       13.000        8.000        5.000
   800:       17.000       18.000        6.000       14.000       10.000
   805:        6.000       19.000       11.000        6.000        6.000
   810:        6.000        6.000        6.000        6.000        6.000
   815:        6.000        6.000        6.000        6.000        6.000
   820:        6.000        6.000        6.000        6.000        6.000
   825:        6.000        6.000        6.000        6.000        6.000
   830:        6.000        6.000        6.000        6.000        6.000
   835:        6.000        6.000        6.000        6.000        6.000
   840:        6.000        6.000        6.000        6.000        6.000
   845:        6.000        6.000        6.000        6.000        6.000
   850:        6.000        6.000        6.000        6.000        6.000
   855:        6.000        6.000        6.000        6.000        6.000
   860:        6.000        6.000        6.000        6.000        6.000
   865:        6.000        6.000        6.000        6.000        6.000
   870:        6.000        6.000        6.000        6.000        6.000
   875:        6.000        6.000        6.000        6.000        6.000
   880:       25.000       24.000       12.000       13.000        8.000
   885:        5.000       17.000        6.000        6.000        6.000
   890:       18.000        6.000       14.000       10.000        6.000
   895:       19.000       11.000        6.000        6.000        6.000
   900:        6.000        6.000        6.000        6.000        6.000
   905:        6.000        6.000        6.000        6.000        6.000
   910:        6.000        6.000        6.000        6.000        6.000
   915:        6.000        6.000        6.000        6.000        6.000
   920:        6.000        6.000        6.000        6.000        6.000
   925:        6.000        6.000        6.000        6.000        6.000
   930:        6.000        6.000        6.000        6.000        6.000
   935:        6.000        6.000        6.000        6.000        6.000
   940:        6.000        6.000        6.000        6.000        6.000
   945:        6.000        6.000        6.000        6.000        6.000
   950:        6.000        6.000        6.000        6.000        6.000
   955:        6.000        6.000        6.000        6.000        6.000
   960:        6.000        6.000        6.000        6.000        6.000
   965:        6.000        6.000        6.000        6.000        6.000
   970:        6.000        6.000        6.000        6.000        6.000
   975:        6.000        6.000        6.000        6.000        6.000
   980:        6.000        6.000        6.000        6.000        6.000
   985:        6.000        6.000        6.000        6.000        6.000
   990:        6.000        6.000        6.000        6.000        6.000
   995:        6.000        6.000        6.000        6.000        6.000
  1000:        6.000        6.000        6.000        6.000        6.000
  1005:        6.000        6.000        6.000        6.000        6.000
  1010:        6.000        6.000        6.000        6.000        6.000
  1015:        6.000       25.000       24.000       12.000       13.000
  1020:        8.000        5.000       17.000        6.000        6.000
  1025:       18.000       14.000       10.000       19.000       11.000
  1030:        6.000        6.000        6.000        6.000        6.000
  1035:        6.000        6.000        6.000        6.000        6.000
  1040:        6.000        6.000        6.000        6.000        6.000
  1045:        6.000        6.000        6.000        6.000        6.000
  1050:        6.000        6.000        6.000        6.000        6.000
  1055:        6.000        6.000        6.000        6.000        6.000
  1060:        6.000        6.000        6.000        6.000        6.000
  1065:        6.000        6.000        6.000        6.000        6.000
  1070:        6.000        6.000        6.000        6.000        6.000
  1075:        6.000        6.000        6.000        6.000        6.000
  1080:        6.000        6.000        6.000        6.000        6.000
  1085:        6.000        6.000        6.000        6.000        6.000
  1090:        6.000        6.000        6.000        6.000        6.000
  1095:        6.000        6.000        6.000        6.000        6.000
  1100:        6.000        6.000        6.000        6.000        6.000
  1105:        6.000        6.000        6.000        6.000       25.000
  1110:       24.000       12.000       13.000        8.000        5.000
  1115:       17.000        6.000       18.000       14.000       10.000
  1120:       19.000       11.000        6.000        6.000        6.000
  1125:        6.000        6.000        6.000        6.000        6.000
  1130:        6.000        6.000        6.000        6.000        6.000
  1135:        6.000        6.000        6.000        6.000        6.000
  1140:        6.000        6.000        6.000        6.000        6.000
  1145:        6.000        6.000        6.000        6.000        6.000
  1150:        6.000        6.000        6.000        6.000        6.000
  1155:        6.000        6.000        6.000        6.000        6.000
  1160:        6.000        6.000        6.000        6.000        6.000
  1165:        6.000        6.000        6.000        6.000        6.000
  1170:        6.000        6.000        6.000        6.000        6.000
  1175:        6.000        6.000        6.000        6.000        6.000
  1180:        6.000        6.000        6.000        6.000        6.000
  1185:        6.000        6.000        6.000        6.000        6.000
  1190:        6.000        6.000        6.000        6.000        6.000
  1195:        6.000        6.000        6.000        6.000        6.000
  1200:        6.000        6.000        6.000        6.000        6.000
  1205:        6.000        6.000        6.000        6.000        6.000
  1210:        6.000        6.000        6.000        6.000        6.000
  1215:        6.000        6.000        6.000        6.000        6.000
  1220:        6.000        6.000        6.000        6.000        6.000
  1225:        6.000        6.000        6.000        6.000        6.000
  1230:        6.000        6.000        6.000        6.000        6.000
  1235:        6.000        6.000        6.000        6.000        6.000
  1240:        6.000        6.000        6.000        6.000        6.000
  1245:        6.000        6.000        6.000        6.000        6.000
  1250:        6.000        6.000        6.000        6.000        6.000
  1255:        6.000        6.000        6.000        6.000        6.000
  1260:        6.000        6.000       25.000       24.000       12.000
  1265:       13.000        8.000        5.000       17.000       18.000
  1270:       14.000       10.000        6.000       19.000       11.000
  1275:        6.000        6.000        6.000        6.000        6.000
  1280:        6.000        6.000        6.000        6.000        6.000
  1285:        6.000        6.000        6.000        6.000        6.000
  1290:        6.000        6.000        6.000        6.000        6.000
  1295:        6.000        6.000        6.000        6.000        6.000
  1300:        6.000        6.000        6.000        6.000        6.000
  1305:        6.000        6.000        6.000        6.000        6.000
  1310:        6.000        6.000        6.000        6.000        6.000
  1315:        6.000        6.000        6.000        6.000        6.000
  1320:        6.000        6.000        6.000        6.000        6.000
  1325:        6.000        6.000        6.000        6.000        6.000
  1330:        6.000        6.000        6.000        6.000        6.000
  1335:        6.000        6.000        6.000        6.000        6.000
  1340:        6.000        6.000        6.000        6.000        6.000
  1345:        6.000        6.000        6.000        6.000        6.000
  1350:        6.000        6.000        6.000        6.000        6.000
  1355:        6.000        6.000        6.000        6.000        6.000
  1360:        6.000        6.000        6.000        6.000        6.000
  1365:        6.000        6.000        6.000        6.000        6.000
  1370:        6.000        6.000        6.000        6.000        6.000
  1375:        6.000        6.000        6.000        6.000        6.000
  1380:        6.000        6.000        6.000        6.000        6.000
  1385:        6.000        6.000        6.000        6.000        6.000
  1390:        6.000        6.000        6.000        6.000        6.000
  1395:        6.000        6.000        6.000        6.000        6.000
  1400:       25.000       24.000       12.000       13.000        8.000
  1405:        5.000       17.000        6.000       18.000       14.000
  1410:       10.000       19.000       11.000        6.000        6.000
  1415:        6.000        6.000        6.000        6.000        6.000
  1420:        6.000        6.000        6.000        6.000        6.000
  1425:        6.000        6.000        6.000        6.000        6.000
  1430:        6.000        6.000        6.000        6.000        6.000
  1435:        6.000        6.000        6.000        6.000        6.000
  1440:        6.000        6.000        6.000        6.000        6.000
  1445:        6.000        6.000        6.000        6.000        6.000
  1450:        6.000        6.000        6.000        6.000        6.000
  1455:        6.000        6.000        6.000        6.000        6.000
  1460:        6.000        6.000        6.000        6.000        6.000
  1465:        6.000        6.000        6.000        6.000        6.000
  1470:        6.000        6.000        6.000        6.000        6.000
  1475:        6.000        6.000        6.000        6.000        6.000
  1480:        6.000        6.000        6.000        6.000        6.000
  1485:        6.000        6.000        6.000        6.000        6.000
  1490:        6.000        6.000        6.000        6.000        6.000
  1495:        6.000        6.000        6.000        6.000        6.000
  1500:        6.000        6.000        6.000        6.000        6.000
  1505:        6.000        6.000        6.000        6.000        6.000
  1510:        6.000        6.000        6.000        6.000        6.000
  1515:        6.000        6.000        6.000        6.000        6.000
  1520:        6.000        6.000        6.000        6.000        6.000
  1525:        6.000        6.000        6.000        6.000        6.000
  1530:        6.000        6.000        6.000        6.000        6.000
  1535:        6.000        6.000        6.000        6.000        6.000
  1540:        6.000        6.000        6.000        6.000        6.000
  1545:        6.000        6.000        6.000        6.000        6.000
  1550:        6.000        6.000        6.000        6.000        6.000
  1555:        6.000        6.000        6.000        6.000        6.000
  1560:        6.000        6.000        6.000        6.000        6.000
  1565:        6.000        6.000        6.000        6.000        6.000
  1570:        6.000        6.000       25.000       24.000       12.000
  1575:       13.000        8.000        5.000       17.000        6.000
  1580:       18.000       14.000       10.000        6.000        6.000
  1585:       19.000       11.000        6.000        6.000        6.000
  1590:        6.000        6.000        6.000        6.000        6.000
  1595:        6.000        6.000        6.000        6.000        6.000
  1600:        6.000        6.000        6.000        6.000        6.000
  1605:        6.000        6.000        6.000        6.000        6.000
  1610:        6.000        6.000        6.000        6.000        6.000
  1615:        6.000        6.000        6.000        6.000        6.000
  1620:        6.000        6.000        6.000        6.000        6.000
  1625:        6.000        6.000        6.000        6.000        6.000
  1630:        6.000        6.000        6.000        6.000        6.000
  1635:        6.000        6.000        6.000        6.000        6.000
  1640:        6.000        6.000        6.000        6.000        6.000
  1645:        6.000        6.000        6.000        6.000        6.000
  1650:        6.000        6.000        6.000        6.000        6.000
  1655:        6.000        6.000        6.000        6.000        6.000
  1660:        6.000        6.000        6.000        6.000        6.000
  1665:        6.000        6.000        6.000        6.000        6.000
  1670:        6.000        6.000        6.000        6.000        6.000
  1675:        6.000        6.000        6.000        6.000        6.000
  1680:        6.000        6.000        6.000        6.000        6.000
  1685:        6.000        6.000        6.000        6.000        6.000
  1690:        6.000        6.000        6.000        6.000        6.000
  1695:        6.000        6.000        6.000        6.000        6.000
  1700:        6.000        6.000        6.000        6.000        6.000
  1705:        6.000        6.000       25.000       24.000       12.000
  1710:       13.000        8.000        5.000       17.000        6.000
  1715:       18.000       14.000       10.000        6.000       19.000
  1720:       11.000        6.000        6.000        6.000        6.000
  1725:        6.000        6.000        6.000        6.000        6.000
  1730:        6.000        6.000        6.000        6.000        6.000
  1735:        6.000        6.000        6.000        6.000        6.000
  1740:        6.000        6.000        6.000        6.000        6.000
  1745:        6.000        6.000        6.000        6.000        6.000
  1750:        6.000        6.000        6.000        6.000        6.000
  1755:        6.000        6.000        6.000        6.000        6.000
  1760:        6.000        6.000        6.000        6.000        6.000
  1765:        6.000        6.000        6.000        6.000        6.000
  1770:        6.000        6.000        6.000        6.000        6.000
  1775:        6.000        6.000        6.000        6.000        6.000
  1780:        6.000        6.000        6.000        6.000        6.000
  1785:        6.000        6.000        6.000        6.000        6.000
  1790:        6.000        6.000        6.000        6.000        6.000
  1795:        6.000        6.000        6.000        6.000        6.000
  1800:        6.000        6.000        6.000        6.000        6.000
  1805:        6.000        6.000        6.000        6.000       25.000
  1810:       24.000       12.000       13.000        8.000        5.000
  1815:       17.000        6.000       18.000       14.000       10.000
  1820:       19.000       11.000        6.000        6.000        6.000
  1825:        6.000        6.000        6.000        6.000        6.000
  1830:        6.000        6.000        6.000        6.000        6.000
  1835:        6.000        6.000        6.000        6.000        6.000
  1840:        6.000        6.000        6.000        6.000        6.000
  1845:        6.000        6.000        6.000        6.000        6.000
  1850:        6.000        6.000        6.000        6.000        6.000
  1855:        6.000        6.000        6.000        6.000        6.000
  1860:        6.000        6.000        6.000        6.000        6.000
  1865:        6.000        6.000        6.000        6.000        6.000
  1870:        6.000        6.000        6.000        6.000        6.000
  1875:        6.000        6.000        6.000        6.000        6.000
  1880:        6.000        6.000        6.000        6.000        6.000
  1885:        6.000        6.000        6.000        6.000        6.000
  1890:        6.000        6.000        6.000        6.000        6.000
  1895:        6.000        6.000        6.000        6.000        6.000
  1900:        6.000        6.000        6.000        6.000       25.000
  1905:       24.000       12.000       13.000        8.000        5.000
  1910:       17.000        6.000       18.000       14.000       10.000
  1915:        6.000       19.000       11.000        6.000        6.000
  1920:        6.000        6.000        6.000        6.000        6.000
  1925:        6.000        6.000        6.000        6.000        6.000
  1930:        6.000        6.000        6.000        6.000        6.000
  1935:        6.000        6.000        6.000        6.000        6.000
  1940:        6.000        6.000        6.000        6.000        6.000
  1945:        6.000        6.000        6.000        6.000        6.000
  1950:        6.000        6.000        6.000        6.000        6.000
  1955:        6.000        6.000        6.000        6.000        6.000
  1960:        6.000        6.000        6.000        6.000        6.000
  1965:        6.000        6.000        6.000        6.000        6.000
  1970:        6.000        6.000        6.000        6.000        6.000
  1975:        6.000        6.000        6.000        6.000        6.000
  1980:        6.000        6.000        6.000        6.000        6.000
  1985:        6.000        6.000        6.000        6.000        6.000
  1990:        6.000        6.000       25.000       24.000       12.000
  1995:       13.000        8.000        5.000       17.000        6.000
  2000:        6.000       18.000       14.000       10.000        6.000
  2005:        6.000       19.000       11.000        6.000        6.000
  2010:        6.000        6.000        6.000        6.000        6.000
  2015:        6.000        6.000        6.000        6.000        6.000
  2020:        6.000        6.000        6.000        6.000        6.000
  2025:        6.000        6.000        6.000        6.000        6.000
  2030:        6.000        6.000        6.000        6.000        6.000
  2035:        6.000        6.000        6.000        6.000        6.000
  2040:        6.000        6.000      100.000
T:
     0:        0.000        0.000        0.000        0.000        5.240
     5:        7.970       14.230       27.860       45.890       45.910
    10:       47.620       48.960       51.970       52.050       52.100
    15:       63.900       89.380       89.740      121.290      121.310
    20:      151.780      151.860      168.760      209.300      214.270
    25:      214.290      230.760      257.700      260.570      260.780
    30:      262.700      279.870      279.910      279.930      304.770
    35:      304.830      305.030      309.660      309.810      312.250
    40:      313.810      316.500      318.380      368.770      424.100
    45:      447.660      450.310      480.540      484.290      500.700
    50:      501.700      503.800      513.300      534.390      539.850
    55:      540.020      540.140      544.870      545.630      556.660
    60:      560.670      560.710      560.810      560.900      561.000
    65:      561.200      581.710      599.990      600.000      600.000
    70:      600.000      600.000      600.000      600.000      604.000
    75:      605.000      605.000      609.900      609.990      610.000
    80:      614.670      615.920      630.440      630.510      631.210
    85:      656.250      656.630      657.000      670.700      672.030
    90:      676.810      676.860      678.070      678.720      678.890
    95:      684.920      684.950      835.700      837.810      842.130
   100:      845.050      845.130      849.490      849.990      853.090
   105:      854.790      855.740      857.050      857.460      859.200
   110:      860.240      860.530      863.760      865.200      866.460
   115:      870.460      871.260      871.350      871.450      874.490
   120:      874.830      876.900      878.710      882.590      885.360
   125:      888.010      898.960      899.450      899.840      902.210
   130:      905.070      907.010      907.190      910.920      911.770
   135:      929.490      929.730      939.210      952.290      956.000
   140:      957.000      958.120      959.390      959.860      960.840
   145:     1047.620     1047.930     1074.500     1074.930     1079.980
   150:     1089.440     1136.270     1137.180     1148.070     1160.750
   155:     1164.040     1164.270     1172.230     1178.870     1186.540
   160:     1186.730     1188.850     1188.910     1190.110     1190.750
   165:     1190.830     1192.200     1192.350     1194.150     1209.990
   170:     1210.000     1210.000     1210.000     1210.000     1210.000
   175:     1210.000     1213.080     1213.090     1214.000     1215.000
   180:     1215.000     1219.990     1220.000     1220.380     1221.100
   185:     1222.860     1233.260     1233.570     1246.730     1259.890
   190:     1283.930     1283.950     1284.000     1291.760     1293.430
   195:     1298.070     1298.200     1321.630     1323.310     1323.410
   200:     1336.890     1337.850     1338.930     1339.280     1339.460
   205:     1345.330     1351.820     1352.190     1362.260     1366.580
   210:     1367.140     1369.110     1369.450     1381.480     1426.730
   215:     1427.450     1429.740     1446.540     1446.540     1446.540
   220:     1446.540     1446.540     1446.540     1446.540     1450.540
   225:     1451.540     1451.540     1456.530     1456.540     1468.530
   230:     1477.260     1479.360     1479.560     1480.330     1484.940
   235:     1494.370     1495.690     1495.820     1496.140     1501.290
   240:     1518.010     1527.980     1540.150     1540.150     1540.150
   245:     1540.150     1540.150     1540.150     1540.150     1544.150
   250:     1545.150     1545.150     1550.140     1550.150     1554.210
   255:     1566.480     1566.930     1593.050     1621.600     1655.000
   260:     1665.310     1680.380     1693.510     1699.090     1699.700
   265:     1712.000     1712.000     1712.000     1712.000     1712.000
   270:     1712.000     1712.000     1716.000     1716.860     1717.000
   275:     1717.000     1721.990     1722.000     1729.740     1731.790
   280:     1742.910     1743.280     1762.540     1765.950     1766.580
   285:     1778.280     1778.640     1802.430     1804.570     1804.860
   290:     1805.540     1805.700     1806.130     1806.230     1806.720
   295:     1817.060     1817.060     1817.060     1817.060     1817.060
   300:     1817.060     1817.060     1819.270     1819.990     1820.000
   305:     1820.300     1821.060     1822.060     1822.060     1827.050
   310:     1827.060     1840.950     1841.610     1859.020     1867.390
   315:     1875.740     1875.740     1875.740     1875.740     1875.740
   320:     1875.740     1875.740     1879.740     1880.740     1880.740
   325:     1885.650     1885.730     1885.740     1886.350     1924.940
   330:     1924.940     1924.940     1924.940     1924.940     1924.940
   335:     1924.940     1926.690     1928.940     1929.940     1929.940
   340:     1932.690     1934.930     1934.940     1938.240     1938.240
   345:     1938.240     1938.240     1938.240     1938.240     1938.240
   350:     1942.240     1943.240     1943.240     1944.010     1948.230
   355:     1948.240     1953.060     1959.690     1970.820     1971.040
   360:     1983.540     1985.340     1989.300     2000.350     2008.340
   365:     2008.590     2014.560     2014.560     2014.560     2014.560
   370:     2014.560     2014.560     2014.560     2018.560     2019.560
   375:     2019.560     2024.550     2024.560     2026.680     2028.050
   380:     2028.420     2031.470     2036.690     2036.690     2036.690
   385:     2036.690     2036.690     2036.690     2036.690     2037.300
   390:     2040.690     2041.690     2041.690     2046.680     2046.690
   395:     2048.010     2048.460     2055.920     2055.920     2055.920
   400:     2055.920     2055.920     2055.920     2055.920     2057.620
   405:     2059.920     2060.920     2060.920     2064.720     2065.910
   410:     2065.920     2065.950     2074.110     2074.660     2074.660
   415:     2074.660     2074.660     2074.660     2074.660     2074.660
   420:     2078.660     2079.660     2079.660     2081.550     2081.550
   425:     2081.550     2081.550     2081.550     2081.550     2084.650
   430:     2084.660     2084.890     2085.550     2086.550     2086.550
   435:     2092.720     2094.300     2095.630     2095.630     2095.630
   440:     2095.630     2095.630     2095.630     2095.630     2099.630
   445:     2100.630     2100.630     2105.620     2105.630     2116.670
   450:     2116.670     2116.670     2116.670     2116.670     2116.670
   455:     2116.670     2120.670     2121.670     2121.670     2126.660
   460:     2126.670     2136.820     2153.830     2156.550     2156.750
   465:     2170.690     2170.780     2194.450     2200.850     2201.250
   470:     2211.100     2238.930     2239.530     2241.710     2248.170
   475:     2248.290     2271.550     2277.790     2307.680     2307.730
   480:     2307.890     2315.640     2315.940     2342.960     2350.650
   485:     2350.880     2351.000     2357.410     2357.500     2368.640
   490:     2392.300     2403.970     2408.790     2414.960     2419.470
   495:     2419.680     2427.050     2427.060     2427.060     2427.060
   500:     2427.060     2427.060     2427.060     2428.480     2431.060
   505:     2432.060     2432.060     2433.530     2437.050     2437.060
   510:     2440.680     2457.540     2508.920     2521.670     2532.920
   515:     2539.120     2539.510     2544.120     2544.340     2560.340
   520:     2565.780     2565.880     2584.690     2590.750     2591.450
   525:     2601.200     2601.490     2613.720     2627.610     2632.620
   530:     2638.400     2650.940     2666.430     2671.640     2677.080
   535:     2682.420     2682.920     2688.110     2694.080     2699.400
   540:     2699.910     2700.240     2707.580     2719.950     2720.070
   545:     2725.080     2725.280     2731.310     2735.540     2744.930
   550:     2750.410     2756.300     2761.130     2766.040     2777.110
   555:     2777.540     2788.240     2814.610     2822.180     2846.060
   560:     2855.850     2860.770     2871.430     2882.390     2882.680
   565:     2889.260     2912.620     2921.160     2921.280     2921.630
   570:     2925.700     2962.740     2974.880     2975.500     3007.460
   575:     3017.400     3030.520     3037.050     3037.060     3037.060
   580:     3037.060     3037.060     3037.060     3037.060     3040.720
   585:     3041.060     3042.060     3042.060     3047.050     3047.060
   590:     3074.200     3108.640     3114.630     3120.280     3140.400
   595:     3140.870     3146.120     3147.000     3147.060     3152.730
   600:     3162.540     3162.780     3163.450     3163.660     3168.440
   605:     3168.900     3169.070     3169.420     3169.710     3170.420
   610:     3174.690     3179.930     3181.380     3186.590     3192.560
   615:     3199.160     3199.620     3207.880     3208.020     3214.780
   620:     3216.310     3221.090     3221.600     3221.830     3222.360
   625:     3222.450     3227.350     3228.020     3234.180     3234.640
   630:     3235.660     3240.760     3246.100     3250.890     3251.620
   635:     3256.790     3257.070     3262.490     3267.400     3273.870
   640:     3274.370     3279.330     3284.770     3285.130     3290.060
   645:     3290.500     3290.820     3295.300     3295.820     3300.770
   650:     3305.480     3305.680     3305.900     3311.540     3316.520
   655:     3317.060     3322.510     3327.750     3328.630     3332.300
   660:     3332.780     3337.430     3337.680     3342.700     3343.770
   665:     3348.600     3349.110     3353.600     3355.390     3370.130
   670:     3380.520     3380.620     3380.790     3385.820     3392.100
   675:     3398.330     3410.470     3415.380     3424.940     3429.300
   680:     3472.170     3481.640     3491.570     3509.160     3509.450
   685:     3514.620     3520.950     3525.710     3530.740     3540.370
   690:     3545.410     3549.050     3565.120     3571.280     3571.490
   695:     3576.240     3581.330     3581.480     3581.760     3581.890
   700:     3582.140     3586.350     3586.640     3598.560     3603.850
   705:     3604.070     3604.430     3614.540     3614.770     3620.760
   710:     3627.290     3632.970     3637.230     3641.730     3642.160
   715:     3646.820     3647.050     3647.060     3647.060     3647.060
   720:     3647.060     3647.060     3647.060     3650.130     3651.060
   725:     3652.060     3652.060     3655.020     3655.300     3657.050
   730:     3657.060     3661.250     3678.030     3682.190     3686.290
   735:     3690.420     3694.510     3698.750     3703.510     3707.740
   740:     3716.640     3716.830     3717.040     3721.480     3721.740
   745:     3726.250     3726.410     3731.070     3744.830     3744.980
   750:     3745.770     3746.290     3756.050     3766.210     3776.050
   755:     3796.290     3801.510     3801.910     3806.260     3829.410
   760:     3834.500     3861.560     3879.550     3884.300     3898.210
   765:     3902.740     3906.860     3910.990     3924.250     3949.610
   770:     3953.120     3968.750     3973.890     3987.560     4023.550
   775:     4028.370     4038.570     4044.600     4050.990     4056.540
   780:     4069.490     4074.180     4086.780     4095.530     4121.550
   785:     4142.840     4163.170     4163.380     4163.580     4184.050
   790:     4193.020     4193.330     4206.630     4220.700     4257.050
   795:     4257.060     4257.060     4257.060     4257.060     4257.060
   800:     4257.060     4261.060     4261.530     4262.060     4262.060
   805:     4265.420     4267.050     4267.060     4274.740     4286.960
   810:     4307.790     4313.760     4347.830     4348.230     4352.500
   815:     4353.340     4358.240     4367.260     4389.750     4415.700
   820:     4429.030     4433.770     4456.370     4462.560     4467.170
   825:     4482.630     4486.740     4491.070     4510.140     4510.360
   830:     4520.220     4527.270     4532.430     4532.840     4540.040
   835:     4550.430     4564.620     4565.230     4569.670     4590.390
   840:     4590.590     4601.800     4615.370     4637.100     4680.270
   845:     4689.270     4689.670     4697.050     4706.670     4707.080
   850:     4707.520     4727.060     4727.770     4737.500     4737.530
   855:     4747.430     4747.640     4757.790     4757.970     4768.660
   860:     4774.250     4784.720     4790.380     4804.780     4805.810
   865:     4810.940     4811.210     4812.930     4813.840     4813.990
   870:     4817.840     4818.170     4818.190     4818.240     4842.430
   875:     4847.130     4857.340     4857.830     4862.000     4862.760
   880:     4867.050     4867.060     4867.060     4867.060     4867.060
   885:     4867.060     4867.060     4867.590     4867.750     4868.110
   890:     4871.060     4872.050     4872.060     4872.060     4876.430
   895:     4877.050     4877.060     4881.020     4886.950     4887.350
   900:     4891.360     4895.560     4896.270     4907.030     4911.550
   905:     4916.220     4916.560     4917.020     4935.400     4935.890
   910:     4940.110     4950.550     4956.630     4961.670     4962.070
   915:     4962.090     4971.740     4976.770     4986.960     4987.580
   920:     4987.800     4992.370     4992.700     4998.030     4998.500
   925:     5007.300     5017.460     5022.220     5022.570     5023.250
   930:     5027.610     5028.000     5036.750     5036.840     5046.670
   935:     5046.860     5047.700     5051.950     5052.350     5056.880
   940:     5061.930     5095.310     5095.630     5095.850     5100.290
   945:     5112.430     5116.780     5121.290     5126.700     5132.390
   950:     5138.380     5143.250     5162.730     5167.650     5172.160
   955:     5183.070     5193.100     5203.850     5207.490     5213.980
   960:     5218.400     5218.710     5220.100     5225.430     5230.270
   965:     5235.570     5240.360     5241.000     5249.790     5249.910
   970:     5249.990     5250.440     5255.870     5256.650     5256.950
   975:     5258.030     5258.150     5262.790     5267.780     5272.300
   980:     5277.210     5289.750     5294.420     5299.610     5305.510
   985:     5315.720     5320.120     5320.470     5320.790     5325.120
   990:     5329.240     5333.460     5333.680     5338.010     5342.950
   995:     5343.780     5349.040     5357.840     5358.150     5363.380
  1000:     5379.870     5380.550     5380.660     5386.400     5386.500
  1005:     5386.590     5386.620     5407.860     5412.980     5418.430
  1010:     5424.960     5437.950     5443.210     5466.880     5471.600
  1015:     5475.970     5477.050     5477.060     5477.060     5477.060
  1020:     5477.060     5477.060     5477.060     5480.060     5480.280
  1025:     5481.060     5482.060     5482.060     5487.050     5487.060
  1030:     5498.350     5503.180     5503.440     5527.950     5528.240
  1035:     5546.570     5570.890     5572.160     5591.710     5592.030
  1040:     5593.020     5594.130     5614.130     5619.260     5619.450
  1045:     5639.020     5654.310     5659.890     5660.220     5692.220
  1050:     5697.350     5709.870     5715.750     5716.600     5726.730
  1055:     5742.720     5747.250     5762.660     5767.280     5777.680
  1060:     5786.620     5787.290     5792.460     5792.490     5812.370
  1065:     5816.680     5862.260     5871.310     5875.540     5880.280
  1070:     5884.700     5894.390     5894.930     5899.640     5899.890
  1075:     5904.230     5904.460     5904.550     5920.640     5925.050
  1080:     5925.300     5930.010     5935.190     5944.600     5950.650
  1085:     5962.650     5968.480     5977.150     5977.730     5992.560
  1090:     5997.690     6002.780     6007.450     6019.160     6019.220
  1095:     6023.700     6023.870     6024.250     6028.870     6040.730
  1100:     6049.490     6049.640     6049.750     6051.020     6056.030
  1105:     6065.170     6065.320     6074.250     6086.700     6087.050
  1110:     6087.060     6087.060     6087.060     6087.060     6087.060
  1115:     6087.060     6090.420     6091.060     6092.060     6092.060
  1120:     6097.050     6097.060     6122.930     6139.060     6139.330
  1125:     6139.520     6139.920     6179.070     6191.490     6196.480
  1130:     6197.010     6197.580     6202.320     6202.690     6203.440
  1135:     6204.740     6213.870     6214.130     6218.260     6222.080
  1140:     6222.290     6222.710     6226.980     6230.930     6231.270
  1145:     6231.350     6231.480     6236.250     6246.260     6246.980
  1150:     6249.100     6261.180     6270.440     6271.570     6272.400
  1155:     6277.900     6286.510     6290.720     6299.220     6311.120
  1160:     6314.910     6315.530     6315.880     6320.930     6321.570
  1165:     6321.730     6344.870     6360.620     6368.860     6376.920
  1170:     6377.100     6377.770     6382.440     6387.150     6387.410
  1175:     6387.570     6387.730     6389.540     6397.950     6403.230
  1180:     6403.500     6407.150     6407.450     6408.010     6409.700
  1185:     6414.480     6419.590     6419.840     6420.130     6424.000
  1190:     6424.470     6424.560     6424.770     6429.640     6429.820
  1195:     6429.940     6437.570     6446.380     6446.630     6456.570
  1200:     6460.590     6465.090     6465.320     6469.570     6469.700
  1205:     6470.370     6470.830     6470.970     6476.490     6485.830
  1210:     6486.130     6490.900     6491.850     6498.760     6507.940
  1215:     6521.230     6524.880     6524.980     6525.130     6525.320
  1220:     6531.100     6531.190     6534.920     6540.950     6560.370
  1225:     6572.030     6572.190     6572.670     6573.440     6609.330
  1230:     6609.440     6610.160     6610.560     6610.620     6610.660
  1235:     6611.530     6611.670     6612.660     6613.050     6625.900
  1240:     6636.060     6640.400     6644.270     6644.310     6644.930
  1245:     6648.290     6652.560     6656.590     6656.890     6662.150
  1250:     6665.760     6666.180     6666.380     6670.240     6677.410
  1255:     6681.930     6686.380     6686.720     6686.740     6687.020
  1260:     6687.210     6688.490     6697.050     6697.060     6697.060
  1265:     6697.060     6697.060     6697.060     6697.060     6701.060
  1270:     6702.060     6702.060     6705.000     6707.050     6707.060
  1275:     6720.500     6724.380     6725.350     6765.170     6771.990
  1280:     6772.120     6775.680     6784.670     6793.960     6804.130
  1285:     6808.460     6808.740     6808.800     6809.090     6812.740
  1290:     6817.010     6817.570     6832.280     6832.590     6832.710
  1295:     6837.070     6837.800     6840.730     6840.990     6852.090
  1300:     6877.680     6885.690     6886.420     6915.590     6916.630
  1305:     6917.400     6917.560     6917.590     6921.510     6921.930
  1310:     6926.190     6950.670     6954.680     6954.850     6958.170
  1315:     6961.790     6962.540     6977.010     6984.720     6992.930
  1320:     7001.630     7025.800     7030.120     7038.300     7042.280
  1325:     7042.620     7043.090     7043.700     7050.700     7051.000
  1330:     7067.210     7071.230     7071.840     7079.170     7079.640
  1335:     7084.390     7084.710     7088.930     7089.050     7092.490
  1340:     7096.620     7096.720     7097.030     7100.640     7113.590
  1345:     7113.890     7117.830     7121.920     7126.210     7127.040
  1350:     7132.680     7132.950     7140.640     7141.100     7141.300
  1355:     7149.430     7149.820     7150.670     7154.720     7155.120
  1360:     7167.930     7168.210     7172.530     7172.830     7177.180
  1365:     7177.220     7187.470     7196.360     7200.320     7204.640
  1370:     7205.700     7215.090     7227.960     7228.220     7229.110
  1375:     7232.920     7233.210     7237.150     7237.580     7241.670
  1380:     7245.800     7250.680     7250.770     7259.330     7268.040
  1385:     7268.650     7268.910     7272.700     7273.030     7277.240
  1390:     7277.460     7281.290     7286.090     7290.450     7291.080
  1395:     7291.160     7291.340     7296.060     7299.950     7304.140
  1400:     7307.050     7307.060     7307.060     7307.060     7307.060
  1405:     7307.060     7307.060     7308.090     7311.060     7312.060
  1410:     7312.060     7317.050     7317.060     7323.730     7327.980
  1415:     7332.790     7350.130     7354.240     7354.480     7355.120
  1420:     7355.170     7355.660     7359.580     7359.950     7359.980
  1425:     7363.880     7369.810     7373.630     7374.070     7374.090
  1430:     7374.210     7374.340     7378.150     7386.230     7386.620
  1435:     7391.370     7392.440     7416.480     7420.850     7421.170
  1440:     7440.760     7441.270     7446.130     7446.780     7455.080
  1445:     7455.400     7466.030     7470.610     7474.580     7474.780
  1450:     7480.120     7480.400     7484.860     7484.990     7489.390
  1455:     7493.410     7493.640     7493.790     7494.070     7494.270
  1460:     7498.810     7503.780     7503.950     7512.820     7512.880
  1465:     7513.160     7519.040     7524.170     7524.810     7539.940
  1470:     7540.310     7540.840     7556.240     7556.490     7556.780
  1475:     7567.990     7572.200     7572.400     7577.490     7577.820
  1480:     7578.050     7582.590     7582.760     7593.420     7593.980
  1485:     7609.810     7614.380     7614.690     7614.720     7630.430
  1490:     7630.630     7635.280     7645.820     7646.180     7650.970
  1495:     7656.150     7656.410     7656.720     7673.280     7673.510
  1500:     7678.290     7678.870     7687.690     7688.310     7688.940
  1505:     7689.110     7699.040     7699.380     7703.740     7703.920
  1510:     7703.960     7709.300     7719.820     7719.880     7731.240
  1515:     7731.600     7731.660     7741.380     7741.880     7746.960
  1520:     7751.930     7752.140     7752.550     7757.360     7758.230
  1525:     7767.510     7767.860     7779.390     7779.670     7789.580
  1530:     7794.310     7794.600     7799.680     7800.000     7800.210
  1535:     7800.560     7810.290     7810.340     7810.730     7811.050
  1540:     7816.340     7816.840     7832.680     7833.090     7838.610
  1545:     7848.950     7853.880     7854.150     7854.270     7859.910
  1550:     7860.280     7865.420     7865.550     7865.820     7865.940
  1555:     7871.220     7880.480     7880.880     7881.150     7881.220
  1560:     7881.310     7886.040     7886.450     7891.940     7892.010
  1565:     7897.380     7897.540     7898.260     7898.510     7902.980
  1570:     7908.260     7913.170     7917.050     7917.060     7917.060
  1575:     7917.060     7917.060     7917.060     7917.060     7918.420
  1580:     7921.060     7922.060     7922.060     7923.810     7924.040
  1585:     7927.050     7927.060     7928.320     7933.530     7934.110
  1590:     7939.370     7943.960     7944.040     7949.400     7954.200
  1595:     7969.340     7969.520     7974.430     7974.660     7978.230
  1600:     7990.920     7995.700     7995.830     8000.460     8005.030
  1605:     8010.560     8015.040     8021.120     8030.560     8030.770
  1610:     8030.870     8030.970     8035.760     8036.050     8047.110
  1615:     8057.080     8057.250     8057.380     8073.100     8078.480
  1620:     8090.120     8094.870     8095.140     8095.390     8095.640
  1625:     8100.770     8101.070     8101.240     8106.460     8106.860
  1630:     8107.110     8112.920     8117.580     8117.900     8122.660
  1635:     8123.060     8123.160     8128.140     8134.950     8135.510
  1640:     8135.680     8135.910     8140.480     8146.440     8146.640
  1645:     8152.510     8157.480     8163.050     8163.310     8174.780
  1650:     8180.000     8181.580     8193.340     8193.730     8199.050
  1655:     8199.330     8199.630     8210.880     8217.090     8217.110
  1660:     8222.080     8222.420     8227.710     8228.130     8234.200
  1665:     8240.920     8241.330     8245.990     8246.750     8271.060
  1670:     8282.380     8282.630     8304.520     8305.030     8309.890
  1675:     8310.850     8321.440     8321.650     8333.780     8338.760
  1680:     8344.480     8344.590     8357.810     8358.150     8358.390
  1685:     8369.760     8370.350     8380.380     8380.470     8405.680
  1690:     8411.700     8427.020     8427.090     8432.650     8437.610
  1695:     8442.890     8453.520     8470.890     8482.570     8482.900
  1700:     8487.960     8488.190     8488.370     8506.430     8511.870
  1705:     8512.110     8512.740     8527.050     8527.060     8527.060
  1710:     8527.060     8527.060     8527.060     8527.060     8530.020
  1715:     8531.060     8532.060     8532.060     8535.110     8537.050
  1720:     8537.060     8540.150     8552.170     8556.930     8557.240
  1725:     8562.640     8562.940     8563.170     8587.440     8606.170
  1730:     8606.500     8618.130     8623.700     8623.780     8674.770
  1735:     8675.000     8681.020     8681.170     8727.510     8732.730
  1740:     8751.510     8757.530     8757.860     8764.270     8769.380
  1745:     8769.820     8776.040     8782.120     8782.470     8787.340
  1750:     8787.640     8800.210     8806.310     8820.580     8826.160
  1755:     8839.510     8845.150     8845.450     8852.290     8858.000
  1760:     8858.290     8863.930     8863.970     8878.340     8884.130
  1765:     8884.520     8891.350     8896.040     8909.600     8909.760
  1770:     8909.830     8910.210     8910.480     8915.290     8951.010
  1775:     8951.120     8970.760     8976.570     8977.090     8988.710
  1780:     8988.820     8994.140     9008.670     9014.110     9035.650
  1785:     9041.400     9041.720     9049.140     9049.540     9054.740
  1790:     9060.060     9067.900     9068.260     9068.290     9074.110
  1795:     9080.180     9089.230     9094.570     9094.990     9095.020
  1800:     9095.240     9101.600     9103.160     9108.360     9108.590
  1805:     9114.160     9121.730     9127.230     9134.320     9137.050
  1810:     9137.060     9137.060     9137.060     9137.060     9137.060
  1815:     9137.060     9139.160     9141.060     9142.060     9142.060
  1820:     9147.050     9147.060     9150.630     9163.610     9169.500
  1825:     9182.420     9188.140     9194.180     9194.470     9194.930
  1830:     9195.030     9196.000     9207.130     9212.630     9213.010
  1835:     9217.320     9240.090     9244.280     9255.890     9260.370
  1840:     9265.190     9272.170     9272.570     9291.870     9302.670
  1845:     9308.100     9320.390     9325.630     9325.890     9332.470
  1850:     9332.930     9333.200     9333.350     9337.990     9338.690
  1855:     9357.560     9358.350     9359.070     9372.030     9383.990
  1860:     9384.310     9384.470     9384.540     9384.780     9397.530
  1865:     9398.000     9403.040     9403.450     9403.680     9425.740
  1870:     9431.180     9445.140     9457.120     9462.970     9468.700
  1875:     9469.050     9503.560     9503.780     9537.800     9557.140
  1880:     9557.190     9557.630     9558.230     9563.410     9563.670
  1885:     9570.300     9570.330     9583.130     9583.560     9589.670
  1890:     9608.130     9608.550     9619.670     9626.880     9627.360
  1895:     9633.430     9647.560     9647.670     9675.140     9675.380
  1900:     9714.800     9722.810     9728.380     9742.220     9747.050
  1905:     9747.060     9747.060     9747.060     9747.060     9747.060
  1910:     9747.060     9747.690     9751.060     9752.060     9752.060
  1915:     9752.910     9757.050     9757.060     9759.680     9765.230
  1920:     9765.690     9772.380     9773.330     9778.700     9791.570
  1925:     9791.880     9792.130     9792.630     9797.880     9798.340
  1930:     9798.540     9818.060     9853.030     9853.180     9897.090
  1935:     9903.390     9908.680     9914.610     9931.290     9931.660
  1940:     9938.230     9939.210     9944.330     9950.780     9951.480
  1945:     9973.900     9974.210     9983.150     9983.630    10005.630
  1950:    10006.230    10012.710    10012.960    10013.010    10013.260
  1955:    10013.820    10035.340    10035.900    10044.410    10044.810
  1960:    10073.770    10080.070    10080.530    10096.770    10102.650
  1965:    10102.970    10103.200    10120.440    10120.630    10132.490
  1970:    10132.870    10147.180    10153.430    10154.050    10155.090
  1975:    10161.320    10175.690    10176.060    10176.590    10181.970
  1980:    10182.450    10198.770    10256.960    10284.290    10292.740
  1985:    10305.500    10312.460    10320.820    10322.130    10343.070
  1990:    10344.530    10352.500    10357.050    10357.060    10357.060
  1995:    10357.060    10357.060    10357.060    10357.060    10358.340
  2000:    10358.450    10361.060    10362.060    10362.060    10365.110
  2005:    10365.750    10367.050    10367.060    10371.720    10371.850
  2010:    10379.230    10385.070    10398.870    10399.590    10407.060
  2015:    10407.340    10420.080    10426.450    10440.130    10455.460
  2020:    10477.000    10477.950    10506.530    10587.820    10643.680
  2025:    10644.190    10644.320    10650.560    10664.490    10664.960
  2030:    10687.060    10702.370    10725.960    10748.830    10749.490
  2035:    10759.320    10759.870    10760.090    10765.970    10792.100
  2040:    10797.730    10797.830    10800.010
