File: C:\MED-PC IV\DATA\!2025-05-22_09h49m.Subject T3



Start Date: 05/22/25
End Date: 05/22/25
Subject: T3
Experiment: OralFentSA
Group: One
Box: 7
Start Time:  9:49:41
End Time: 12:49:43
MSN: Golden_Liq_SelfAdmin
F:       0.000
G:     475.000
H:   10800.010
I:       0.000
J:       0.000
K:       0.000
L:       0.000
M:       0.000
N:       0.000
O:       0.000
P:       0.000
Q:       0.000
R:       0.000
S:       0.000
U:       0.000
V:       0.000
W:       0.000
X:       0.000
Y:       0.000
Z:       0.000
A:
     0:        0.000        0.000      180.000        4.000        0.000
     5:        5.000        0.000        5.000        0.000        0.000
    10:        1.000        0.000       10.000  3000000.000       26.000
    15:        8.000      640.000        0.000        0.000        0.000
    20:        0.000
B:
     0:        0.000        0.000        0.000      400.000        0.000
     5:      500.000        0.000      500.000        0.000        0.000
    10:        0.000        0.000     1000.000 300000000.00        0.000
    15:        0.000        0.000        0.000        0.000        0.000
    20:        0.000
C:
     0:        3.000        4.000        0.000        3.000      419.000
     5:     8183.700        1.910        3.000        4.570        1.523
    10:        3.000       10.000        0.000        0.000        0.000
    15:        0.000        0.000        0.000        0.000        0.000
    20:        0.000
D:
     0:        1.500        1.160        1.910
E:
     0:       19.000       11.000       26.000       27.000        6.000
     5:        6.000        6.000        6.000        6.000        6.000
    10:        6.000        6.000        6.000        6.000        6.000
    15:        6.000        6.000        6.000        6.000        6.000
    20:        6.000        6.000        6.000        6.000        6.000
    25:        6.000        6.000        2.000        4.000       22.000
    30:       24.000       12.000       13.000        8.000        5.000
    35:       17.000        6.000        6.000       18.000        6.000
    40:       14.000       10.000       19.000       11.000        6.000
    45:        6.000        6.000        6.000        2.000        4.000
    50:       22.000       24.000       12.000       13.000        8.000
    55:        5.000       17.000        6.000       18.000       14.000
    60:       10.000       19.000       11.000        6.000        6.000
    65:        6.000        6.000        6.000        6.000        6.000
    70:        6.000        6.000        6.000        6.000        6.000
    75:        6.000        6.000        6.000        6.000        6.000
    80:        6.000        6.000        6.000        6.000        6.000
    85:        6.000        6.000        6.000        6.000        6.000
    90:        6.000        6.000        6.000        6.000        6.000
    95:        6.000        6.000        6.000        6.000        6.000
   100:        6.000        6.000        6.000        6.000        6.000
   105:        6.000        6.000        6.000        6.000        6.000
   110:        6.000        6.000        6.000        6.000        6.000
   115:        6.000        6.000        6.000        6.000        6.000
   120:        6.000        6.000        6.000        6.000        6.000
   125:        6.000        6.000        6.000        6.000        6.000
   130:        6.000        6.000        6.000        6.000        6.000
   135:        6.000        6.000        6.000        6.000        6.000
   140:        6.000        6.000        6.000        6.000        6.000
   145:        6.000        6.000        6.000        6.000        6.000
   150:        6.000        6.000        6.000        6.000        6.000
   155:       23.000        6.000        6.000        6.000        6.000
   160:        6.000        6.000        6.000        6.000        6.000
   165:        6.000        6.000        6.000        6.000        6.000
   170:        6.000        6.000        6.000        6.000        6.000
   175:        6.000        6.000        6.000        6.000        6.000
   180:        6.000        6.000        6.000        6.000        6.000
   185:        6.000        6.000        6.000        6.000        6.000
   190:        6.000        6.000        6.000        6.000        6.000
   195:        6.000        6.000        6.000        6.000        6.000
   200:        6.000        6.000        6.000        6.000        6.000
   205:        6.000        6.000        6.000        6.000        6.000
   210:        6.000        6.000        6.000        6.000        6.000
   215:        6.000        6.000        6.000        6.000        6.000
   220:        6.000        6.000        6.000        6.000        6.000
   225:        6.000        6.000        6.000        6.000        6.000
   230:        6.000        6.000        6.000        6.000        6.000
   235:        6.000        6.000        6.000        6.000        6.000
   240:        6.000        6.000        6.000       23.000       23.000
   245:       23.000        6.000        6.000        6.000        6.000
   250:        6.000       23.000       23.000       23.000        6.000
   255:        6.000        6.000        6.000       23.000        6.000
   260:        6.000        6.000       23.000        6.000        6.000
   265:        6.000        6.000        6.000        6.000        6.000
   270:        6.000        6.000        6.000        6.000       23.000
   275:        6.000        6.000        6.000        6.000        6.000
   280:        6.000        6.000        6.000        6.000        6.000
   285:        6.000        6.000        6.000        6.000        6.000
   290:        6.000        6.000        6.000        6.000        6.000
   295:        6.000        6.000        6.000        6.000        6.000
   300:        6.000        6.000        6.000        6.000        6.000
   305:        6.000        6.000        6.000        6.000        6.000
   310:        6.000        6.000        6.000        6.000        6.000
   315:        6.000        6.000        6.000        6.000        6.000
   320:        6.000        6.000        6.000        6.000        6.000
   325:        6.000        6.000        6.000        6.000        6.000
   330:        6.000        6.000        2.000        4.000       22.000
   335:       24.000       12.000       13.000        8.000        5.000
   340:       17.000        6.000        6.000       18.000        6.000
   345:       14.000       10.000        6.000       19.000       11.000
   350:        6.000        6.000        6.000        6.000        6.000
   355:        6.000        6.000        6.000        6.000        6.000
   360:        6.000        6.000        6.000        6.000        6.000
   365:        6.000        6.000        6.000        6.000        6.000
   370:        6.000        6.000        6.000        6.000        6.000
   375:        6.000        6.000        6.000        6.000        6.000
   380:        6.000        6.000        6.000        6.000        6.000
   385:        6.000        6.000        6.000        6.000        6.000
   390:        6.000        6.000        6.000        6.000        6.000
   395:        6.000        6.000        6.000        6.000        6.000
   400:        6.000        6.000        6.000        6.000        6.000
   405:        6.000        6.000        6.000        6.000        6.000
   410:        6.000        6.000        6.000        6.000        6.000
   415:        6.000        6.000        6.000        6.000        6.000
   420:        6.000        6.000        6.000        6.000        6.000
   425:        6.000        6.000        6.000        6.000        6.000
   430:        6.000        6.000        6.000        6.000        6.000
   435:        6.000        6.000        6.000        6.000        6.000
   440:        6.000        6.000        6.000        6.000        6.000
   445:        6.000        6.000        6.000        6.000        6.000
   450:        6.000        6.000        6.000        6.000        6.000
   455:        6.000        6.000        6.000        6.000        6.000
   460:        6.000        6.000        6.000        6.000        6.000
   465:        6.000        6.000        6.000        6.000        6.000
   470:        6.000        6.000        6.000        6.000        6.000
   475:      100.000
T:
     0:        0.000        0.000        0.000        0.000       19.930
     5:       21.010       22.020       43.020       90.880      207.650
    10:      207.800      300.270      340.300      424.680      424.910
    15:      425.120      676.200      676.660      679.460      692.780
    20:      693.000      694.000      720.520      763.490      789.580
    25:      790.270      803.970      834.650      834.650      834.650
    30:      834.660      834.660      834.660      834.660      834.660
    35:      834.660      836.160      836.530      838.660      839.320
    40:      839.660      839.660      844.650      844.660      846.350
    45:      848.940      862.490      869.240      878.120      878.120
    50:      878.120      878.130      878.130      878.130      878.130
    55:      878.130      878.130      879.290      882.130      883.130
    60:      883.130      888.120      888.130      900.360      900.600
    65:      903.230      995.810     1062.480     1074.980     1087.710
    70:     1087.770     1097.120     1218.900     1219.190     1219.790
    75:     1237.350     1238.640     1239.510     1241.500     1242.520
    80:     1243.360     1243.430     1261.430     1305.450     1305.560
    85:     1305.750     1333.490     1344.520     1368.730     1390.170
    90:     1390.390     1390.700     1391.950     1434.200     1457.730
    95:     1475.920     1736.120     1737.850     1774.020     1774.590
   100:     1774.770     1791.180     1796.300     1957.780     1967.330
   105:     1967.360     1976.590     1987.440     2012.240     2039.960
   110:     2136.540     2221.830     2238.640     2239.160     2239.700
   115:     2276.110     2292.890     2342.810     2959.190     2959.410
   120:     2959.740     2996.780     3012.870     3070.920     3095.070
   125:     3114.930     3136.940     3137.230     3138.210     3163.090
   130:     3163.410     3163.530     3199.060     3267.510     3294.610
   135:     3294.750     3295.390     3333.960     3334.410     3365.070
   140:     3418.540     3443.320     3443.820     3452.910     3462.380
   145:     3462.500     3462.540     3462.690     3462.760     3462.820
   150:     3725.580     4427.920     4427.940     4470.900     4499.320
   155:     4547.720     4563.220     4571.430     4571.470     4573.680
   160:     4573.700     4573.740     4584.220     4585.370     4594.890
   165:     4604.150     4604.400     4624.830     4631.370     4669.370
   170:     4670.710     4686.790     4728.730     4728.850     4729.590
   175:     4729.880     4794.590     4854.890     4862.210     4862.360
   180:     4862.610     4863.240     4863.610     4863.800     4918.030
   185:     4924.820     4925.180     4925.200     4925.310     4925.390
   190:     4925.410     4926.690     4926.850     4927.050     4927.110
   195:     4927.230     4938.480     4989.590     5037.470     5037.920
   200:     5038.040     5038.070     5040.110     5040.640     5107.250
   205:     5107.490     5191.540     5206.450     5206.520     5215.300
   210:     5215.530     5215.570     5215.590     5215.740     5469.740
   215:     5469.810     5469.850     5470.030     5470.940     5470.990
   220:     5471.020     5471.120     5471.190     5539.090     5539.380
   225:     5747.990     5818.600     5842.020     5850.400     5850.430
   230:     5867.270     5877.610     5932.550     5998.370     5998.760
   235:     6009.510     6089.410     6627.920     6628.120     6723.660
   240:     6724.030     6759.420     6764.220     6841.690     6865.360
   245:     6885.760     6922.340     6934.760     6947.370     7094.580
   250:     7156.500     7189.780     7191.010     7193.630     7230.110
   255:     7230.160     7230.190     7231.110     7239.240     7268.570
   260:     7268.840     7269.320     7340.220     7359.460     7370.530
   265:     7371.290     7422.010     7423.420     7428.900     7430.910
   270:     7542.760     7631.130     7631.640     7668.880     7694.250
   275:     7701.860     7702.140     7709.100     7740.370     7740.470
   280:     7740.940     7774.470     7782.310     7782.410     7782.780
   285:     7782.800     7782.820     7782.880     7787.920     7788.300
   290:     7788.670     7788.740     7811.630     7811.650     7812.850
   295:     7830.280     7830.560     7830.610     7831.250     7831.490
   300:     7833.330     7833.430     7833.460     7833.490     7833.610
   305:     7855.870     7856.660     7865.770     7889.270     7912.890
   310:     7914.110     7932.020     7932.180     7937.540     7944.050
   315:     7944.280     7944.320     7944.640     7952.530     7952.810
   320:     7962.680     7962.920     7963.110     7974.490     8045.230
   325:     8045.300     8045.310     8074.290     8074.380     8143.180
   330:     8143.240     8181.050     8183.690     8183.690     8183.690
   335:     8183.700     8183.700     8183.700     8183.700     8183.700
   340:     8183.700     8185.610     8186.180     8187.700     8188.520
   345:     8188.700     8188.700     8190.220     8193.690     8193.700
   350:     8198.900     8200.490     8200.980     8201.520     8207.470
   355:     8213.020     8225.120     8225.360     8247.910     8473.690
   360:     8661.670     8661.880     8714.750     8797.940     8797.950
   365:     8798.530     8798.560     8798.910     8816.840     8857.420
   370:     8857.650     8858.110     8888.170     8888.360     8888.430
   375:     8888.710     8888.930     8888.980     8889.140     8889.180
   380:     8889.250     8927.830     8954.480     8960.690     8961.250
   385:     8961.330     8961.390     8961.510     8961.580     8961.630
   390:     8967.920     8968.960     8985.190     9004.930     9044.050
   395:     9108.550     9144.790     9144.860     9144.930     9145.140
   400:     9145.170     9439.820     9439.860     9452.340     9481.870
   405:     9481.900     9482.190     9491.580     9529.650     9622.870
   410:     9632.010     9652.630     9652.700     9652.760     9652.840
   415:     9653.000     9653.120     9718.270     9744.220     9800.630
   420:     9800.680     9825.430     9825.500     9825.680     9855.330
   425:     9855.440     9855.580     9868.020     9886.150     9915.590
   430:    10003.510    10008.970    10009.040    10009.710    10051.140
   435:    10052.950    10054.080    10059.100    10077.280    10250.230
   440:    10250.270    10251.210    10251.240    10251.370    10251.420
   445:    10251.650    10251.890    10256.500    10256.530    10256.600
   450:    10274.640    10332.810    10333.930    10334.340    10334.370
   455:    10358.120    10358.240    10358.360    10368.230    10381.790
   460:    10382.090    10393.210    10393.790    10398.930    10423.190
   465:    10453.680    10454.030    10488.420    10488.610    10488.690
   470:    10488.810    10493.840    10505.430    10524.090    10582.520
   475:    10800.010
