File: C:\MED-PC IV\DATA\!2025-08-22_13h16m.Subject T15



Start Date: 08/22/25
End Date: 08/22/25
Subject: T15
Experiment: OralFentSA
Group: One
Box: 3
Start Time: 13:16:31
End Time: 16:17:11
MSN: Golden_Liq_SelfAdmin_LIT
F:       0.000
G:     765.000
H:   10800.010
I:       0.000
J:       0.000
K:       0.000
L:       0.000
M:       0.000
N:       0.000
O:       0.000
P:       0.000
Q:       0.000
R:       0.000
S:       0.000
U:       0.000
V:       0.000
W:       0.000
X:       0.000
Y:       0.000
Z:       0.000
A:
     0:        0.000        0.000      180.000        4.000        0.000
     5:        5.000        0.000        5.000        0.000        0.000
    10:        1.000        0.000       10.000     3000.000       22.000
    15:        5.000      320.000        0.000        0.000        0.000
    20:        0.000
B:
     0:        0.000        0.000        0.000      400.000        0.000
     5:      500.000        0.000      500.000        0.000        0.000
    10:        0.000        0.000     1000.000   300000.000        0.000
    15:        0.000        0.000        0.000        0.000        0.000
    20:        0.000
C:
     0:       11.000       12.000        0.000       11.000      626.000
     5:     8593.490        2.450        8.000      245.020       30.627
    10:       11.000        3.000        4.000        0.000        0.000
    15:        0.000        0.000        0.000        0.000        0.000
    20:        0.000
D:
     0:        4.470       11.930        4.800        7.880        9.080
     5:      179.680       24.730        2.450
E:
     0:       19.000       11.000       26.000       27.000        6.000
     5:        6.000        6.000        6.000        6.000        2.000
    10:        4.000       22.000       24.000       13.000        8.000
    15:        5.000       17.000       18.000        6.000       14.000
    20:       10.000        6.000        6.000       19.000        6.000
    25:        6.000        6.000        6.000        6.000        6.000
    30:        6.000        6.000        6.000        6.000        6.000
    35:        6.000        6.000        6.000        6.000        6.000
    40:        6.000        6.000        6.000        6.000        6.000
    45:        6.000        6.000        6.000        6.000        6.000
    50:        6.000        6.000        6.000        6.000        6.000
    55:        6.000        6.000        6.000        6.000        6.000
    60:        6.000        6.000        6.000        6.000        6.000
    65:        6.000        6.000        6.000        6.000        6.000
    70:        6.000        6.000        6.000        6.000        6.000
    75:        6.000        6.000        6.000        6.000        6.000
    80:        6.000        6.000        6.000        6.000        6.000
    85:        6.000        6.000        6.000        6.000        6.000
    90:        6.000        6.000        6.000        6.000        6.000
    95:        6.000        6.000        6.000        6.000        6.000
   100:        6.000        6.000        6.000        6.000        6.000
   105:        6.000        6.000        6.000        6.000        6.000
   110:        6.000        6.000        6.000        6.000        6.000
   115:        6.000        6.000        6.000        6.000        6.000
   120:        6.000        6.000        6.000        6.000        6.000
   125:        6.000        6.000        6.000        6.000        6.000
   130:        6.000        6.000        6.000        6.000        6.000
   135:        6.000        6.000        6.000        6.000        6.000
   140:        6.000        6.000        6.000        6.000        6.000
   145:        6.000        6.000        6.000        6.000        6.000
   150:        6.000        6.000        6.000        6.000        6.000
   155:        6.000        6.000        6.000        6.000        6.000
   160:        6.000        6.000        6.000        6.000        6.000
   165:        6.000        6.000        6.000        6.000        6.000
   170:        6.000        6.000        6.000        6.000        6.000
   175:        6.000        6.000        6.000        6.000        6.000
   180:        6.000        6.000        6.000        6.000        6.000
   185:        6.000        6.000        6.000        6.000        6.000
   190:        6.000        6.000        6.000        6.000        6.000
   195:        6.000        6.000        6.000        6.000        6.000
   200:        6.000        6.000        6.000        6.000        6.000
   205:        6.000        6.000        6.000        6.000        6.000
   210:        6.000        6.000        6.000        6.000        6.000
   215:        6.000        6.000        6.000        6.000        6.000
   220:       23.000        6.000        6.000        6.000        6.000
   225:       25.000       24.000       13.000        8.000        5.000
   230:       17.000       18.000       14.000       10.000       19.000
   235:        6.000        6.000        6.000        6.000        6.000
   240:        6.000        6.000        6.000        6.000        6.000
   245:        6.000        6.000        6.000        6.000        6.000
   250:        6.000        6.000        6.000        6.000        6.000
   255:        6.000        6.000        6.000        6.000        6.000
   260:        6.000        6.000        6.000       23.000        6.000
   265:        6.000        6.000        6.000        6.000        6.000
   270:        6.000        6.000        6.000        6.000        6.000
   275:        6.000       23.000        6.000        6.000        6.000
   280:        6.000        6.000        6.000        6.000        6.000
   285:        6.000        6.000        6.000        6.000        6.000
   290:        6.000        6.000        6.000        6.000        6.000
   295:        6.000        6.000        6.000        6.000        6.000
   300:        6.000        6.000        6.000        6.000        6.000
   305:        6.000        6.000        6.000        6.000        6.000
   310:        6.000        6.000        6.000        6.000        6.000
   315:        6.000        6.000        6.000        6.000        6.000
   320:        6.000        6.000        6.000        6.000        6.000
   325:        6.000        6.000        6.000        6.000        6.000
   330:        6.000        6.000        6.000        6.000        6.000
   335:        6.000        6.000        6.000        6.000        6.000
   340:        6.000        6.000        6.000        6.000        6.000
   345:        6.000        6.000        6.000        6.000        6.000
   350:        6.000        6.000        2.000        4.000       22.000
   355:       24.000       13.000        8.000        5.000       17.000
   360:       21.000       22.000       18.000        6.000       14.000
   365:       10.000       19.000        6.000        6.000        6.000
   370:        6.000        6.000        6.000        6.000        6.000
   375:        6.000        6.000        6.000        6.000        6.000
   380:        6.000        6.000        6.000        6.000        6.000
   385:        6.000        6.000        6.000        6.000        6.000
   390:        6.000        6.000        6.000        6.000        6.000
   395:        6.000        6.000        6.000        6.000        6.000
   400:        6.000        6.000        6.000        6.000        6.000
   405:        6.000        6.000        6.000        6.000        6.000
   410:        6.000        6.000        6.000        6.000        6.000
   415:        6.000        6.000        6.000        6.000        6.000
   420:        6.000        6.000        6.000        6.000        6.000
   425:        6.000        6.000        6.000        6.000        6.000
   430:        6.000        6.000        6.000        6.000        6.000
   435:        6.000        6.000        6.000        6.000        6.000
   440:        6.000        6.000        6.000        6.000        6.000
   445:        6.000        6.000        6.000        6.000        6.000
   450:        6.000        6.000        6.000        6.000        6.000
   455:        6.000        6.000        6.000        6.000        6.000
   460:        6.000        6.000        6.000        6.000        6.000
   465:        6.000        6.000        6.000        6.000        6.000
   470:        6.000        6.000        6.000        6.000        6.000
   475:        6.000        6.000        6.000        6.000        6.000
   480:        6.000        6.000        6.000        6.000        6.000
   485:        6.000        6.000        6.000        6.000        6.000
   490:        6.000        6.000        6.000        6.000        6.000
   495:        6.000        6.000        6.000        6.000        6.000
   500:        6.000        6.000        6.000        6.000        6.000
   505:        6.000        6.000        6.000        6.000        6.000
   510:        6.000        6.000        6.000        6.000        6.000
   515:        6.000        6.000        6.000        6.000        6.000
   520:       30.000       24.000       13.000        8.000        5.000
   525:       17.000       18.000       14.000       10.000        6.000
   530:       19.000        6.000        6.000        6.000        6.000
   535:        6.000        6.000        6.000        6.000        6.000
   540:        6.000        6.000        6.000        6.000        6.000
   545:        6.000        6.000        6.000        6.000        6.000
   550:        6.000        6.000        6.000        6.000        6.000
   555:        2.000        4.000       22.000       24.000       13.000
   560:        8.000        5.000       17.000       18.000       14.000
   565:       10.000        6.000        6.000       19.000        6.000
   570:        6.000        6.000        6.000        6.000        6.000
   575:       30.000       24.000       13.000        8.000        5.000
   580:       17.000       18.000       14.000       10.000       19.000
   585:        6.000        6.000        6.000        6.000        2.000
   590:        4.000       22.000       24.000       13.000        8.000
   595:        5.000       17.000       18.000       14.000       10.000
   600:       19.000        2.000        4.000       22.000       24.000
   605:       13.000        8.000        5.000       17.000       21.000
   610:       22.000       18.000       14.000       10.000       19.000
   615:        2.000        4.000       22.000       24.000       13.000
   620:        8.000        5.000       17.000       21.000       22.000
   625:       21.000       22.000       18.000       14.000       10.000
   630:       19.000        2.000        4.000       22.000       24.000
   635:       13.000        8.000        5.000       17.000       18.000
   640:       14.000       10.000       19.000        6.000        6.000
   645:        6.000        6.000       30.000       24.000       13.000
   650:        8.000        5.000       17.000        6.000        6.000
   655:       18.000       14.000       10.000        6.000       19.000
   660:        6.000        6.000        6.000        6.000        6.000
   665:        6.000        6.000        6.000        6.000        6.000
   670:        6.000        6.000        6.000        6.000        6.000
   675:        6.000        6.000        6.000        6.000        6.000
   680:        6.000        6.000        6.000        6.000        6.000
   685:        6.000        6.000        6.000        6.000        6.000
   690:        6.000        6.000        6.000        6.000        6.000
   695:        6.000        6.000        6.000        6.000        6.000
   700:        6.000        6.000        6.000        6.000        6.000
   705:        6.000        6.000        6.000        6.000        6.000
   710:        6.000        6.000        6.000        6.000        6.000
   715:        6.000        6.000        6.000        6.000        6.000
   720:        6.000        6.000        6.000        6.000        6.000
   725:        6.000        6.000        6.000        6.000        6.000
   730:        6.000        6.000        6.000        6.000        6.000
   735:        6.000        6.000        6.000        6.000        6.000
   740:        6.000        6.000        6.000        6.000        6.000
   745:        6.000        6.000        6.000        6.000        6.000
   750:        6.000        6.000        6.000        6.000        6.000
   755:        6.000        6.000        6.000        6.000        6.000
   760:        6.000        6.000        6.000        6.000        6.000
   765:      100.000
T:
     0:        0.000        0.000        0.000        0.000       11.300
     5:       12.290       25.120       48.850       66.720       84.110
    10:       84.110       84.110       84.120       84.120       84.120
    15:       84.120       84.120       88.120       88.590       89.120
    20:       89.120       92.320       93.580       94.110      100.940
    25:      107.580      109.830      144.320      147.390      182.430
    30:      204.660      211.330      222.700      256.140      265.600
    35:      277.060      311.700      339.490      357.410      359.720
    40:      379.870      380.020      380.200      386.640      386.960
    45:      411.210      412.650      414.750      414.840      441.880
    50:      444.580      445.560      451.010      451.300      451.770
    55:      466.070      475.420      492.330      492.470      492.490
    60:      492.530      493.170      512.890      514.500      523.600
    65:      534.840      561.280      574.090      574.120      575.590
    70:      612.930      676.160      678.230      825.990      826.120
    75:     1260.640     1298.200     1369.160     1369.530     1369.580
    80:     1371.280     1380.700     1402.280     1408.760     1408.780
    85:     1410.030     1410.060     1410.100     1410.230     1410.290
    90:     1410.330     1410.450     1413.860     1431.290     1433.970
    95:     1455.630     1504.870     1508.030     1524.160     1587.010
   100:     1587.140     1603.440     1616.000     1616.500     1639.450
   105:     1646.170     1685.590     1687.220     1690.570     1761.790
   110:     1769.110     1797.070     1799.250     1799.720     1804.230
   115:     1804.930     1806.350     1834.590     1843.020     1843.650
   120:     1872.570     1893.590     1946.880     1992.950     1994.230
   125:     1995.150     2005.800     2012.990     2013.380     2051.650
   130:     2053.080     2063.580     2065.030     2065.410     2077.230
   135:     2096.440     2098.400     2100.930     2105.350     2108.490
   140:     2111.570     2111.700     2114.220     2116.490     2116.590
   145:     2120.060     2122.610     2123.210     2123.300     2125.280
   150:     2125.340     2125.440     2125.520     2125.600     2125.670
   155:     2125.930     2126.270     2126.330     2126.380     2126.750
   160:     2127.940     2128.550     2129.820     2131.470     2132.440
   165:     2133.050     2144.910     2150.760     2152.560     2152.640
   170:     2152.750     2152.770     2153.500     2153.730     2163.390
   175:     2164.920     2167.590     2168.270     2168.500     2168.730
   180:     2169.410     2169.490     2169.650     2173.870     2174.370
   185:     2187.940     2200.850     2205.130     2205.540     2205.870
   190:     2206.040     2207.110     2259.620     2299.060     2310.310
   195:     2327.290     2343.220     2347.830     2403.520     2453.570
   200:     2457.280     2459.980     2463.680     2506.090     2527.620
   205:     2527.690     2529.470     2529.510     2529.530     2529.540
   210:     2529.600     2529.740     2535.500     2560.840     2562.120
   215:     2597.730     2670.670     2677.310     2721.060     2881.110
   220:     2904.000     2913.700     2970.440     2978.200     3027.110
   225:     3094.110     3094.120     3094.120     3094.120     3094.120
   230:     3094.120     3098.120     3099.120     3099.120     3104.110
   235:     3106.050     3138.060     3138.390     3141.040     3738.320
   240:     3750.940     3751.010     3751.080     3751.130     3751.180
   245:     3751.370     3788.500     3901.190     3901.280     3942.060
   250:     3942.300     3943.440     3943.590     3944.080     3944.160
   255:     3944.250     3944.450     4059.860     4092.440     4092.830
   260:     4093.100     4093.710     4095.420     4107.660     4111.580
   265:     4112.250     4112.400     4128.530     4130.800     4140.380
   270:     4162.030     4189.690     4231.090     4270.890     4271.390
   275:     4285.070     4364.970     4386.660     4387.080     4391.170
   280:     4429.200     4446.960     4485.560     4530.080     4530.090
   285:     4549.730     4549.890     4551.810     4552.430     4552.630
   290:     4552.820     4553.110     4553.610     4554.110     4554.650
   295:     4555.110     4555.650     4555.930     4555.990     4556.630
   300:     4556.710     4622.100     4663.850     4664.110     4701.530
   305:     4719.110     4719.180     4720.820     4722.320     4724.400
   310:     4724.550     4724.610     4724.660     4724.790     4724.950
   315:     4725.130     4726.990     4880.250     4940.150     4942.810
   320:     4955.130     4956.170     4977.310     4977.350     4977.610
   325:     4977.860     4981.620     4982.430     4982.440     5018.830
   330:     5027.760     5027.830     5027.850     5027.960     5028.120
   335:     5028.210     5028.460     5028.650     5028.780     5028.830
   340:     5031.850     5031.910     5032.200     5032.320     5033.000
   345:     5034.000     5034.750     5034.930     5035.130     5037.840
   350:     5038.670     5058.330     5078.220     5078.220     5078.220
   355:     5078.230     5078.230     5078.230     5078.230     5078.230
   360:     5080.510     5080.510     5082.230     5083.030     5083.230
   365:     5083.230     5088.220     5098.410     5099.700     5099.920
   370:     5101.480     5112.100     5114.750     5116.030     5116.150
   375:     5116.520     5171.550     6085.860     6090.160     6112.260
   380:     6112.520     6112.610     6113.460     6114.010     6154.610
   385:     6156.410     6158.770     6158.790     6158.860     6175.870
   390:     6215.480     6235.400     6235.810     6236.100     6241.510
   395:     6247.690     6254.840     6255.750     6256.340     6258.820
   400:     6258.930     6262.350     6262.430     6262.490     6264.410
   405:     6265.020     6266.080     6266.120     6268.020     6268.340
   410:     6268.470     6270.640     6270.790     6271.280     6271.460
   415:     6273.340     6273.950     6278.300     6288.530     6291.200
   420:     6292.670     6294.510     6294.650     6295.920     6356.250
   425:     6356.600     6357.250     6387.680     6461.310     6474.640
   430:     6475.120     6504.130     6504.600     6530.810     6532.000
   435:     6646.250     7060.770     7060.830     7060.910     7063.320
   440:     7063.540     7063.890     7064.800     7064.850     7065.130
   445:     7065.240     7065.360     7065.730     7065.940     7068.150
   450:     7068.210     7068.360     7068.790     7068.860     7068.910
   455:     7069.090     7069.220     7070.170     7070.580     7070.610
   460:     7070.670     7070.960     7113.750     7140.010     7163.340
   465:     7191.930     7194.510     7197.690     7198.060     7198.100
   470:     7203.100     7203.210     7217.750     7218.110     7218.250
   475:     7218.330     7218.490     7242.310     7268.060     7273.410
   480:     7275.120     7280.550     7312.470     7312.850     7312.930
   485:     7394.970     7410.580     7436.230     7464.720     7480.900
   490:     7509.350     7540.700     7583.730     7584.090     7620.890
   495:     7652.370     7658.950     7661.180     7675.300     7677.150
   500:     7682.600     7709.360     7741.260     7741.780     7743.690
   505:     7747.440     7747.470     7747.490     7827.140     7849.100
   510:     7860.140     7861.050     7867.900     7873.050     7875.880
   515:     7877.320     7877.400     7878.450     7893.580     7910.270
   520:     7917.180     7917.180     7917.180     7917.180     7917.180
   525:     7917.180     7921.180     7922.180     7922.180     7925.060
   530:     7927.170     7931.190     7936.560     7941.610     7941.820
   535:     7954.920     7963.360     7963.410     7987.780     7989.730
   540:     8006.860     8007.040     8015.650     8017.290     8017.300
   545:     8018.350     8018.460     8018.560     8018.590     8018.690
   550:     8018.810     8031.140     8031.300     8033.940     8034.710
   555:     8038.460     8038.460     8038.460     8038.470     8038.470
   560:     8038.470     8038.470     8038.470     8042.470     8043.470
   565:     8043.470     8047.550     8047.680     8048.460     8051.390
   570:     8053.240     8063.330     8063.510     8088.330     8095.000
   575:     8233.340     8233.340     8233.340     8233.340     8233.340
   580:     8233.340     8237.340     8238.340     8238.340     8243.330
   585:     8413.020     8416.390     8479.150     8480.210     8496.240
   590:     8496.240     8496.240     8496.250     8496.250     8496.250
   595:     8496.250     8496.250     8500.250     8501.250     8501.250
   600:     8506.240     8507.670     8507.670     8507.670     8507.680
   605:     8507.680     8507.680     8507.680     8507.680     8508.190
   610:     8508.190     8511.680     8512.680     8512.680     8517.670
   615:     8521.650     8521.650     8521.650     8521.660     8521.660
   620:     8521.660     8521.660     8521.660     8522.210     8522.210
   625:     8522.380     8522.380     8525.660     8526.660     8526.660
   630:     8531.650     8537.480     8537.480     8537.480     8537.490
   635:     8537.490     8537.490     8537.490     8537.490     8541.490
   640:     8542.490     8542.490     8547.480     8562.220     8571.470
   645:     8579.580     8581.800     8593.490     8593.490     8593.490
   650:     8593.490     8593.490     8593.490     8595.940     8595.980
   655:     8597.490     8598.490     8598.490     8600.400     8603.480
   660:     8622.130     8622.300     8629.450     8629.860     8645.180
   665:     8657.130     8674.470     8674.670     8676.450     8702.180
   670:     8702.390     8702.620     8705.010     8728.120     8739.660
   675:     8740.010     8817.370     8817.600     8827.600     8836.340
   680:     8838.100     8855.950     8857.700     8857.930     8864.080
   685:     9117.790     9122.680     9123.680     9132.760     9294.300
   690:     9356.200     9367.590     9388.990     9411.670     9430.900
   695:     9431.360     9435.990     9436.700     9443.330     9460.670
   700:     9461.650     9473.360     9493.640     9589.160     9654.830
   705:     9710.370     9710.450     9710.610     9718.280     9729.920
   710:     9735.420     9736.130     9745.800     9747.090     9781.870
   715:     9815.300     9816.250     9820.050     9820.930     9830.340
   720:     9872.620     9896.810     9903.270     9903.440     9909.100
   725:     9909.390     9909.860     9925.610     9925.800     9932.850
   730:     9933.380     9942.290     9952.230     9955.110     9975.150
   735:     9975.760     9977.570     9981.790     9985.510     9986.050
   740:     9995.650     9995.890     9995.900    10033.300    10098.800
   745:    10104.540    10126.690    10140.780    10155.760    10178.210
   750:    10182.630    10193.770    10193.840    10211.240    10378.780
   755:    10436.390    10440.670    10440.910    10465.460    10509.820
   760:    10561.180    10611.290    10721.490    10777.370    10777.730
   765:    10800.010
