File: C:\MED-PC IV\DATA\!2025-08-18_16h27m.Subject T20



Start Date: 08/18/25
End Date: 08/19/25
Subject: T20
Experiment: OralFentSA
Group: One
Box: 1
Start Time: 16:27:40
End Time: 11:32:30
MSN: Golden_Liq_SelfAdmin_LIT
F:       0.000
G:     300.000
H:   10800.010
I:       0.000
J:       0.000
K:       0.000
L:       0.000
M:       0.000
N:       0.000
O:       0.000
P:       0.000
Q:       0.000
R:       0.000
S:       0.000
U:       0.000
V:       0.000
W:       0.000
X:       0.000
Y:       0.000
Z:       0.000
A:
     0:        0.000        0.000      180.000        4.000        0.000
     5:        5.000        0.000        5.000        0.000        0.000
    10:        1.000        0.000       10.000      600.000       21.000
    15:        1.000      320.000        0.000        0.000        0.000
    20:        0.000
B:
     0:        0.000        0.000        0.000      400.000        0.000
     5:      500.000        0.000      500.000        0.000        0.000
    10:        0.000        0.000     1000.000    60000.000        0.000
    15:        0.000        0.000        0.000        0.000        0.000
    20:        0.000
C:
     0:       19.000       20.000        0.000        0.000      106.000
     5:    10360.000      272.330       16.000     2087.300      130.456
    10:        0.000        0.000       19.000        0.000        0.000
    15:        0.000        0.000        0.000        0.000        0.000
    20:        0.000
D:
     0:      540.850      219.580      353.520        0.040      141.690
     5:      137.650       90.390        4.810       29.660      128.620
    10:       92.750       10.860       17.600       22.720       24.230
    15:      272.330
E:
     0:       19.000       11.000       26.000       27.000       25.000
     5:       24.000       13.000        8.000        5.000       17.000
    10:       18.000       14.000       10.000       19.000        6.000
    15:        6.000        6.000        6.000        6.000       25.000
    20:       24.000       13.000        8.000        5.000       17.000
    25:       18.000       14.000       10.000       19.000        6.000
    30:       30.000       24.000       13.000        8.000        5.000
    35:       17.000       18.000       14.000       10.000       19.000
    40:        6.000        6.000        6.000        6.000        6.000
    45:        6.000       25.000       24.000       13.000        8.000
    50:        5.000       17.000        6.000        6.000       18.000
    55:       14.000       10.000       19.000       25.000       24.000
    60:       13.000        8.000        5.000       17.000       18.000
    65:       14.000       10.000       19.000       25.000       24.000
    70:       13.000        8.000        5.000       17.000       18.000
    75:       14.000       10.000       19.000        6.000        6.000
    80:        6.000        6.000        6.000        6.000        6.000
    85:        6.000        6.000        6.000        6.000       25.000
    90:       24.000       13.000        8.000        5.000       17.000
    95:       18.000       14.000       10.000       19.000        6.000
   100:        6.000        6.000        6.000        6.000        6.000
   105:        6.000        6.000        6.000        6.000        6.000
   110:        6.000       25.000       24.000       13.000        8.000
   115:        5.000       17.000       18.000       14.000       10.000
   120:       19.000       25.000       24.000       13.000        8.000
   125:        5.000       17.000       18.000       14.000       10.000
   130:       19.000        6.000        6.000        6.000        6.000
   135:        6.000        6.000        6.000        6.000        6.000
   140:       25.000       24.000       13.000        8.000        5.000
   145:       17.000       18.000       14.000       10.000       19.000
   150:       25.000       24.000       13.000        8.000        5.000
   155:       17.000       18.000        6.000       14.000       10.000
   160:        6.000        6.000       19.000        6.000        6.000
   165:        6.000        6.000        6.000        6.000       25.000
   170:       24.000       13.000        8.000        5.000       17.000
   175:       18.000       14.000       10.000       19.000        6.000
   180:        6.000        6.000       25.000       24.000       13.000
   185:        8.000        5.000       17.000       18.000       14.000
   190:       10.000       19.000        6.000        6.000       25.000
   195:       24.000       13.000        8.000        5.000       17.000
   200:       18.000       14.000       10.000       19.000        6.000
   205:        6.000        6.000        6.000        6.000        6.000
   210:       30.000       24.000       13.000        8.000        5.000
   215:       17.000       18.000       14.000       10.000       19.000
   220:        6.000        6.000        6.000        6.000        6.000
   225:        6.000        6.000        6.000        6.000        6.000
   230:        6.000       25.000       24.000       13.000        8.000
   235:        5.000       17.000       18.000       14.000       10.000
   240:       19.000        6.000        6.000        6.000        6.000
   245:        6.000        6.000        6.000       25.000       24.000
   250:       13.000        8.000        5.000       17.000       18.000
   255:       14.000       10.000       19.000        6.000        6.000
   260:        6.000        6.000        6.000        6.000        6.000
   265:       25.000       24.000       13.000        8.000        5.000
   270:       17.000       18.000       14.000       10.000       19.000
   275:        6.000        6.000        6.000       25.000       24.000
   280:       13.000        8.000        5.000       17.000       18.000
   285:       14.000       10.000       19.000        6.000        6.000
   290:        6.000        6.000        6.000        6.000        6.000
   295:        6.000        6.000        6.000        6.000        6.000
   300:      100.000
T:
     0:        0.000        0.000        0.000        0.000      599.990
     5:      600.000      600.000      600.000      600.000      600.000
    10:      604.000      605.000      605.000      609.990     1140.850
    15:     1141.070     1145.130     1148.300     1150.230     1209.990
    20:     1210.000     1210.000     1210.000     1210.000     1210.000
    25:     1214.000     1215.000     1215.000     1219.990     1429.580
    30:     1446.510     1446.510     1446.510     1446.510     1446.510
    35:     1446.510     1450.510     1451.510     1451.510     1456.500
    40:     1800.030     1809.490     1809.820     1813.930     1815.040
    45:     1816.700     1819.990     1820.000     1820.000     1820.000
    50:     1820.000     1820.000     1820.040     1820.130     1824.000
    55:     1825.000     1825.000     1829.990     2429.990     2430.000
    60:     2430.000     2430.000     2430.000     2430.000     2434.000
    65:     2435.000     2435.000     2439.990     3039.990     3040.000
    70:     3040.000     3040.000     3040.000     3040.000     3044.000
    75:     3045.000     3045.000     3049.990     3181.690     3186.870
    80:     3188.450     3189.170     3192.110     3194.930     3195.870
    85:     3428.370     3436.790     3437.880     3441.060     3649.990
    90:     3650.000     3650.000     3650.000     3650.000     3650.000
    95:     3654.000     3655.000     3655.000     3659.990     3787.650
   100:     3788.790     3856.390     3857.300     3864.890     3866.140
   105:     3866.670     3915.860     3943.590     3943.760     3944.050
   110:     3991.600     4259.990     4260.000     4260.000     4260.000
   115:     4260.000     4260.000     4264.000     4265.000     4265.000
   120:     4269.990     4869.990     4870.000     4870.000     4870.000
   125:     4870.000     4870.000     4874.000     4875.000     4875.000
   130:     4879.990     4960.390     4967.320     4969.470     4999.860
   135:     5000.180     5005.440     5027.490     5061.530     5105.930
   140:     5479.990     5480.000     5480.000     5480.000     5480.000
   145:     5480.000     5484.000     5485.000     5485.000     5489.990
   150:     6089.990     6090.000     6090.000     6090.000     6090.000
   155:     6090.000     6094.000     6094.810     6095.000     6095.000
   160:     6096.170     6098.150     6099.990     6351.540     6363.150
   165:     6363.930     6366.940     6497.570     6515.900     6699.990
   170:     6700.000     6700.000     6700.000     6700.000     6700.000
   175:     6704.000     6705.000     6705.000     6709.990     6729.660
   180:     6733.970     6944.660     7309.990     7310.000     7310.000
   185:     7310.000     7310.000     7310.000     7314.000     7315.000
   190:     7315.000     7319.990     7438.620     7451.100     7919.990
   195:     7920.000     7920.000     7920.000     7920.000     7920.000
   200:     7924.000     7925.000     7925.000     7929.990     8012.750
   205:     8272.510     8273.320     8283.290     8289.760     8290.340
   210:     8416.270     8416.270     8416.270     8416.270     8416.270
   215:     8416.270     8420.270     8421.270     8421.270     8426.260
   220:     8427.130     8433.000     8433.490     8436.730     8436.870
   225:     8440.720     8441.400     8441.720     8441.760     8443.160
   230:     8443.320     8529.990     8530.000     8530.000     8530.000
   235:     8530.000     8530.000     8534.000     8535.000     8535.000
   240:     8539.990     8547.600     8548.850     8836.320     9001.350
   245:     9002.860     9003.270     9011.840     9139.990     9140.000
   250:     9140.000     9140.000     9140.000     9140.000     9144.000
   255:     9145.000     9145.000     9149.990     9162.720     9162.740
   260:     9203.660     9328.250     9337.560     9340.840     9340.940
   265:     9749.990     9750.000     9750.000     9750.000     9750.000
   270:     9750.000     9754.000     9755.000     9755.000     9759.990
   275:     9774.230     9832.210    10190.920    10359.990    10360.000
   280:    10360.000    10360.000    10360.000    10360.000    10364.000
   285:    10365.000    10365.000    10369.990    10632.330    10632.380
   290:    10632.800    10754.610    10754.840    10763.300    10763.610
   295:    10763.700    10766.540    10767.190    10774.020    10775.100
   300:    10800.010
