File: C:\MED-PC IV\DATA\!2025-08-27_12h32m.Subject T17



Start Date: 08/27/25
End Date: 08/27/25
Subject: T17
Experiment: OralFentSA
Group: One
Box: 5
Start Time: 12:32:09
End Time: 15:32:15
MSN: Golden_Liq_SelfAdmin_LIT
F:       0.000
G:     959.000
H:   10800.010
I:       0.000
J:       0.000
K:       0.000
L:       0.000
M:       0.000
N:       0.000
O:       0.000
P:       0.000
Q:       0.000
R:       0.000
S:       0.000
U:       0.000
V:       0.000
W:       0.000
X:       0.000
Y:       0.000
Z:       0.000
A:
     0:        0.000        0.000      180.000        4.000        0.000
     5:        5.000        0.000        5.000        0.000        0.000
    10:        1.000        0.000       10.000 30000000.000       22.000
    15:        8.000      320.000        0.000        0.000        0.000
    20:        0.000
B:
     0:        0.000        0.000        0.000      400.000        0.000
     5:      500.000        0.000      500.000        0.000        0.000
    10:        0.000        0.000     1000.000 3000000000.0        0.000
    15:        0.000        0.000        0.000        0.000        0.000
    20:        0.000
C:
     0:       13.000       14.000        0.000       19.000      733.000
     5:     8864.180        1.710       11.000       28.610        2.601
    10:       19.000       54.000        0.000        0.000        0.000
    15:        0.000        0.000        0.000        0.000        0.000
    20:        0.000
D:
     0:        3.110        1.520        1.390        2.160        3.040
     5:        1.880        1.570        3.650        1.710        6.870
    10:        1.710
E:
     0:       19.000       11.000       26.000       27.000        6.000
     5:        6.000        6.000        6.000        6.000        6.000
    10:        6.000        6.000        6.000        6.000        6.000
    15:        6.000        6.000        6.000        6.000        6.000
    20:        6.000        6.000       23.000        6.000        6.000
    25:        6.000        6.000        6.000        6.000        6.000
    30:        6.000        6.000        6.000        6.000        6.000
    35:        6.000        6.000        6.000        6.000        6.000
    40:       23.000       23.000       23.000        6.000        6.000
    45:        6.000        6.000        6.000       23.000       23.000
    50:        6.000        6.000        6.000        6.000        6.000
    55:        6.000        6.000        6.000        6.000        6.000
    60:        6.000        6.000        6.000        6.000        6.000
    65:        6.000        6.000        6.000        2.000        4.000
    70:       22.000       24.000       13.000        8.000        5.000
    75:       17.000       21.000       22.000        6.000       18.000
    80:       14.000       10.000       19.000        2.000        4.000
    85:       22.000       24.000       13.000        8.000        5.000
    90:       17.000       21.000       22.000       21.000       22.000
    95:        6.000        6.000       18.000       14.000       10.000
   100:       19.000        6.000       23.000       23.000        6.000
   105:        6.000        6.000        6.000        6.000        6.000
   110:        6.000        6.000        6.000        6.000        6.000
   115:        6.000        6.000        6.000        6.000        6.000
   120:       23.000        6.000        6.000        6.000        6.000
   125:        6.000        6.000        6.000        6.000        6.000
   130:        6.000        6.000        6.000        6.000        6.000
   135:        6.000        6.000        6.000        6.000        6.000
   140:        6.000        6.000        6.000        6.000        6.000
   145:        6.000        6.000        6.000        6.000        6.000
   150:        6.000        6.000        6.000        6.000        6.000
   155:        6.000        6.000        6.000        6.000        6.000
   160:        6.000        6.000        6.000        6.000        2.000
   165:        4.000       22.000       24.000       13.000        8.000
   170:        5.000       17.000        6.000       18.000        6.000
   175:        6.000        6.000       14.000       10.000        6.000
   180:        6.000        6.000        6.000        6.000        6.000
   185:        6.000        6.000       19.000        6.000        6.000
   190:        6.000        6.000        6.000        6.000        6.000
   195:        6.000        6.000        6.000        6.000        6.000
   200:        6.000        6.000        6.000        6.000        6.000
   205:        6.000        6.000        6.000        6.000        6.000
   210:        6.000        6.000        6.000        6.000        6.000
   215:        6.000        6.000        6.000        6.000        6.000
   220:        6.000        6.000        6.000        6.000        6.000
   225:        6.000        6.000        6.000       23.000       23.000
   230:       23.000       23.000       23.000        6.000        6.000
   235:        6.000        6.000        6.000        6.000        6.000
   240:        6.000        6.000        6.000        6.000        6.000
   245:        6.000        6.000        6.000        6.000        6.000
   250:        6.000        6.000        6.000        6.000        6.000
   255:        6.000        6.000        6.000        6.000        6.000
   260:        6.000        6.000        6.000        6.000        6.000
   265:        6.000        6.000        6.000        6.000        6.000
   270:        6.000        6.000        6.000        6.000        6.000
   275:        6.000        6.000        6.000        6.000        6.000
   280:        6.000        6.000        6.000        6.000        6.000
   285:        6.000        6.000        6.000        6.000        6.000
   290:       23.000        6.000        6.000        6.000        6.000
   295:        6.000        6.000        6.000        6.000        6.000
   300:        6.000        6.000        6.000        6.000        6.000
   305:        6.000        6.000        6.000        6.000        6.000
   310:        6.000        6.000        6.000        6.000        6.000
   315:        6.000        6.000        6.000        6.000        6.000
   320:        6.000        6.000        6.000        6.000        6.000
   325:        6.000        6.000        6.000        6.000        6.000
   330:        6.000        6.000        6.000        6.000        6.000
   335:        6.000        6.000        6.000        6.000        6.000
   340:        6.000        6.000       23.000       23.000       23.000
   345:       23.000       23.000       23.000       23.000        6.000
   350:        6.000        6.000        6.000        6.000        6.000
   355:        6.000        6.000        2.000        4.000       22.000
   360:       24.000       13.000        8.000        5.000       17.000
   365:        6.000       18.000        6.000       14.000       10.000
   370:       19.000       23.000       23.000       23.000        6.000
   375:        6.000        6.000        6.000        6.000        6.000
   380:        6.000        6.000        6.000        6.000        6.000
   385:        6.000        6.000        6.000        6.000        6.000
   390:        6.000        6.000        6.000        6.000        6.000
   395:        6.000        6.000        6.000        6.000        6.000
   400:        6.000        6.000        6.000        6.000        6.000
   405:        6.000        6.000        6.000        6.000        6.000
   410:        6.000        6.000        6.000        6.000        6.000
   415:        6.000        6.000        6.000        6.000        6.000
   420:        6.000        2.000        4.000       22.000       24.000
   425:       13.000        8.000        5.000       17.000        6.000
   430:       18.000       14.000       10.000        6.000       19.000
   435:        6.000        6.000        2.000        4.000       22.000
   440:       24.000       13.000        8.000        5.000       17.000
   445:       18.000       14.000       10.000       19.000        2.000
   450:        4.000       22.000       24.000       13.000        8.000
   455:        5.000       17.000        6.000        6.000       18.000
   460:       14.000       10.000        6.000        6.000        6.000
   465:       19.000        6.000        6.000        6.000        2.000
   470:        4.000       22.000       24.000       13.000        8.000
   475:        5.000       17.000        6.000       18.000       14.000
   480:       10.000        6.000        6.000        6.000        6.000
   485:        6.000        6.000       19.000       23.000       23.000
   490:       23.000       23.000       23.000        6.000        6.000
   495:        6.000        6.000        6.000        6.000        6.000
   500:        6.000        6.000        2.000        4.000       22.000
   505:       24.000       13.000        8.000        5.000       17.000
   510:       21.000       22.000        6.000       18.000       14.000
   515:       10.000       19.000        6.000        6.000        6.000
   520:        6.000        6.000        6.000        6.000       23.000
   525:       23.000       23.000       23.000        6.000        6.000
   530:        6.000        6.000        6.000        6.000        6.000
   535:        6.000        6.000        6.000        6.000        6.000
   540:        6.000        6.000        6.000        6.000       23.000
   545:       23.000       23.000       23.000       23.000       23.000
   550:       23.000       23.000       23.000        6.000        6.000
   555:       23.000       23.000       23.000        6.000        2.000
   560:        4.000       22.000       24.000       13.000        8.000
   565:        5.000       17.000        6.000       18.000       14.000
   570:       10.000        6.000        6.000       19.000        6.000
   575:        6.000        6.000        6.000        6.000        6.000
   580:        6.000        6.000        6.000        6.000        6.000
   585:        6.000        6.000        6.000        6.000        6.000
   590:        6.000        6.000        6.000        6.000        6.000
   595:        6.000        6.000        6.000        6.000        6.000
   600:        6.000        6.000        6.000        6.000        6.000
   605:        6.000        6.000        6.000        6.000        6.000
   610:        6.000        6.000        6.000        6.000        6.000
   615:        6.000        6.000        6.000        6.000        6.000
   620:        6.000        6.000        6.000        6.000        6.000
   625:        6.000        6.000        6.000        6.000        6.000
   630:        6.000        6.000        6.000        6.000        6.000
   635:        6.000        6.000        6.000        6.000        6.000
   640:        6.000        6.000        6.000        6.000        6.000
   645:        6.000        6.000        6.000        6.000        6.000
   650:        6.000        6.000        6.000        6.000        6.000
   655:        6.000        6.000        6.000        6.000        6.000
   660:        6.000        6.000       23.000        6.000        6.000
   665:        6.000        6.000        6.000        6.000        6.000
   670:        6.000        6.000        6.000        6.000        6.000
   675:        6.000        6.000        6.000        6.000        6.000
   680:        6.000        6.000        6.000        6.000        6.000
   685:        6.000        6.000        6.000        6.000        6.000
   690:        6.000        6.000        6.000        6.000        6.000
   695:        6.000        6.000        6.000        6.000        6.000
   700:        6.000        6.000        6.000        6.000        6.000
   705:        6.000        6.000        6.000        6.000        6.000
   710:        6.000        6.000        6.000        6.000        6.000
   715:        6.000        6.000        6.000        6.000        6.000
   720:        6.000        6.000        6.000        6.000        6.000
   725:        6.000        6.000        6.000        6.000        6.000
   730:        6.000        6.000        6.000        6.000        6.000
   735:        6.000        6.000        6.000        6.000        6.000
   740:        6.000        6.000        6.000        6.000        6.000
   745:        6.000        6.000        6.000        6.000        6.000
   750:        6.000       23.000       23.000       23.000       23.000
   755:       23.000       23.000        6.000        6.000        6.000
   760:        6.000        6.000        6.000        6.000        6.000
   765:        6.000        6.000        6.000        6.000        6.000
   770:        6.000        2.000        4.000       22.000       24.000
   775:       13.000        8.000        5.000       17.000       18.000
   780:       14.000       10.000       19.000        2.000        4.000
   785:       22.000       24.000       13.000        8.000        5.000
   790:       17.000       21.000       22.000       21.000       22.000
   795:       18.000       14.000       10.000        6.000        6.000
   800:        6.000       19.000        6.000        6.000        6.000
   805:        6.000        6.000        6.000        6.000        6.000
   810:        6.000        6.000        6.000        6.000        6.000
   815:        6.000        6.000        2.000        4.000       22.000
   820:       24.000       13.000        8.000        5.000       17.000
   825:        6.000        6.000        6.000       18.000       14.000
   830:       10.000       19.000        6.000        6.000        6.000
   835:        6.000        6.000        6.000        6.000        6.000
   840:        6.000        6.000        6.000        6.000        6.000
   845:        6.000        6.000        6.000        6.000        6.000
   850:        6.000        6.000        6.000        6.000        6.000
   855:        6.000        6.000        6.000        6.000        6.000
   860:        6.000        6.000        6.000        6.000        6.000
   865:        6.000        6.000        6.000        6.000        6.000
   870:        6.000        6.000        6.000        6.000        6.000
   875:        6.000        6.000        6.000        6.000        6.000
   880:        6.000        6.000        6.000        6.000        6.000
   885:        6.000        6.000        6.000        6.000        6.000
   890:        6.000        6.000        6.000        6.000        6.000
   895:        6.000        6.000        6.000        6.000        6.000
   900:        6.000        6.000        6.000        6.000        6.000
   905:        6.000        6.000        6.000        6.000        6.000
   910:        6.000        6.000        6.000        6.000        6.000
   915:        6.000        6.000        6.000        6.000        6.000
   920:        6.000        6.000        6.000        6.000        6.000
   925:        6.000        6.000        6.000        6.000        6.000
   930:        6.000        6.000        6.000        6.000        6.000
   935:        6.000        6.000        6.000       23.000        6.000
   940:        6.000        6.000        6.000        6.000        6.000
   945:        6.000        6.000        6.000        6.000        6.000
   950:        6.000        6.000        6.000        6.000        6.000
   955:        6.000        6.000        6.000        6.000      100.000
T:
     0:        0.000        0.000        0.000        0.000       10.360
     5:       10.480       10.680       12.910       13.090       53.480
    10:       53.660       53.840       54.050       59.320       63.100
    15:       80.820       95.050       95.090       95.580       95.710
    20:       96.370       99.060      109.700      118.330      187.030
    25:      187.070      187.140      255.630      255.660      255.830
    30:      276.590      283.480      283.900      284.010      302.500
    35:      337.270      338.040      338.110      338.130      338.280
    40:      343.620      343.690      344.760      374.030      378.050
    45:      379.810      395.050      395.150      449.420      450.130
    50:      522.960      524.210      525.600      525.770      525.840
    55:      526.160      526.440      526.470      688.020      688.060
    60:      689.870      691.750      742.820      859.710      863.080
    65:      863.100      870.840      870.890      895.550      895.550
    70:      895.550      895.560      895.560      895.560      895.560
    75:      895.560      897.090      897.090      898.670      899.560
    80:      900.560      900.560      905.550      910.440      910.440
    85:      910.440      910.450      910.450      910.450      910.450
    90:      910.450      910.520      910.520      910.770      910.770
    95:      911.970      912.720      914.450      915.450      915.450
   100:      920.440      926.380      937.870      939.060      946.130
   105:      946.740      946.910      949.330      949.380      955.520
   110:      955.570      955.610      955.740      971.080      971.310
   115:      972.180      997.330      997.550      997.880     1002.910
   120:     1045.880     1092.260     1092.840     1092.900     1094.230
   125:     1094.270     1094.520     1099.890     1105.390     1107.030
   130:     1107.600     1107.690     1107.780     1110.310     1110.460
   135:     1123.440     1125.230     1125.280     1126.030     1126.110
   140:     1127.010     1128.850     1133.310     1139.730     1148.900
   145:     1228.570     1474.190     1474.420     1800.720     1801.390
   150:     1802.590     1804.950     1805.130     1805.820     1805.880
   155:     1808.940     1809.950     1810.090     1813.840     1823.730
   160:     1832.660     1832.760     1912.220     1931.640     1949.990
   165:     1949.990     1949.990     1950.000     1950.000     1950.000
   170:     1950.000     1950.000     1951.390     1954.000     1954.410
   175:     1954.690     1954.770     1955.000     1955.000     1955.970
   180:     1956.080     1956.130     1956.360     1957.480     1958.570
   185:     1958.710     1959.110     1959.990     1963.740     1967.550
   190:     1967.880     1967.940     1968.740     1970.550     1971.910
   195:     1971.930     1978.710     2004.360     2004.790     2006.730
   200:     2007.020     2007.280     2007.960     2008.860     2009.070
   205:     2009.880     2010.040     2010.090     2010.270     2010.600
   210:     2014.000     2014.830     2014.950     2015.910     2016.320
   215:     2017.270     2017.420     2017.520     2017.640     2017.730
   220:     2018.260     2022.240     2022.640     2022.930     2023.300
   225:     2023.380     2023.460     2024.100     2031.270     2033.150
   230:     2035.710     2035.910     2036.230     2054.360     2055.650
   235:     2055.960     2056.450     2058.600     2059.700     2059.910
   240:     2061.440     2061.560     2065.530     2124.300     2124.780
   245:     2130.990     2135.430     2137.570     2137.760     2141.970
   250:     2143.680     2143.790     2143.940     2143.990     2145.200
   255:     2145.280     2145.620     2146.280     2146.440     2146.660
   260:     2147.320     2148.280     2148.610     2148.640     2152.370
   265:     2277.280     2277.330     2278.680     2278.930     2280.320
   270:     2280.400     2281.140     2287.490     2288.990     2289.130
   275:     2289.970     2293.190     2294.290     2309.320     2309.840
   280:     2309.950     2323.520     2323.590     2323.940     2380.080
   285:     2380.310     2380.610     2381.110     2398.970     2400.110
   290:     2413.760     2420.530     2420.770     2420.940     2422.210
   295:     2422.800     2422.880     2423.040     2423.810     2424.590
   300:     2425.030     2426.740     2427.060     2427.270     2429.660
   305:     2429.760     2444.570     2444.760     2444.930     2446.310
   310:     2446.540     2448.400     2453.740     2463.340     2482.760
   315:     2482.880     2483.200     2483.290     2485.100     2485.240
   320:     2485.430     2486.690     2486.770     2487.000     2880.540
   325:     2880.910     2885.260     3099.790     3100.770     3110.280
   330:     3111.550     3113.960     3125.960     3126.800     3130.850
   335:     3138.640     3139.610     3140.880     3141.720     3147.290
   340:     3149.120     3149.260     3188.580     3189.400     3190.130
   345:     3190.600     3194.760     3200.660     3201.550     3205.980
   350:     3206.030     3206.060     3207.050     3207.850     3209.080
   355:     3209.200     3213.130     3230.580     3230.580     3230.580
   360:     3230.590     3230.590     3230.590     3230.590     3230.590
   365:     3232.750     3234.590     3235.350     3235.590     3235.590
   370:     3240.580     3246.420     3250.180     3250.370     3299.070
   375:     3300.560     3300.910     3301.100     3302.610     3327.850
   380:     3328.550     3331.080     3331.270     3334.450     3334.660
   385:     3334.860     3337.530     3341.750     3348.750     3349.330
   390:     3349.450     3350.360     3350.510     3350.750     3350.940
   395:     3350.980     3351.060     3351.300     3365.770     3365.790
   400:     3366.060     3366.100     3366.730     3366.960     3372.960
   405:     3373.190     3373.410     3373.580     3376.120     3378.440
   410:     3399.150     3399.810     3402.820     3405.070     3425.680
   415:     3552.490     3557.900     3599.060     4028.630     4029.020
   420:     4029.490     4041.580     4041.580     4041.580     4041.590
   425:     4041.590     4041.590     4041.590     4041.590     4044.630
   430:     4045.590     4046.590     4046.590     4046.870     4051.580
   435:     4070.630     4070.830     4081.440     4081.440     4081.440
   440:     4081.450     4081.450     4081.450     4081.450     4081.450
   445:     4085.450     4086.450     4086.450     4091.440     4102.970
   450:     4102.970     4102.970     4102.980     4102.980     4102.980
   455:     4102.980     4102.980     4104.860     4106.730     4106.980
   460:     4107.980     4107.980     4109.360     4110.070     4110.090
   465:     4112.970     4115.230     4115.270     4115.370     4133.690
   470:     4133.690     4133.690     4133.700     4133.700     4133.700
   475:     4133.700     4133.700     4135.270     4137.700     4138.700
   480:     4138.700     4141.070     4141.980     4142.030     4142.120
   485:     4142.300     4142.510     4143.690     4162.120     4162.250
   490:     4162.770     4167.320     4167.970     4188.380     4192.840
   495:     4248.220     4248.270     4248.350     4254.500     4255.180
   500:     4255.250     4255.490     4260.400     4260.400     4260.400
   505:     4260.410     4260.410     4260.410     4260.410     4260.410
   510:     4262.870     4262.870     4264.060     4264.410     4265.410
   515:     4265.410     4270.400     4605.120     5450.760     5582.620
   520:     5582.910     5583.060     5588.530     5589.330     5674.760
   525:     5675.600     5678.400     5679.490     5687.200     5688.090
   530:     5689.130     5692.150     5692.450     5694.320     5694.450
   535:     6078.020     6484.880     6485.510     6529.450     6530.200
   540:     6546.670     6548.020     6549.920     6550.280     6661.610
   545:     6662.180     6662.820     6663.910     6665.280     6665.990
   550:     6668.090     6669.360     6670.070     6692.980     6693.720
   555:     6743.790     6956.900     6957.620     6982.970     6986.750
   560:     6986.750     6986.750     6986.760     6986.760     6986.760
   565:     6986.760     6986.760     6988.470     6990.760     6991.760
   570:     6991.760     6992.320     6992.920     6996.750     6997.150
   575:     6997.220     6997.550     6998.010     6998.350     7003.740
   580:     7006.000     7006.760     7007.260     7015.080     7016.580
   585:     7016.640     7017.400     7018.000     7019.780     7020.260
   590:     7020.320     7020.400     7041.670     7048.040     7048.510
   595:     7048.970     7049.360     7049.610     7049.730     7053.820
   600:     7053.840     7054.030     7055.370     7055.410     7056.140
   605:     7056.230     7056.270     7062.990     7063.590     7063.940
   610:     7064.410     7065.190     7065.820     7066.470     7066.570
   615:     7067.210     7067.560     7067.680     7067.920     7068.280
   620:     7068.520     7069.210     7155.840     7155.880     7156.070
   625:     7157.010     7157.990     7158.040     7160.040     7160.150
   630:     7160.200     7160.930     7196.940     7236.660     7236.700
   635:     7236.840     7237.100     7244.850     7307.510     7314.730
   640:     7315.330     7677.610     7678.120     7678.610     7679.970
   645:     7681.740     7681.790     7873.100     7873.430     7873.860
   650:     7876.090     7876.430     7876.500     7876.880     7877.020
   655:     7886.220     7886.620     7887.730     7889.870     7890.050
   660:     7890.480     7890.650     8194.450     8197.660     8199.020
   665:     8204.200     8204.400     8205.000     8206.130     8207.870
   670:     8237.700     8239.160     8241.750     8242.070     8242.220
   675:     8242.340     8245.230     8247.950     8248.030     8268.030
   680:     8269.180     8269.910     8270.300     8270.930     8271.360
   685:     8272.070     8282.110     8282.270     8304.900     8305.290
   690:     8306.000     8375.650     8376.100     8376.190     8379.670
   695:     8379.980     8380.050     8385.410     8385.560     8385.750
   700:     8385.810     8385.900     8385.940     8391.590     8394.870
   705:     8395.430     8397.130     8412.660     8414.650     8429.240
   710:     8430.920     8431.400     8431.810     8433.260     8433.300
   715:     8439.710     8439.740     8440.220     8515.080     8515.420
   720:     8516.490     8518.000     8518.180     8518.440     8518.540
   725:     8519.100     8521.180     8537.810     8538.990     8539.290
   730:     8549.670     8549.890     8550.590     8551.320     8559.580
   735:     8587.870     8598.560     8602.780     8602.950     8603.010
   740:     8603.730     8603.800     8606.790     8606.910     8607.140
   745:     8609.610     8611.470     8624.000     8627.400     8627.680
   750:     8627.890     8651.890     8651.990     8652.840     8654.160
   755:     8654.240     8657.300     8679.970     8680.360     8680.920
   760:     8681.080     8682.270     8705.300     8714.160     8716.090
   765:     8716.130     8734.470     8769.140     8769.180     8770.430
   770:     8770.530     8788.590     8788.590     8788.590     8788.600
   775:     8788.600     8788.600     8788.600     8788.600     8792.600
   780:     8793.600     8793.600     8798.590     8798.890     8798.890
   785:     8798.890     8798.900     8798.900     8798.900     8798.900
   790:     8798.900     8801.190     8801.190     8802.810     8802.810
   795:     8802.900     8803.900     8803.900     8805.770     8808.060
   800:     8808.380     8808.890     8812.110     8812.850     8813.410
   805:     8813.780     8816.240     8822.400     8822.900     8824.810
   810:     8824.980     8825.240     8827.170     8830.420     8830.520
   815:     8830.660     8833.390     8864.170     8864.170     8864.170
   820:     8864.180     8864.180     8864.180     8864.180     8864.180
   825:     8865.890     8867.500     8867.800     8868.180     8869.180
   830:     8869.180     8874.170     8910.980     8911.360     8912.650
   835:     9561.340     9561.430     9615.020     9615.460     9615.490
   840:     9615.540     9616.210     9619.200     9626.450     9626.590
   845:     9627.090     9629.200     9629.300     9629.340     9629.460
   850:     9629.650     9629.880     9630.280     9631.130     9634.250
   855:     9640.080     9640.140     9646.300     9663.450     9663.550
   860:     9664.430     9664.750     9665.860     9666.080     9666.190
   865:     9666.460     9667.750     9669.340     9674.050     9674.230
   870:     9674.600     9677.940     9678.060     9678.160     9683.390
   875:     9684.590     9684.710     9718.690     9719.260     9724.360
   880:     9781.900     9784.310    10091.950    10099.520    10109.100
   885:    10109.940    10110.320    10112.230    10126.530    10160.970
   890:    10171.220    10172.200    10174.320    10175.360    10217.920
   895:    10250.690    10251.310    10251.350    10251.420    10251.470
   900:    10251.610    10270.360    10270.550    10270.650    10270.680
   905:    10271.050    10271.860    10300.020    10301.370    10301.650
   910:    10302.280    10304.190    10304.690    10306.910    10306.990
   915:    10307.140    10512.450    10513.130    10517.430    10521.110
   920:    10536.410    10543.630    10548.820    10549.210    10549.380
   925:    10549.500    10549.750    10555.490    10557.980    10558.350
   930:    10558.480    10558.570    10560.790    10562.240    10562.440
   935:    10562.500    10562.670    10608.260    10632.600    10643.170
   940:    10643.480    10678.530    10678.640    10679.310    10679.350
   945:    10679.420    10679.500    10686.710    10691.100    10691.590
   950:    10693.810    10698.290    10700.220    10700.410    10792.150
   955:    10798.450    10798.640    10799.800    10799.930    10800.010
