File: C:\MED-PC IV\DATA\!2025-09-12_17h12m.Subject T22



Start Date: 09/12/25
End Date: 09/12/25
Subject: T22
Experiment: OralFentSA
Group: One
Box: 4
Start Time: 17:12:36
End Time: 20:12:39
MSN: Golden_Liq_SelfAdmin_EXT_LIT
F:       0.000
G:     437.000
H:   10800.010
I:       0.000
J:       0.000
K:       0.000
L:       0.000
M:       0.000
N:       0.000
O:       0.000
P:       0.000
Q:       0.000
R:       0.000
S:       0.000
U:       0.000
V:       0.000
W:       0.000
X:       0.000
Y:       0.000
Z:       0.000
A:
     0:        0.000        0.000      180.000        4.000        0.000
     5:        5.000        0.000        5.000        0.000        0.000
    10:        1.000        0.000       10.000 300000000.00       20.000
    15:       20.000      640.000        0.000        0.000        0.000
    20:        0.000
B:
     0:        0.000        0.000        0.000        0.000        0.000
     5:        0.000        0.000        0.000        0.000        0.000
    10:        0.000        0.000        0.000 30000000000.        0.000
    15:        0.000        0.000        0.000        0.000        0.000
    20:        0.000
C:
     0:        0.000        1.000        0.000        0.000      433.000
     5:        0.000        0.000        0.000        0.000        0.000
    10:        0.000        0.000        0.000        0.000        0.000
    15:        0.000        0.000        0.000        0.000        0.000
    20:        0.000
D:
E:
     0:       19.000       11.000       26.000       27.000        6.000
     5:        6.000        6.000        6.000        6.000        6.000
    10:        6.000        6.000        6.000        6.000        6.000
    15:        6.000        6.000        6.000        6.000        6.000
    20:        6.000        6.000        6.000        6.000        6.000
    25:        6.000        6.000        6.000        6.000        6.000
    30:        6.000        6.000        6.000        6.000        6.000
    35:        6.000        6.000        6.000        6.000        6.000
    40:        6.000        6.000        6.000        6.000        6.000
    45:        6.000        6.000        6.000        6.000        6.000
    50:        6.000        6.000        6.000        6.000        6.000
    55:        6.000        6.000        6.000        6.000        6.000
    60:        6.000        6.000        6.000        6.000        6.000
    65:        6.000        6.000        6.000        6.000        6.000
    70:        6.000        6.000        6.000        6.000        6.000
    75:        6.000        6.000        6.000        6.000        6.000
    80:        6.000        6.000        6.000        6.000        6.000
    85:        6.000        6.000        6.000        6.000        6.000
    90:        6.000        6.000        6.000        6.000        6.000
    95:        6.000        6.000        6.000        6.000        6.000
   100:        6.000        6.000        6.000        6.000        6.000
   105:        6.000        6.000        6.000        6.000        6.000
   110:        6.000        6.000        6.000        6.000        6.000
   115:        6.000        6.000        6.000        6.000        6.000
   120:        6.000        6.000        6.000        6.000        6.000
   125:        6.000        6.000        6.000        6.000        6.000
   130:        6.000        6.000        6.000        6.000        6.000
   135:        6.000        6.000        6.000        6.000        6.000
   140:        6.000        6.000        6.000        6.000        6.000
   145:        6.000        6.000        6.000        6.000        6.000
   150:        6.000        6.000        6.000        6.000        6.000
   155:        6.000        6.000        6.000        6.000        6.000
   160:        6.000        6.000        6.000        6.000        6.000
   165:        6.000        6.000        6.000        6.000        6.000
   170:        6.000        6.000        6.000        6.000        6.000
   175:        6.000        6.000        6.000        6.000        6.000
   180:        6.000        6.000        6.000        6.000        6.000
   185:        6.000        6.000        6.000        6.000        6.000
   190:        6.000        6.000        6.000        6.000        6.000
   195:        6.000        6.000        6.000        6.000        6.000
   200:        6.000        6.000        6.000        6.000        6.000
   205:        6.000        6.000        6.000        6.000        6.000
   210:        6.000        6.000        6.000        6.000        6.000
   215:        6.000        6.000        6.000        6.000        6.000
   220:        6.000        6.000        6.000        6.000        6.000
   225:        6.000        6.000        6.000        6.000        6.000
   230:        6.000        6.000        6.000        6.000        6.000
   235:        6.000        6.000        6.000        6.000        6.000
   240:        6.000        6.000        6.000        6.000        6.000
   245:        6.000        6.000        6.000        6.000        6.000
   250:        6.000        6.000        6.000        6.000        6.000
   255:        6.000        6.000        6.000        6.000        6.000
   260:        6.000        6.000        6.000        6.000        6.000
   265:        6.000        6.000        6.000        6.000        6.000
   270:        6.000        6.000        6.000        6.000        6.000
   275:        6.000        6.000        6.000        6.000        6.000
   280:        6.000        6.000        6.000        6.000        6.000
   285:        6.000        6.000        6.000        6.000        6.000
   290:        6.000        6.000        6.000        6.000        6.000
   295:        6.000        6.000        6.000        6.000        6.000
   300:        6.000        6.000        6.000        6.000        6.000
   305:        6.000        6.000        6.000        6.000        6.000
   310:        6.000        6.000        6.000        6.000        6.000
   315:        6.000        6.000        6.000        6.000        6.000
   320:        6.000        6.000        6.000        6.000        6.000
   325:        6.000        6.000        6.000        6.000        6.000
   330:        6.000        6.000        6.000        6.000        6.000
   335:        6.000        6.000        6.000        6.000        6.000
   340:        6.000        6.000        6.000        6.000        6.000
   345:        6.000        6.000        6.000        6.000        6.000
   350:        6.000        6.000        6.000        6.000        6.000
   355:        6.000        6.000        6.000        6.000        6.000
   360:        6.000        6.000        6.000        6.000        6.000
   365:        6.000        6.000        6.000        6.000        6.000
   370:        6.000        6.000        6.000        6.000        6.000
   375:        6.000        6.000        6.000        6.000        6.000
   380:        6.000        6.000        6.000        6.000        6.000
   385:        6.000        6.000        6.000        6.000        6.000
   390:        6.000        6.000        6.000        6.000        6.000
   395:        6.000        6.000        6.000        6.000        6.000
   400:        6.000        6.000        6.000        6.000        6.000
   405:        6.000        6.000        6.000        6.000        6.000
   410:        6.000        6.000        6.000        6.000        6.000
   415:        6.000        6.000        6.000        6.000        6.000
   420:        6.000        6.000        6.000        6.000        6.000
   425:        6.000        6.000        6.000        6.000        6.000
   430:        6.000        6.000        6.000        6.000        6.000
   435:        6.000        6.000      100.000
T:
     0:        0.000        0.000        0.000        0.000        7.770
     5:       55.430       56.040       57.110       91.100       91.230
    10:      120.570      120.590      190.480      240.340      295.480
    15:      373.990      375.230      458.420      459.000      460.220
    20:      463.800      465.690      467.220      471.780      500.740
    25:      523.960      574.860      724.320      746.850      753.940
    30:      754.520      754.900      758.210      758.450      801.560
    35:      816.670      864.570      864.680      868.170      868.480
    40:      871.630      872.540      872.620      872.660      879.150
    45:      883.170      883.780      884.060      884.120      898.520
    50:      997.990     1000.590     1000.680     1001.240     1003.240
    55:     1003.250     1003.790     1004.050     1004.130     1004.500
    60:     1004.570     1005.740     1045.980     1081.780     1087.730
    65:     1087.830     1087.880     1087.940     1088.250     1088.300
    70:     1088.360     1088.410     1088.730     1088.750     1088.810
    75:     1088.970     1089.040     1089.090     1089.310     1089.400
    80:     1102.640     1102.770     1106.780     1156.280     1255.230
    85:     1258.170     1270.650     1271.020     1271.640     1274.990
    90:     1275.440     1275.500     1275.690     1275.770     1285.640
    95:     1286.820     1287.280     1287.680     1294.240     1321.720
   100:     1321.780     1330.650     1340.290     1340.300     1347.860
   105:     1352.470     1356.810     1357.170     1357.900     1359.030
   110:     1376.290     1383.390     1391.770     1454.860     1508.580
   115:     1508.810     1508.950     1509.110     1511.060     1618.690
   120:     1635.510     1636.050     1636.700     1651.560     1678.070
   125:     1678.230     1680.070     1680.300     1681.570     1682.390
   130:     1682.400     1682.480     1683.370     1688.530     1688.700
   135:     1688.910     1688.940     1688.970     1689.000     1689.030
   140:     1691.830     1692.220     1692.250     1692.470     1692.510
   145:     1693.010     1693.020     1693.810     1695.300     1695.420
   150:     1695.490     1695.880     1696.870     1699.780     1700.220
   155:     1700.780     1701.530     1701.580     1707.610     1707.710
   160:     1709.760     1717.170     1717.760     1718.380     1719.020
   165:     1724.250     1727.850     1741.430     1741.550     1756.580
   170:     1758.410     1760.230     1766.950     1767.810     1768.400
   175:     1769.830     1772.620     1772.850     1773.000     1773.060
   180:     1773.140     1773.190     1773.220     1773.280     1773.890
   185:     1776.470     1777.240     1786.280     1796.000     1797.540
   190:     1798.920     1802.410     1813.540     1813.560     1813.730
   195:     1813.880     1818.780     1819.660     1859.760     1859.880
   200:     1864.810     1864.840     1867.050     1867.070     1869.720
   205:     1869.810     1869.870     1869.900     1870.950     1893.500
   210:     1893.550     1893.660     1893.730     1893.760     1894.640
   215:     1894.700     1896.840     1898.830     1898.950     1899.060
   220:     1899.120     1899.130     1899.340     1900.700     1900.760
   225:     1900.780     1901.030     1901.180     1901.750     2051.840
   230:     2064.350     2072.500     2213.130     2219.520     2219.550
   235:     2224.210     2497.050     2499.840     2499.900     2522.510
   240:     2591.510     2644.960     2651.450     2651.980     2651.990
   245:     2652.020     2652.120     2653.300     2783.600     2784.080
   250:     2786.380     2786.430     2818.270     2818.320     2818.350
   255:     2818.600     2821.780     2822.300     2824.310     2827.140
   260:     2830.160     2830.510     2832.850     2834.080     2836.960
   265:     2839.660     2840.980     2841.430     2843.660     2848.720
   270:     2855.550     2858.400     2867.790     2867.830     2869.440
   275:     2869.530     2871.010     2871.760     2871.910     2873.730
   280:     2877.300     2882.790     2893.800     2896.240     2899.290
   285:     2899.330     2899.600     2902.660     2939.860     2940.340
   290:     2940.350     2945.940     2946.760     2950.910     2951.300
   295:     2951.430     2951.920     2958.460     2959.600     2964.580
   300:     2965.410     2966.920     2973.760     2975.180     3014.820
   305:     3119.660     3119.760     3119.880     3120.890     3121.430
   310:     3368.900     3369.770     3373.280     3373.350     3373.780
   315:     3377.010     3378.860     3382.970     3384.930     3384.950
   320:     3385.010     3385.300     3425.570     3426.000     3426.480
   325:     3430.110     3436.240     3437.090     3450.300     3458.700
   330:     3459.280     3459.350     3459.610     3472.020     3473.780
   335:     3514.170     3566.410     3566.580     3566.760     3567.390
   340:     3567.410     3567.450     3567.860     3570.000     3570.570
   345:     3570.770     3572.560     3573.580     3574.570     3577.320
   350:     3577.430     3577.510     3577.660     3581.530     3582.120
   355:     3582.270     3582.390     3586.650     3587.010     3590.790
   360:     3591.090     3592.180     3593.000     3593.350     3593.450
   365:     3593.560     3594.120     3596.070     3596.930     3602.470
   370:     4496.500     4496.530     4496.610     4503.420     4534.600
   375:     4547.130     4547.200     4547.280     4547.390     4547.400
   380:     5637.690     5720.820     5736.410     5745.730     5779.860
   385:     5781.970     5799.540     5800.730     5808.770     5816.190
   390:     5820.240     5835.250     5918.490     5985.630     6042.160
   395:     6042.390     6042.430     6042.530     6302.720     6320.190
   400:     6322.160     6331.680     6335.200     6345.810     6350.050
   405:     6351.610     6353.860     6354.220     6354.380     6354.440
   410:     6354.520     6354.980     6356.010     6356.370     6357.120
   415:     6357.200     6357.500     6357.630     6357.830     6452.230
   420:     6452.450     6936.720     6947.120     6947.710     6947.760
   425:     6961.070     6961.190     6965.740     8177.560     8249.030
   430:     8380.360     8381.440     8478.430     8478.450     8595.290
   435:     8601.150     9408.620    10800.010
