File: C:\MED-PC IV\DATA\!2025-09-16_13h37m.Subject T24



Start Date: 09/16/25
End Date: 09/16/25
Subject: T24
Experiment: OralFentSA
Group: One
Box: 7
Start Time: 13:37:15
End Time: 16:37:20
MSN: Golden_Liq_SelfAdmin_EXT_LIT
F:       0.000
G:     452.000
H:   10800.010
I:       0.000
J:       0.000
K:       0.000
L:       0.000
M:       0.000
N:       0.000
O:       0.000
P:       0.000
Q:       0.000
R:       0.000
S:       0.000
U:       0.000
V:       0.000
W:       0.000
X:       0.000
Y:       0.000
Z:       0.000
A:
     0:        0.000        0.000      180.000        4.000        0.000
     5:        5.000        0.000        5.000        0.000        0.000
    10:        1.000        0.000       10.000 300000000.00       21.000
    15:       20.000      640.000        0.000        0.000        0.000
    20:        0.000
B:
     0:        0.000        0.000        0.000        0.000        0.000
     5:        0.000        0.000        0.000        0.000        0.000
    10:        0.000        0.000        0.000 30000000000.        0.000
    15:        0.000        0.000        0.000        0.000        0.000
    20:        0.000
C:
     0:        0.000        1.000        0.000        0.000      448.000
     5:        0.000        0.000        0.000        0.000        0.000
    10:        0.000        0.000        0.000        0.000        0.000
    15:        0.000        0.000        0.000        0.000        0.000
    20:        0.000
D:
E:
     0:       19.000       11.000       26.000       27.000        6.000
     5:        6.000        6.000        6.000        6.000        6.000
    10:        6.000        6.000        6.000        6.000        6.000
    15:        6.000        6.000        6.000        6.000        6.000
    20:        6.000        6.000        6.000        6.000        6.000
    25:        6.000        6.000        6.000        6.000        6.000
    30:        6.000        6.000        6.000        6.000        6.000
    35:        6.000        6.000        6.000        6.000        6.000
    40:        6.000        6.000        6.000        6.000        6.000
    45:        6.000        6.000        6.000        6.000        6.000
    50:        6.000        6.000        6.000        6.000        6.000
    55:        6.000        6.000        6.000        6.000        6.000
    60:        6.000        6.000        6.000        6.000        6.000
    65:        6.000        6.000        6.000        6.000        6.000
    70:        6.000        6.000        6.000        6.000        6.000
    75:        6.000        6.000        6.000        6.000        6.000
    80:        6.000        6.000        6.000        6.000        6.000
    85:        6.000        6.000        6.000        6.000        6.000
    90:        6.000        6.000        6.000        6.000        6.000
    95:        6.000        6.000        6.000        6.000        6.000
   100:        6.000        6.000        6.000        6.000        6.000
   105:        6.000        6.000        6.000        6.000        6.000
   110:        6.000        6.000        6.000        6.000        6.000
   115:        6.000        6.000        6.000        6.000        6.000
   120:        6.000        6.000        6.000        6.000        6.000
   125:        6.000        6.000        6.000        6.000        6.000
   130:        6.000        6.000        6.000        6.000        6.000
   135:        6.000        6.000        6.000        6.000        6.000
   140:        6.000        6.000        6.000        6.000        6.000
   145:        6.000        6.000        6.000        6.000        6.000
   150:        6.000        6.000        6.000        6.000        6.000
   155:        6.000        6.000        6.000        6.000        6.000
   160:        6.000        6.000        6.000        6.000        6.000
   165:        6.000        6.000        6.000        6.000        6.000
   170:        6.000        6.000        6.000        6.000        6.000
   175:        6.000        6.000        6.000        6.000        6.000
   180:        6.000        6.000        6.000        6.000        6.000
   185:        6.000        6.000        6.000        6.000        6.000
   190:        6.000        6.000        6.000        6.000        6.000
   195:        6.000        6.000        6.000        6.000        6.000
   200:        6.000        6.000        6.000        6.000        6.000
   205:        6.000        6.000        6.000        6.000        6.000
   210:        6.000        6.000        6.000        6.000        6.000
   215:        6.000        6.000        6.000        6.000        6.000
   220:        6.000        6.000        6.000        6.000        6.000
   225:        6.000        6.000        6.000        6.000        6.000
   230:        6.000        6.000        6.000        6.000        6.000
   235:        6.000        6.000        6.000        6.000        6.000
   240:        6.000        6.000        6.000        6.000        6.000
   245:        6.000        6.000        6.000        6.000        6.000
   250:        6.000        6.000        6.000        6.000        6.000
   255:        6.000        6.000        6.000        6.000        6.000
   260:        6.000        6.000        6.000        6.000        6.000
   265:        6.000        6.000        6.000        6.000        6.000
   270:        6.000        6.000        6.000        6.000        6.000
   275:        6.000        6.000        6.000        6.000        6.000
   280:        6.000        6.000        6.000        6.000        6.000
   285:        6.000        6.000        6.000        6.000        6.000
   290:        6.000        6.000        6.000        6.000        6.000
   295:        6.000        6.000        6.000        6.000        6.000
   300:        6.000        6.000        6.000        6.000        6.000
   305:        6.000        6.000        6.000        6.000        6.000
   310:        6.000        6.000        6.000        6.000        6.000
   315:        6.000        6.000        6.000        6.000        6.000
   320:        6.000        6.000        6.000        6.000        6.000
   325:        6.000        6.000        6.000        6.000        6.000
   330:        6.000        6.000        6.000        6.000        6.000
   335:        6.000        6.000        6.000        6.000        6.000
   340:        6.000        6.000        6.000        6.000        6.000
   345:        6.000        6.000        6.000        6.000        6.000
   350:        6.000        6.000        6.000        6.000        6.000
   355:        6.000        6.000        6.000        6.000        6.000
   360:        6.000        6.000        6.000        6.000        6.000
   365:        6.000        6.000        6.000        6.000        6.000
   370:        6.000        6.000        6.000        6.000        6.000
   375:        6.000        6.000        6.000        6.000        6.000
   380:        6.000        6.000        6.000        6.000        6.000
   385:        6.000        6.000        6.000        6.000        6.000
   390:        6.000        6.000        6.000        6.000        6.000
   395:        6.000        6.000        6.000        6.000        6.000
   400:        6.000        6.000        6.000        6.000        6.000
   405:        6.000        6.000        6.000        6.000        6.000
   410:        6.000        6.000        6.000        6.000        6.000
   415:        6.000        6.000        6.000        6.000        6.000
   420:        6.000        6.000        6.000        6.000        6.000
   425:        6.000        6.000        6.000        6.000        6.000
   430:        6.000        6.000        6.000        6.000        6.000
   435:        6.000        6.000        6.000        6.000        6.000
   440:        6.000        6.000        6.000        6.000        6.000
   445:        6.000        6.000        6.000        6.000        6.000
   450:        6.000        6.000      100.000
T:
     0:        0.000        0.000        0.000        0.000        2.150
     5:        2.250        5.010       11.170       42.600       51.530
    10:       52.230       60.120       60.150       60.260       64.360
    15:       64.780       85.510      111.500      111.680      150.430
    20:      150.580      179.980      186.370      205.480      214.890
    25:      215.120      277.150      277.660      337.900      490.420
    30:      490.630      490.770      492.790      492.860      494.510
    35:      494.640      495.420      495.830      495.960      496.860
    40:      498.320      498.720      499.130      501.570      501.670
    45:      501.830      505.130      583.470      584.190      584.290
    50:      584.920      586.380      586.860      590.200      590.550
    55:      592.020      593.070      593.300      598.000      599.990
    60:      684.840      684.940      704.190      704.300      704.700
    65:      823.170      823.490     1436.000     1473.640     1474.230
    70:     2097.790     2147.320     2153.110     2194.550     2298.570
    75:     2302.420     2302.700     2304.540     2328.870     2329.140
    80:     2329.150     2429.890     2804.910     2805.010     2842.230
    85:     2873.190     2937.350     2959.500     2960.810     2961.480
    90:     2961.640     2971.780     2972.230     2974.580     2974.940
    95:     2975.250     2975.390     2975.710     2975.750     2975.880
   100:     3075.030     3075.320     3075.330     3075.550     3075.760
   105:     3076.060     3085.520     3090.480     3095.060     3096.490
   110:     3096.510     3098.980     3099.560     3099.780     3101.320
   115:     3138.580     3201.140     3233.830     3234.040     3234.510
   120:     3303.440     3325.690     3328.830     3328.870     3330.570
   125:     3330.600     3333.420     3334.210     3425.540     3449.990
   130:     3450.220     3450.280     3450.480     3460.640     3462.420
   135:     3467.270     3468.680     3468.760     3469.400     3680.680
   140:     3686.160     3686.330     3686.410     3687.690     3742.230
   145:     3749.640     3750.830     3764.980     3765.000     3780.020
   150:     3789.130     3792.200     3828.480     3828.630     3828.700
   155:     3858.130     3858.140     3905.290     3905.540     3905.880
   160:     3908.870     3909.070     3909.160     3910.110     3911.850
   165:     3912.660     3914.100     3964.350     3968.090     3982.540
   170:     3982.570     3982.620     3982.930     3985.470     3985.650
   175:     3985.690     3985.800     3988.570     3993.070     3993.240
   180:     3993.510     3993.680     3993.730     4000.920     4001.610
   185:     4003.180     4003.350     4041.060     4044.710     4073.330
   190:     4300.120     4300.290     4327.970     4328.000     4328.930
   195:     4379.830     4423.420     4423.570     4425.080     4425.110
   200:     4427.540     4427.560     4428.450     4444.320     4484.820
   205:     4494.900     4499.420     4598.670     4598.800     4598.980
   210:     4630.350     4630.360     4630.390     4631.060     4631.120
   215:     4814.030     4814.300     4885.790     5013.210     5032.440
   220:     5032.520     5056.930     5057.780     5058.140     5058.400
   225:     5060.300     5060.340     5062.280     5119.350     5120.250
   230:     5136.890     5137.080     5138.780     5139.570     5383.920
   235:     5383.990     5384.020     5384.080     5384.100     5384.270
   240:     5384.350     5384.490     5384.590     5384.670     5416.160
   245:     5416.250     5416.260     5442.310     5442.340     5442.420
   250:     5442.440     5442.520     5442.540     5442.830     5444.400
   255:     5449.110     5453.910     5453.960     5453.980     5454.230
   260:     5480.550     5480.610     5649.870     5769.070     5957.280
   265:     5957.310     5998.570     5998.590     6000.290     6013.620
   270:     6013.700     6014.650     6137.280     6138.360     6138.710
   275:     6138.830     6139.670     6139.750     6142.340     6146.040
   280:     6148.130     6149.950     6281.740     6284.490     6303.680
   285:     6322.700     6326.640     6381.210     6381.350     6381.400
   290:     6381.530     6381.570     6381.620     6381.860     6381.880
   295:     6381.980     6382.020     6382.120     6382.340     6382.620
   300:     6382.810     6383.040     6385.110     6606.560     6608.060
   305:     6608.090     6609.030     6609.080     6627.870     6627.940
   310:     6630.880     6631.150     6631.270     6631.370     6631.390
   315:     6631.640     6631.730     6631.940     6999.430     7061.940
   320:     7061.950     7074.350     7074.450     7074.460     7140.910
   325:     7158.510     7158.590     7172.510     7172.590     7177.250
   330:     7180.330     7186.500     7232.370     7232.460     7251.040
   335:     7251.140     7251.740     7254.700     7262.070     7279.650
   340:     7280.270     7281.270     7405.130     7446.190     7455.010
   345:     7455.940     7676.270     7677.160     7725.320     7726.920
   350:     7729.860     7730.190     7749.490     7749.700     7750.030
   355:     7750.150     7750.270     7750.410     7753.530     7755.030
   360:     7759.510     7759.790     7760.060     7765.950     7883.590
   365:     8020.380     8024.270     8024.610     8025.070     8025.170
   370:     8047.650     8103.030     8114.840     8208.460     8239.880
   375:     8328.930     8329.070     8329.080     8908.680     8908.860
   380:     8919.320     9007.780     9010.180     9010.260     9011.050
   385:     9021.300     9021.830     9122.020     9124.040     9124.150
   390:     9145.340     9164.900     9165.780     9166.820     9300.500
   395:     9300.540     9339.710     9339.720     9498.040     9517.550
   400:     9519.710     9553.760     9553.780     9566.420     9566.470
   405:     9566.680     9566.820     9566.840     9566.860     9567.090
   410:     9567.900     9567.940     9567.970     9568.210     9568.330
   415:     9568.490     9568.570     9568.850     9568.900     9589.240
   420:     9651.920     9651.930     9651.950     9704.440     9727.770
   425:     9728.170     9728.250     9730.300     9732.560     9733.560
   430:     9734.640     9764.280     9783.750     9784.840     9787.430
   435:     9831.470     9846.280     9871.980    10023.240    10043.910
   440:    10116.980    10192.920    10238.810    10417.020    10587.140
   445:    10682.550    10750.450    10750.830    10761.400    10761.870
   450:    10761.890    10762.050    10800.010
