File: C:\MED-PC IV\DATA\!2025-05-23_12h24m.Subject T8



Start Date: 05/23/25
End Date: 05/23/25
Subject: T8
Experiment: OralFentSA
Group: One
Box: 2
Start Time: 12:24:05
End Time: 15:24:19
MSN: Golden_Liq_SelfAdmin
F:       0.000
G:     992.000
H:   10800.010
I:       0.000
J:       0.000
K:       0.000
L:       0.000
M:       0.000
N:       0.000
O:       0.000
P:       0.000
Q:       0.000
R:       0.000
S:       0.000
U:       0.000
V:       0.000
W:       0.000
X:       0.000
Y:       0.000
Z:       0.000
A:
     0:        0.000        0.000      180.000        4.000        0.000
     5:        5.000        0.000        5.000        0.000        0.000
    10:        1.000        0.000       10.000  3000000.000       20.000
    15:        9.000      640.000        0.000        0.000        0.000
    20:        0.000
B:
     0:        0.000        0.000        0.000      400.000        0.000
     5:      500.000        0.000      500.000        0.000        0.000
    10:        0.000        0.000     1000.000 300000000.00        0.000
    15:        0.000        0.000        0.000        0.000        0.000
    20:        0.000
C:
     0:       24.000       25.000        0.000       36.000      602.000
     5:     9847.800       31.060       21.000      988.230       47.059
    10:       36.000       26.000        0.000        0.000        0.000
    15:        0.000        0.000        0.000        0.000        0.000
    20:        0.000
D:
     0:       14.750        6.780        1.990        5.290        6.240
     5:        2.640        9.850       95.510      132.440      106.680
    10:       35.170        1.800       13.430        1.650       10.660
    15:        7.470      426.750       23.880       50.440        3.750
    20:       31.060
E:
     0:       19.000       11.000       26.000       27.000        6.000
     5:        6.000        6.000        6.000        6.000        6.000
    10:        6.000        6.000        6.000        6.000        6.000
    15:        6.000        6.000        6.000        6.000        6.000
    20:        6.000        6.000        6.000        6.000        6.000
    25:        6.000        6.000        6.000        6.000        6.000
    30:        6.000        6.000        6.000        6.000        6.000
    35:        6.000        6.000        6.000        6.000        6.000
    40:        6.000        6.000        6.000        6.000        6.000
    45:        6.000        6.000        6.000        6.000        2.000
    50:        4.000       22.000       24.000       12.000       13.000
    55:        8.000        5.000       17.000       18.000       14.000
    60:       10.000       21.000       22.000       19.000       11.000
    65:        6.000        6.000        6.000        6.000        6.000
    70:        6.000        6.000        6.000       23.000       23.000
    75:        6.000        6.000        6.000        6.000        6.000
    80:        2.000        4.000       22.000       24.000       12.000
    85:       13.000        8.000        5.000       17.000       18.000
    90:       14.000       10.000        6.000        6.000        6.000
    95:        6.000        6.000        6.000       19.000       11.000
   100:        6.000        6.000        6.000        6.000        6.000
   105:        6.000        6.000        6.000        6.000        6.000
   110:        6.000        6.000        2.000        4.000       22.000
   115:       24.000       12.000       13.000        8.000        5.000
   120:       17.000        6.000       18.000       14.000       10.000
   125:       19.000       11.000        6.000        6.000        6.000
   130:        6.000        6.000        6.000        6.000        6.000
   135:        6.000        6.000        6.000        6.000        6.000
   140:        6.000        6.000        6.000        6.000        6.000
   145:        6.000        6.000        6.000        6.000        6.000
   150:        6.000        6.000        6.000        6.000        6.000
   155:        6.000        6.000        6.000        6.000        6.000
   160:        6.000        6.000        6.000        6.000        6.000
   165:        6.000        6.000        6.000        6.000        6.000
   170:        6.000        6.000        6.000        6.000        6.000
   175:        6.000        6.000        6.000        6.000        6.000
   180:       23.000        6.000        6.000        6.000        6.000
   185:        6.000        6.000        2.000        4.000       22.000
   190:       24.000       12.000       13.000        8.000        5.000
   195:       17.000       18.000       14.000       10.000        6.000
   200:       19.000       11.000       23.000       23.000        2.000
   205:        4.000       22.000       24.000       12.000       13.000
   210:        8.000        5.000       17.000       21.000       22.000
   215:       21.000       22.000       18.000       14.000       10.000
   220:        6.000        6.000       19.000       11.000        6.000
   225:        6.000        6.000        6.000        6.000        6.000
   230:        6.000        6.000        6.000        6.000        6.000
   235:        6.000        6.000        6.000        6.000        6.000
   240:        6.000        6.000        6.000        6.000        6.000
   245:        6.000        6.000        6.000        6.000        6.000
   250:        6.000        6.000        6.000        6.000        6.000
   255:        6.000        6.000        6.000        6.000        6.000
   260:        6.000       23.000        6.000        6.000        6.000
   265:        6.000        6.000        6.000        6.000        6.000
   270:        6.000        6.000        6.000        6.000        6.000
   275:        6.000        6.000        6.000        6.000        6.000
   280:        6.000        6.000        6.000        6.000        6.000
   285:        6.000        6.000        6.000        6.000        6.000
   290:        6.000        6.000        6.000        6.000        6.000
   295:        6.000        6.000        6.000        6.000        6.000
   300:        6.000        6.000        6.000        6.000        6.000
   305:        6.000        6.000        6.000        6.000        6.000
   310:        6.000        6.000        6.000        6.000        6.000
   315:        6.000        6.000        6.000        6.000        6.000
   320:        6.000        6.000        6.000        6.000        6.000
   325:        6.000        6.000        6.000        6.000        6.000
   330:        6.000        6.000        6.000        6.000        6.000
   335:        6.000        6.000        6.000        6.000        6.000
   340:        6.000        6.000        6.000        6.000        6.000
   345:        6.000        6.000        6.000        6.000        6.000
   350:        6.000        6.000        6.000        6.000        6.000
   355:        6.000        6.000        6.000        6.000        6.000
   360:        2.000        4.000       22.000       24.000       12.000
   365:       13.000        8.000        5.000       17.000        6.000
   370:       18.000        6.000        6.000        6.000       14.000
   375:       10.000        6.000        6.000        6.000        6.000
   380:       19.000       11.000        6.000        6.000        6.000
   385:        6.000        6.000        6.000        6.000        6.000
   390:        6.000        6.000        6.000        6.000        6.000
   395:        6.000        6.000        6.000        6.000        6.000
   400:        6.000        6.000        6.000        6.000        6.000
   405:        6.000        6.000        6.000        6.000        2.000
   410:        4.000       22.000       24.000       12.000       13.000
   415:        8.000        5.000       17.000       18.000       14.000
   420:       10.000        6.000       19.000       11.000       23.000
   425:        2.000        4.000       22.000       24.000       12.000
   430:       13.000        8.000        5.000       17.000       18.000
   435:       14.000       10.000       19.000       11.000        2.000
   440:        4.000       22.000       24.000       12.000       13.000
   445:        8.000        5.000       17.000       18.000       14.000
   450:       10.000       19.000       11.000        6.000        6.000
   455:        2.000        4.000       22.000       24.000       12.000
   460:       13.000        8.000        5.000       17.000       18.000
   465:       14.000       10.000       19.000       11.000        6.000
   470:        6.000       23.000        2.000        4.000       22.000
   475:       24.000       12.000       13.000        8.000        5.000
   480:       17.000       18.000       14.000       10.000       19.000
   485:       11.000        6.000        6.000        6.000       23.000
   490:        2.000        4.000       22.000       24.000       12.000
   495:       13.000        8.000        5.000       17.000       18.000
   500:       14.000       10.000       19.000       11.000        6.000
   505:        6.000        6.000        6.000        6.000        6.000
   510:        6.000        6.000        6.000        6.000        6.000
   515:        6.000        6.000        6.000        6.000        6.000
   520:        2.000        4.000       22.000       24.000       12.000
   525:       13.000        8.000        5.000       17.000        6.000
   530:        6.000       18.000       14.000       10.000        6.000
   535:        6.000       19.000       11.000        6.000       23.000
   540:        2.000        4.000       22.000       24.000       12.000
   545:       13.000        8.000        5.000       17.000       21.000
   550:       22.000       21.000       22.000       18.000       14.000
   555:       10.000       19.000       11.000        6.000        6.000
   560:        6.000        6.000        6.000        6.000        6.000
   565:        6.000        6.000        6.000        6.000        6.000
   570:        2.000        4.000       22.000       24.000       12.000
   575:       13.000        8.000        5.000       17.000        6.000
   580:        6.000       18.000       14.000       10.000       19.000
   585:       11.000        6.000        6.000        2.000        4.000
   590:       22.000       24.000       12.000       13.000        8.000
   595:        5.000       17.000       18.000       14.000       10.000
   600:       19.000       11.000        6.000        6.000        6.000
   605:        6.000        6.000        6.000        6.000        6.000
   610:        6.000        6.000        6.000        6.000        6.000
   615:        6.000        6.000        6.000        6.000        6.000
   620:        2.000        4.000       22.000       24.000       12.000
   625:       13.000        8.000        5.000       17.000       18.000
   630:       14.000       10.000       19.000       11.000        2.000
   635:        4.000       22.000       24.000       12.000       13.000
   640:        8.000        5.000       17.000       21.000       22.000
   645:       18.000       14.000       10.000        6.000       19.000
   650:       11.000       23.000       23.000       23.000       23.000
   655:       23.000       23.000       23.000        6.000       23.000
   660:       23.000        6.000        6.000        6.000       23.000
   665:        6.000        6.000        6.000        2.000        4.000
   670:       22.000       24.000       12.000       13.000        8.000
   675:        5.000       17.000       21.000       22.000       18.000
   680:       14.000       10.000       19.000       11.000        6.000
   685:       23.000        6.000        6.000        6.000        6.000
   690:        6.000        6.000        6.000        6.000        6.000
   695:        6.000        6.000        2.000        4.000       22.000
   700:       24.000       12.000       13.000        8.000        5.000
   705:       17.000       21.000       22.000       21.000       22.000
   710:       21.000       22.000       18.000       14.000       10.000
   715:       19.000       11.000        6.000        6.000        6.000
   720:        6.000        6.000        6.000        6.000        6.000
   725:        6.000        6.000       23.000       23.000        2.000
   730:        4.000       22.000       24.000       12.000       13.000
   735:        8.000        5.000       17.000       18.000       14.000
   740:       10.000       19.000       11.000       23.000       23.000
   745:        6.000        6.000        2.000        4.000       22.000
   750:       24.000       12.000       13.000        8.000        5.000
   755:       17.000       21.000       22.000       21.000       22.000
   760:       18.000       14.000       10.000       19.000       11.000
   765:        2.000        4.000       22.000       24.000       12.000
   770:       13.000        8.000        5.000       17.000        6.000
   775:        6.000       18.000       14.000       10.000        6.000
   780:        6.000        6.000        6.000       19.000       11.000
   785:        6.000        6.000        6.000        6.000        6.000
   790:        6.000        6.000        6.000        6.000        6.000
   795:        6.000        6.000        6.000        6.000        6.000
   800:        6.000        6.000        6.000        6.000        6.000
   805:        6.000        6.000        6.000        6.000        6.000
   810:        6.000        6.000        6.000        6.000        6.000
   815:        6.000        6.000        6.000        6.000        6.000
   820:        6.000        6.000        6.000        6.000        6.000
   825:        6.000        6.000        6.000        6.000        6.000
   830:        6.000        6.000        6.000        6.000        6.000
   835:        6.000        6.000        6.000        6.000        6.000
   840:        6.000        6.000        6.000        6.000        6.000
   845:        6.000        6.000        6.000        6.000        6.000
   850:        6.000        6.000        6.000        6.000        6.000
   855:        6.000        6.000        6.000        6.000        6.000
   860:        6.000        6.000        6.000        6.000        6.000
   865:        6.000        6.000        6.000        6.000        6.000
   870:        6.000        6.000        6.000        6.000        6.000
   875:        6.000        6.000        6.000        6.000        6.000
   880:        6.000        6.000        6.000        6.000        6.000
   885:        6.000        6.000        6.000        6.000        6.000
   890:        6.000        6.000        6.000        6.000        6.000
   895:        6.000        6.000        6.000        6.000        6.000
   900:        6.000        6.000        6.000        6.000        6.000
   905:        6.000        6.000        6.000        6.000        6.000
   910:        6.000        6.000        6.000        6.000        6.000
   915:        6.000        6.000        6.000        6.000        6.000
   920:        6.000        6.000        6.000        6.000        6.000
   925:        6.000        6.000        6.000        6.000        6.000
   930:        6.000        6.000        6.000        6.000        6.000
   935:        6.000        6.000        6.000        6.000        2.000
   940:        4.000       22.000       24.000       12.000       13.000
   945:        8.000        5.000       17.000       18.000       14.000
   950:       10.000       19.000       11.000        6.000        6.000
   955:        6.000        6.000        6.000        6.000        6.000
   960:        6.000        6.000        6.000        6.000        6.000
   965:        6.000        6.000        6.000        6.000        6.000
   970:        6.000        6.000        6.000        6.000        6.000
   975:        6.000        6.000        6.000        6.000        6.000
   980:        6.000        6.000        6.000        6.000        6.000
   985:        6.000        6.000       23.000        6.000        6.000
   990:        6.000        6.000      100.000
T:
     0:        0.000        0.000        0.000        0.000        4.790
     5:        8.410       93.770       94.810       94.830      223.990
    10:      224.330      308.000      308.230      435.770      436.510
    15:      436.580      447.950      469.570      469.620      476.090
    20:      537.400      538.170      539.170      539.260      539.360
    25:      539.440      540.680      540.870      562.560      564.830
    30:      570.750      841.720      844.420      845.940      851.960
    35:      853.450      853.470      876.300      876.310      943.680
    40:      944.380      944.390      948.570      948.880      949.800
    45:      950.700      951.140      951.500      999.500     1004.930
    50:     1004.930     1004.930     1004.940     1004.940     1004.940
    55:     1004.940     1004.940     1004.940     1008.940     1009.940
    60:     1009.940     1011.720     1011.720     1014.930     1014.940
    65:     1019.690     1019.950     1020.680     1023.950     1029.930
    70:     1031.790     1035.160     1036.660     1102.490     1104.730
    75:     1128.410     1130.140     1147.710     1168.640     1199.440
    80:     1221.400     1221.400     1221.400     1221.410     1221.410
    85:     1221.410     1221.410     1221.410     1221.410     1225.410
    90:     1226.410     1226.410     1228.190     1229.610     1229.660
    95:     1229.790     1230.330     1230.410     1231.400     1231.410
   100:     1234.300     1235.320     1235.970     1237.320     1237.550
   105:     1241.100     1242.550     1243.100     1243.660     1420.910
   110:     1421.950     1423.650     1453.030     1453.030     1453.030
   115:     1453.040     1453.040     1453.040     1453.040     1453.040
   120:     1453.040     1455.030     1457.040     1458.040     1458.040
   125:     1463.030     1463.040     1486.290     1487.940     1489.560
   130:     1490.100     1492.770     1494.900     1495.330     1497.830
   135:     1498.600     1501.820     1506.730     1508.300     1509.580
   140:     1510.610     1510.870     1516.170     1517.570     1517.620
   145:     1517.630     1519.250     1584.340     1584.690     1590.520
   150:     1591.260     1591.580     1591.910     1592.110     1592.160
   155:     1592.360     1592.620     1594.760     1595.720     1595.850
   160:     1599.130     1599.760     1600.210     1600.660     1601.600
   165:     1601.930     1602.010     1602.260     1602.290     1602.370
   170:     1602.640     1678.130     1678.290     1704.900     1730.410
   175:     1851.420     2349.760     2373.380     2437.970     2466.400
   180:     2495.510     2535.530     2537.210     2609.760     2612.300
   185:     2613.920     2720.720     2806.990     2806.990     2806.990
   190:     2807.000     2807.000     2807.000     2807.000     2807.000
   195:     2807.000     2811.000     2812.000     2812.000     2812.290
   200:     2816.990     2817.000     2819.150     2819.830     2863.310
   205:     2863.310     2863.310     2863.320     2863.320     2863.320
   210:     2863.320     2863.320     2863.320     2863.630     2863.630
   215:     2866.660     2866.660     2867.320     2868.320     2868.320
   220:     2869.560     2870.330     2873.310     2873.320     2874.900
   225:     2878.530     2883.040     2886.720     2886.870     2886.950
   230:     2887.670     2892.380     2895.110     2895.250     2895.740
   235:     2895.870     2896.260     2900.070     2900.680     2904.970
   240:     2908.190     2913.260     2914.540     2914.630     2914.890
   245:     2919.700     2920.640     2920.700     2923.630     2924.790
   250:     3246.820     3248.420     3248.710     3249.310     3280.790
   255:     3281.900     3285.720     3308.370     3354.810     3470.210
   260:     3506.450     3515.370     3556.960     3582.000     3646.630
   265:     3649.090     3649.930     3649.960     3650.830     3650.880
   270:     3651.060     3651.070     3651.110     3651.320     3654.170
   275:     3654.350     3654.800     3656.330     3659.720     3663.540
   280:     3664.690     3667.040     3668.750     3668.900     3670.040
   285:     3672.810     3676.390     3677.820     3678.150     3678.310
   290:     3678.380     3684.680     3685.290     3685.350     3686.040
   295:     3686.220     3686.400     3687.180     3688.360     3699.500
   300:     3700.230     3708.200     3708.370     3710.170     3713.090
   305:     3714.280     3715.110     3715.180     3716.160     3717.630
   310:     3720.660     3721.150     3721.190     3721.800     3728.510
   315:     3729.360     3729.520     3729.690     3731.840     3732.130
   320:     3733.140     3736.440     3737.600     3738.060     3739.190
   325:     3741.400     3741.440     3741.700     3741.740     3741.960
   330:     3742.680     3743.390     3744.460     3750.510     3751.750
   335:     3760.590     3760.710     3760.770     3761.100     3761.190
   340:     3761.700     3762.680     3766.660     3767.220     3767.370
   345:     3767.640     3768.870     3772.620     3780.590     3829.650
   350:     3861.280     3864.560     3864.810     3864.950     3865.200
   355:     3920.660     3920.890     3953.560     3969.740     3970.540
   360:     3973.020     3973.020     3973.020     3973.030     3973.030
   365:     3973.030     3973.030     3973.030     3973.030     3975.670
   370:     3977.030     3977.710     3977.960     3978.020     3978.030
   375:     3978.030     3978.100     3978.470     3979.500     3982.470
   380:     3983.020     3983.030     3983.160     3985.070     3991.530
   385:     4003.890     4004.080     4013.400     4015.470     4017.640
   390:     4019.170     4020.090     4021.370     4023.650     4041.610
   395:     4060.630     4384.700     4386.760     4409.350     4414.690
   400:     4418.270     4455.550     4455.610     4455.650     4456.580
   405:     4462.790     4475.770     4478.000     4478.240     4605.680
   410:     4605.680     4605.680     4605.690     4605.690     4605.690
   415:     4605.690     4605.690     4605.690     4609.690     4610.690
   420:     4610.690     4615.540     4615.680     4615.690     4681.310
   425:     4693.510     4693.510     4693.510     4693.520     4693.520
   430:     4693.520     4693.520     4693.520     4693.520     4697.520
   435:     4698.520     4698.520     4703.510     4703.520     4719.290
   440:     4719.290     4719.290     4719.300     4719.300     4719.300
   445:     4719.300     4719.300     4719.300     4723.300     4724.300
   450:     4724.300     4729.290     4729.300     4814.810     4815.030
   455:     4956.580     4956.580     4956.580     4956.590     4956.590
   460:     4956.590     4956.590     4956.590     4956.590     4960.590
   465:     4961.590     4961.590     4966.580     4966.590     5089.030
   470:     5089.260     5123.610     5154.720     5154.720     5154.720
   475:     5154.730     5154.730     5154.730     5154.730     5154.730
   480:     5154.730     5158.730     5159.730     5159.730     5164.720
   485:     5164.730     5261.410     5262.130     5297.480     5307.380
   490:     5356.310     5356.310     5356.310     5356.320     5356.320
   495:     5356.320     5356.320     5356.320     5356.320     5360.320
   500:     5361.320     5361.320     5366.310     5366.320     5391.490
   505:     5391.650     5392.150     5394.000     5394.310     5395.370
   510:     5397.390     5397.800     5398.020     5399.260     5399.820
   515:     5405.890     5407.360     5408.080     5408.220     5409.320
   520:     5430.960     5430.960     5430.960     5430.970     5430.970
   525:     5430.970     5430.970     5430.970     5430.970     5432.770
   530:     5432.920     5434.970     5435.970     5435.970     5438.040
   535:     5438.250     5440.960     5440.970     5441.550     5513.730
   540:     5801.490     5801.490     5801.490     5801.500     5801.500
   545:     5801.500     5801.500     5801.500     5801.500     5802.380
   550:     5802.380     5804.590     5804.590     5805.500     5806.500
   555:     5806.500     5811.490     5811.500     5814.930     5816.580
   560:     5972.060     5983.950     5987.440     5989.160     5991.140
   565:     6003.300     6003.500     6003.540     6004.420     6055.660
   570:     6074.910     6074.910     6074.910     6074.920     6074.920
   575:     6074.920     6074.920     6074.920     6074.920     6076.570
   580:     6076.600     6078.920     6079.920     6079.920     6084.910
   585:     6084.920     6120.940     6122.510     6124.750     6124.750
   590:     6124.750     6124.760     6124.760     6124.760     6124.760
   595:     6124.760     6124.760     6128.760     6129.760     6129.760
   600:     6134.750     6134.760     6135.420     6135.970     6136.120
   605:     6136.370     6136.460     6136.660     6152.500     6152.600
   610:     6152.850     6153.420     6153.470     6153.500     6153.560
   615:     6153.650     6153.660     6154.260     6154.410     6154.420
   620:     6210.140     6210.140     6210.140     6210.150     6210.150
   625:     6210.150     6210.150     6210.150     6210.150     6214.150
   630:     6215.150     6215.150     6220.140     6220.150     6247.180
   635:     6247.180     6247.180     6247.190     6247.190     6247.190
   640:     6247.190     6247.190     6247.190     6248.080     6248.080
   645:     6251.190     6252.190     6252.190     6254.660     6257.180
   650:     6257.190     6311.160     6325.880     6398.050     6407.060
   655:     6411.210     6418.560     6493.180     6555.040     6609.350
   660:     6609.500     6622.550     6625.490     6683.260     6760.460
   665:     6864.380     6908.830     6909.040     6948.790     6948.790
   670:     6948.790     6948.800     6948.800     6948.800     6948.800
   675:     6948.800     6948.800     6949.510     6949.510     6952.800
   680:     6953.800     6953.800     6958.790     6958.800     7375.550
   685:     7410.830     7419.750     7458.710     7458.970     7512.680
   690:     7513.200     7530.760     7532.860     7535.050     7536.560
   695:     7536.740     7579.150     7612.890     7612.890     7612.890
   700:     7612.900     7612.900     7612.900     7612.900     7612.900
   705:     7612.900     7613.010     7613.010     7613.830     7613.830
   710:     7616.190     7616.190     7616.900     7617.900     7617.900
   715:     7622.890     7622.900     7636.780     7647.550     7660.450
   720:     7676.900     7677.420     7692.570     7778.540     7933.250
   725:     7986.690     7988.500     8018.750     8021.270     8063.740
   730:     8063.740     8063.740     8063.750     8063.750     8063.750
   735:     8063.750     8063.750     8063.750     8067.750     8068.750
   740:     8068.750     8073.740     8073.750     8078.690     8081.050
   745:     8114.190     8124.380     8158.330     8158.330     8158.330
   750:     8158.340     8158.340     8158.340     8158.340     8158.340
   755:     8158.340     8158.950     8158.950     8159.990     8159.990
   760:     8162.340     8163.340     8163.340     8168.330     8168.340
   765:     8191.220     8191.220     8191.220     8191.230     8191.230
   770:     8191.230     8191.230     8191.230     8191.230     8194.980
   775:     8195.210     8195.230     8196.230     8196.230     8198.270
   780:     8198.410     8199.680     8200.180     8201.220     8201.230
   785:     8201.650     8202.320     8202.410     8202.610     8202.670
   790:     8202.700     8203.630     8203.750     8203.870     8204.550
   795:     8206.370     8208.320     8208.460     8212.070     8212.970
   800:     8213.010     8213.090     8213.120     8213.200     8213.450
   805:     8213.700     8214.750     8216.360     8216.520     8216.660
   810:     8217.450     8218.590     8218.990     8219.960     8221.340
   815:     8221.660     8221.770     8221.900     8223.100     8223.160
   820:     8223.240     8223.260     8223.380     8223.760     8226.940
   825:     8228.630     8235.060     8236.390     8237.990     8243.470
   830:     8244.120     8244.340     8244.900     8245.250     8246.750
   835:     8248.010     8248.560     8249.010     8249.080     8249.330
   840:     8291.580     8292.970     8294.670     8341.150     8354.430
   845:     8387.410     8387.610     8390.420     8393.610     8394.030
   850:     8394.180     8394.370     8394.980     8397.500     8398.120
   855:     8398.390     8398.560     8426.370     8432.480     8432.880
   860:     8446.740     8634.230     8634.240     8818.320     9071.090
   865:     9099.100     9104.400     9104.510     9105.030     9105.730
   870:     9106.640     9129.220     9159.900     9167.040     9167.940
   875:     9168.730     9176.960     9178.630     9179.840     9180.780
   880:     9180.970     9181.490     9196.170     9196.760     9199.720
   885:     9200.130     9200.950     9207.340     9208.750     9224.190
   890:     9225.050     9233.660     9234.140     9250.740     9251.360
   895:     9267.180     9267.660     9268.260     9269.040     9269.340
   900:     9269.670     9287.260     9287.420     9287.790     9293.680
   905:     9293.830     9296.020     9296.360     9298.310     9301.470
   910:     9305.090     9306.060     9306.440     9312.650     9312.990
   915:     9314.850     9367.520     9368.710     9386.910     9387.950
   920:     9388.660     9390.170     9390.750     9392.150     9690.190
   925:     9749.170     9757.120     9757.500     9758.450     9759.150
   930:     9761.590     9762.510     9763.280     9767.880     9769.580
   935:     9789.720     9790.080     9816.440     9824.060     9847.790
   940:     9847.790     9847.790     9847.800     9847.800     9847.800
   945:     9847.800     9847.800     9847.800     9851.800     9852.800
   950:     9852.800     9857.790     9857.800     9878.860     9880.880
   955:     9882.010     9933.740     9973.210     9987.530     9988.160
   960:     9988.360     9991.950    10026.810    10094.120    10110.530
   965:    10110.930    10111.080    10111.140    10111.350    10112.940
   970:    10114.310    10125.050    10126.240    10126.410    10126.600
   975:    10127.240    10130.190    10130.870    10131.630    10131.740
   980:    10135.590    10140.100    10141.380    10164.980    10165.030
   985:    10193.530    10197.960    10220.620    10400.570    10405.670
   990:    10409.680    10410.000    10800.010
