File: C:\MED-PC IV\DATA\!2025-09-04_16h53m.Subject T21



Start Date: 09/04/25
End Date: 09/04/25
Subject: T21
Experiment: OralFentSA
Group: One
Box: 2
Start Time: 16:53:07
End Time: 19:53:13
MSN: Golden_Liq_SelfAdmin_LIT
F:       0.000
G:    1003.000
H:   10800.010
I:       0.000
J:       0.000
K:       0.000
L:       0.000
M:       0.000
N:       0.000
O:       0.000
P:       0.000
Q:       0.000
R:       0.000
S:       0.000
U:       0.000
V:       0.000
W:       0.000
X:       0.000
Y:       0.000
Z:       0.000
A:
     0:        0.000        0.000      180.000        4.000        0.000
     5:        5.000        0.000        5.000        0.000        0.000
    10:        1.000        0.000       10.000  3000000.000       20.000
    15:       14.000      320.000        0.000        0.000        0.000
    20:        0.000
B:
     0:        0.000        0.000        0.000      400.000        0.000
     5:      500.000        0.000      500.000        0.000        0.000
    10:        0.000        0.000     1000.000 300000000.00        0.000
    15:        0.000        0.000        0.000        0.000        0.000
    20:        0.000
C:
     0:        7.000        8.000        0.000        7.000      909.000
     5:    10729.250        2.840        7.000       34.530        4.933
    10:        7.000        6.000        0.000        0.000        0.000
    15:        0.000        0.000        0.000        0.000        0.000
    20:        0.000
D:
     0:        7.460        4.120        4.350        7.350        5.760
     5:        2.650        2.840
E:
     0:       19.000       11.000       26.000       27.000        6.000
     5:        6.000        6.000        2.000        4.000       22.000
    10:       24.000       13.000        8.000        5.000       17.000
    15:       18.000       14.000       10.000        6.000        6.000
    20:        6.000       19.000        6.000        6.000        6.000
    25:        6.000        6.000        6.000        6.000        6.000
    30:        6.000       23.000        6.000        6.000        6.000
    35:        6.000        6.000        6.000        6.000        2.000
    40:        4.000       22.000       24.000       13.000        8.000
    45:        5.000       17.000       18.000        6.000       14.000
    50:       10.000        6.000        6.000        6.000       19.000
    55:       23.000        6.000        6.000        6.000        6.000
    60:        6.000        6.000        6.000        6.000        6.000
    65:        6.000        6.000        6.000        6.000        6.000
    70:        6.000        6.000        6.000        6.000        6.000
    75:        6.000        6.000        6.000        6.000        6.000
    80:        6.000        6.000        6.000        6.000        6.000
    85:        6.000        6.000        6.000        6.000        6.000
    90:        6.000        6.000        6.000        6.000        6.000
    95:        6.000        6.000        6.000        6.000        2.000
   100:        4.000       22.000       24.000       13.000        8.000
   105:        5.000       17.000       18.000        6.000       14.000
   110:       10.000        6.000        6.000       19.000        6.000
   115:       23.000        6.000        6.000        6.000        6.000
   120:        6.000        6.000        6.000        6.000        6.000
   125:        6.000        6.000        6.000        6.000        6.000
   130:        6.000        6.000        6.000        6.000        6.000
   135:        6.000        6.000        6.000        6.000        6.000
   140:        6.000        6.000        6.000        6.000        6.000
   145:        6.000        6.000        6.000        6.000        6.000
   150:        6.000        6.000        6.000        6.000        6.000
   155:        6.000        6.000        6.000        6.000        6.000
   160:        6.000        6.000        6.000        6.000        6.000
   165:        6.000        6.000        6.000        6.000        6.000
   170:        6.000        6.000        6.000        6.000        6.000
   175:        6.000        6.000        6.000        6.000        6.000
   180:        6.000        6.000        6.000        6.000        6.000
   185:        6.000        6.000        6.000        6.000        6.000
   190:        6.000        6.000        6.000        6.000        6.000
   195:        6.000        6.000        6.000        6.000        6.000
   200:        6.000        6.000        6.000       23.000        6.000
   205:        6.000        6.000        6.000        6.000        6.000
   210:        6.000        6.000        6.000        6.000        6.000
   215:        6.000        6.000        6.000        6.000        6.000
   220:        6.000        6.000        6.000        6.000        6.000
   225:        6.000        6.000        6.000        6.000        6.000
   230:        6.000        6.000        6.000        6.000        6.000
   235:        6.000        6.000        6.000        6.000        6.000
   240:        6.000        6.000        6.000        6.000        6.000
   245:        6.000        6.000        6.000        6.000        6.000
   250:        6.000        6.000        6.000        6.000        6.000
   255:        6.000        6.000        6.000        6.000        6.000
   260:        6.000        6.000        6.000        6.000        6.000
   265:       23.000        6.000        6.000        6.000        6.000
   270:        6.000        6.000        6.000        6.000        6.000
   275:        6.000        6.000        6.000        6.000        6.000
   280:        6.000        6.000        6.000        6.000        6.000
   285:        6.000        6.000        6.000        6.000        6.000
   290:        6.000        6.000        6.000        6.000        6.000
   295:        6.000        6.000        6.000        6.000        6.000
   300:        6.000        6.000        6.000        6.000        6.000
   305:        6.000        2.000        4.000       22.000       24.000
   310:       13.000        8.000        5.000       17.000       18.000
   315:       14.000       10.000        6.000       19.000        6.000
   320:        6.000        6.000        6.000        6.000        6.000
   325:        6.000        6.000        6.000        6.000        6.000
   330:        6.000        6.000        6.000        6.000        6.000
   335:        6.000        6.000        6.000        6.000        6.000
   340:        6.000        6.000        6.000        6.000        6.000
   345:        6.000        6.000        6.000        6.000        6.000
   350:        6.000        6.000        6.000        6.000        6.000
   355:        6.000        6.000        6.000        6.000        6.000
   360:        6.000        6.000        6.000        6.000        6.000
   365:        6.000        6.000        6.000        6.000        6.000
   370:        6.000        6.000        6.000        6.000        6.000
   375:        6.000        6.000        6.000        6.000        6.000
   380:        6.000        6.000        6.000        6.000        6.000
   385:        6.000        6.000        6.000        6.000        6.000
   390:        6.000        6.000        6.000        6.000        6.000
   395:        6.000        6.000        6.000        6.000        6.000
   400:        6.000        6.000        6.000        6.000        6.000
   405:        6.000        6.000        6.000        6.000        6.000
   410:        6.000        6.000        6.000        6.000        6.000
   415:        6.000        6.000        6.000        6.000        6.000
   420:        6.000        6.000        6.000        6.000        6.000
   425:        6.000        6.000        6.000        6.000        6.000
   430:        6.000        6.000        6.000        6.000        6.000
   435:        6.000        6.000        6.000        6.000        6.000
   440:        6.000        6.000        6.000        6.000        6.000
   445:        6.000        6.000        6.000        6.000        6.000
   450:        6.000        6.000        6.000        6.000        6.000
   455:        6.000        6.000        6.000        6.000        6.000
   460:        6.000        6.000        6.000        6.000        6.000
   465:        6.000        6.000        6.000        6.000        6.000
   470:        6.000        6.000        6.000        6.000        6.000
   475:        6.000        6.000        6.000        6.000        6.000
   480:        6.000        6.000        6.000        6.000        6.000
   485:        6.000        6.000        6.000        6.000        6.000
   490:        6.000        6.000        6.000        6.000        6.000
   495:        6.000        6.000        6.000        6.000        6.000
   500:        6.000        6.000        6.000        6.000        6.000
   505:        6.000        6.000        6.000        6.000        6.000
   510:        6.000        6.000        6.000        6.000        6.000
   515:        6.000        6.000        6.000        6.000        6.000
   520:        6.000        6.000        6.000        6.000        6.000
   525:        6.000        6.000        6.000        6.000        6.000
   530:        6.000        6.000        6.000        6.000        6.000
   535:        6.000        6.000        6.000        6.000        6.000
   540:        6.000        6.000        6.000        6.000        6.000
   545:        6.000        6.000        6.000        6.000        6.000
   550:        6.000        6.000        6.000        6.000        6.000
   555:        6.000        6.000        6.000        6.000        6.000
   560:        6.000        6.000        6.000        6.000        6.000
   565:        6.000        6.000        6.000        6.000        6.000
   570:        6.000        6.000        6.000        6.000        6.000
   575:        6.000        6.000        6.000        6.000        6.000
   580:        6.000        6.000        6.000        6.000        6.000
   585:        6.000        6.000        6.000        6.000        6.000
   590:        6.000        6.000        6.000        6.000        6.000
   595:        6.000        6.000        6.000        6.000        6.000
   600:        6.000        6.000        6.000        6.000        6.000
   605:        6.000        6.000        6.000        6.000        6.000
   610:        6.000        6.000        6.000        6.000        6.000
   615:        6.000        6.000        6.000        6.000        6.000
   620:        6.000        6.000        6.000        6.000        6.000
   625:        6.000        6.000        6.000        6.000        6.000
   630:        6.000        6.000        6.000        2.000        4.000
   635:       22.000       24.000       13.000        8.000        5.000
   640:       17.000       18.000       14.000       10.000        6.000
   645:       19.000        6.000        6.000        6.000        6.000
   650:        6.000        2.000        4.000       22.000       24.000
   655:       13.000        8.000        5.000       17.000        6.000
   660:       18.000       14.000       10.000       19.000        6.000
   665:        6.000        6.000        6.000        6.000        6.000
   670:        6.000        6.000        6.000        6.000        6.000
   675:        6.000        6.000        6.000        6.000        6.000
   680:        6.000        6.000        6.000        6.000        6.000
   685:        6.000        6.000        6.000        6.000        6.000
   690:        6.000        6.000        6.000        6.000        6.000
   695:        6.000        6.000        6.000        6.000        6.000
   700:        6.000        6.000        6.000        6.000        6.000
   705:        6.000        6.000        6.000        6.000        6.000
   710:        6.000        6.000        6.000        6.000        6.000
   715:        6.000        6.000        6.000        6.000        6.000
   720:        6.000        6.000        6.000        6.000        6.000
   725:        6.000        6.000        6.000        6.000        6.000
   730:        6.000        6.000        6.000        6.000        6.000
   735:        6.000        6.000        6.000        6.000        6.000
   740:        6.000        6.000        6.000        6.000        6.000
   745:        6.000        6.000        6.000        6.000        6.000
   750:        6.000        6.000        6.000        6.000        6.000
   755:        6.000        6.000        6.000        6.000        6.000
   760:        6.000        6.000        6.000        6.000        6.000
   765:        6.000        6.000        6.000        6.000        6.000
   770:        6.000        6.000        6.000        6.000        6.000
   775:        6.000        6.000        6.000        6.000        6.000
   780:        6.000        6.000        6.000        6.000        6.000
   785:        6.000        6.000        6.000        6.000        6.000
   790:        6.000        6.000        6.000        6.000        6.000
   795:        6.000        6.000        6.000        6.000        6.000
   800:        6.000        6.000        6.000        6.000        6.000
   805:        6.000        6.000        6.000        6.000        6.000
   810:        6.000        6.000        6.000        6.000        6.000
   815:        6.000        6.000        6.000        6.000       23.000
   820:        6.000        6.000        6.000        6.000        6.000
   825:        6.000        6.000        6.000        6.000        6.000
   830:        6.000        6.000        6.000        6.000        6.000
   835:        6.000        6.000        6.000        6.000        6.000
   840:        6.000        6.000        6.000        6.000        6.000
   845:        6.000        6.000        6.000        6.000        6.000
   850:        6.000        6.000        6.000        6.000        6.000
   855:        6.000        6.000        6.000        6.000        6.000
   860:        6.000        6.000        6.000        6.000        6.000
   865:        6.000        6.000        6.000        6.000        6.000
   870:        6.000        6.000        6.000        6.000        6.000
   875:        6.000        6.000        6.000        6.000        6.000
   880:        6.000        6.000        6.000        6.000        6.000
   885:        6.000        6.000        6.000        6.000        6.000
   890:        6.000        6.000        6.000        6.000        6.000
   895:        6.000        6.000        6.000        6.000        6.000
   900:        6.000        6.000        6.000        6.000        6.000
   905:        6.000        6.000        6.000        6.000        6.000
   910:        6.000        6.000        6.000        6.000        6.000
   915:        6.000        6.000        6.000        6.000        6.000
   920:        6.000        6.000        6.000        6.000        6.000
   925:        6.000        6.000        6.000        6.000        6.000
   930:        6.000        6.000        6.000        6.000        6.000
   935:        6.000        6.000        6.000        6.000        6.000
   940:        6.000        6.000        6.000        6.000        6.000
   945:        6.000        6.000        6.000        6.000        6.000
   950:        6.000        2.000        4.000       22.000       24.000
   955:       13.000        8.000        5.000       17.000        6.000
   960:        6.000       18.000       14.000       10.000        6.000
   965:       19.000        6.000        6.000        6.000        6.000
   970:        6.000        6.000        6.000        6.000        6.000
   975:        6.000        6.000        6.000        6.000        6.000
   980:        6.000        6.000        6.000        6.000        6.000
   985:        6.000        6.000        6.000        6.000        6.000
   990:        6.000        6.000        6.000        6.000        6.000
   995:        6.000        6.000        6.000        6.000        6.000
  1000:        6.000        6.000        6.000      100.000
T:
     0:        0.000        0.000        0.000        0.000       13.630
     5:       28.110       75.860      115.500      115.500      115.500
    10:      115.510      115.510      115.510      115.510      115.510
    15:      119.510      120.510      120.510      122.970      123.650
    20:      124.150      125.500      130.770      133.630      136.710
    25:      155.040      166.760      166.900      183.380      205.070
    30:      216.080      288.960      301.000      337.780      338.130
    35:      338.280      338.570      412.490      413.400      415.980
    40:      415.980      415.980      415.990      415.990      415.990
    45:      415.990      415.990      419.990      420.110      420.990
    50:      420.990      421.020      422.760      424.090      425.980
    55:      437.340      507.920      509.130      516.980      555.950
    60:      557.000      597.810      610.780      611.040      624.730
    65:      645.440      645.700      645.810      749.140      749.270
    70:      757.940      758.110      884.020      885.560      885.780
    75:      885.950      887.270      887.960      889.500      890.600
    80:      891.280      891.380      891.940      893.450      894.070
    85:      894.220      895.300      895.720      896.580      896.720
    90:      897.320      897.910      898.590      900.470      901.370
    95:      901.550      904.750      905.460      908.610      912.100
   100:      912.100      912.100      912.110      912.110      912.110
   105:      912.110      912.110      916.110      916.460      917.110
   110:      917.110      919.690      920.490      922.100      922.180
   115:      935.270      962.660      982.180      988.040     1087.680
   120:     1087.710     1095.010     1100.300     1106.220     1107.160
   125:     1108.410     1116.150     1120.390     1123.840     1125.470
   130:     1126.360     1126.780     1127.330     1127.370     1127.830
   135:     1128.370     1135.650     1138.290     1139.460     1139.670
   140:     1140.800     1141.670     1143.570     1147.110     1148.980
   145:     1149.020     1149.560     1149.630     1151.660     1152.680
   150:     1152.770     1152.860     1152.970     1153.060     1153.610
   155:     1153.710     1154.380     1154.500     1154.850     1155.050
   160:     1155.150     1158.000     1160.960     1161.710     1163.460
   165:     1166.750     1166.870     1171.140     1171.260     1172.740
   170:     1172.840     1174.730     1176.660     1197.090     1197.180
   175:     1197.720     1200.190     1288.370     1288.650     1290.010
   180:     1290.380     1491.710     1492.840     1575.320     1575.440
   185:     1575.650     1596.930     1629.870     1631.140     1706.240
   190:     1722.950     1870.700     1876.690     1877.420     1888.000
   195:     1898.860     1942.960     1953.600     1956.140     2059.670
   200:     2059.960     2185.300     2185.500     2218.320     2220.980
   205:     2256.110     2265.490     2269.760     2269.840     2319.620
   210:     2326.800     2327.430     2327.480     2353.760     2370.950
   215:     2375.620     2416.180     2533.170     2533.850     2564.430
   220:     2571.900     2576.350     2577.280     2579.820     2585.730
   225:     2585.990     2587.190     2587.410     2594.040     2595.720
   230:     2607.680     2612.860     2613.450     2616.800     2622.410
   235:     2624.070     2636.370     2636.750     2637.030     2637.590
   240:     2638.030     2640.890     2645.540     2648.750     2708.570
   245:     2733.900     2785.050     2805.920     2849.340     2850.700
   250:     2850.950     2851.890     2890.940     2891.180     2912.290
   255:     2914.970     2915.120     3315.800     3316.080     3316.840
   260:     3333.300     3356.890     3426.620     3493.730     3495.420
   265:     3584.060     3614.970     3615.480     3621.200     3621.870
   270:     3623.300     3625.180     3626.570     3636.770     3646.520
   275:     3652.260     3654.260     3658.890     3668.340     3671.610
   280:     3678.070     3678.350     3678.770     3682.990     3683.030
   285:     3683.850     3690.620     3718.950     3719.030     3726.680
   290:     3726.860     3728.460     3872.310     4072.610     4125.580
   295:     4134.060     4140.140     4140.230     4257.750     4267.490
   300:     4298.540     4368.110     4368.480     4369.170     4376.150
   305:     4393.400     4401.620     4401.620     4401.620     4401.630
   310:     4401.630     4401.630     4401.630     4401.630     4405.630
   315:     4406.630     4406.630     4408.980     4411.620     4412.800
   320:     4428.370     4434.130     4481.950     4485.100     4514.330
   325:     4514.600     4519.590     4519.900     4519.940     4524.230
   330:     4524.350     4530.810     4533.560     4533.630     4533.730
   335:     4535.110     4537.360     4537.920     4539.250     4542.680
   340:     4543.320     4543.470     4543.480     4545.130     4547.440
   345:     4554.920     4555.330     4555.990     4562.850     4564.240
   350:     4569.660     4573.060     4573.760     4574.370     4576.280
   355:     4578.070     4579.320     4580.700     4581.490     4581.520
   360:     4581.610     4581.780     4583.040     4583.160     4585.400
   365:     4587.200     4587.240     4588.110     4589.900     4591.800
   370:     4593.570     4597.730     4597.990     4598.120     4598.130
   375:     4598.210     4599.340     4600.370     4600.530     4600.680
   380:     4609.900     4610.390     4610.730     4611.170     4613.220
   385:     4613.270     4613.790     4615.870     4616.490     4618.520
   390:     4618.740     4656.410     4657.640     4659.220     4675.950
   395:     4676.300     4701.300     4701.870     4702.310     4702.720
   400:     4723.970     4726.500     4731.940     4734.140     4734.380
   405:     4741.380     4742.080     4749.040     4753.450     4760.770
   410:     4763.260     4766.200     4770.780     4772.150     4783.480
   415:     4784.740     4785.030     4790.190     4790.560     4794.990
   420:     4799.270     4806.700     4807.260     4813.000     4813.090
   425:     4813.160     4814.280     4818.770     4819.190     4827.710
   430:     4846.870     4858.640     4861.330     4861.490     4900.470
   435:     4900.800     5279.490     5299.280     5307.450     5310.530
   440:     5311.310     5311.430     5311.450     5311.550     5314.450
   445:     5366.440     5379.720     5386.090     5389.060     5406.020
   450:     5406.970     5414.370     5457.190     5457.270     5461.640
   455:     5463.990     5484.060     5499.840     5502.060     5519.320
   460:     5520.760     5520.820     5520.910     5521.040     5521.190
   465:     5521.720     5521.790     5522.070     5523.850     5525.780
   470:     5528.010     5528.460     5539.330     5561.510     5585.840
   475:     5585.920     5585.970     5586.290     5602.670     5656.010
   480:     5657.090     5657.290     5666.440     5667.540     5667.660
   485:     5674.680     5678.580     5682.800     5682.880     5683.200
   490:     5683.840     5684.510     5685.080     5690.950     5693.500
   495:     5694.250     5700.750     5700.980     5701.430     5702.570
   500:     5703.700     5704.060     5704.180     5707.370     5708.820
   505:     5708.990     5709.650     5709.880     5710.030     5710.100
   510:     5710.140     5722.930     5724.630     5726.020     5726.080
   515:     5730.420     5734.450     5735.890     5736.130     5740.240
   520:     5740.420     5740.440     5740.490     5743.400     5743.440
   525:     5744.530     5744.610     5747.660     5749.910     5750.170
   530:     5750.190     5761.680     5761.920     5762.350     5762.690
   535:     5763.290     5764.940     5765.700     5766.730     5769.050
   540:     5784.200     5784.720     5911.300     5919.240     5927.970
   545:     5933.160     5933.470     5933.950     5939.120     5939.240
   550:     5940.890     5940.980     5941.960     5942.150     5944.770
   555:     5946.490     5949.260     5949.560     5952.370     5952.770
   560:     5952.830     5953.020     5953.370     5953.950     5956.430
   565:     5956.510     5957.550     5958.310     5958.530     5960.040
   570:     5961.130     5961.350     5962.830     5966.890     5971.360
   575:     5971.950     5972.350     5972.800     5975.050     5977.460
   580:     5977.490     5977.680     5982.170     5994.320     5994.400
   585:     6004.950     6008.530     6010.660     6010.810     6010.900
   590:     6011.080     6014.810     6019.780     6020.100     6021.720
   595:     6022.400     6052.250     6061.020     6061.130     6066.800
   600:     6069.570     6076.230     6104.820     6114.500     6152.900
   605:     6155.990     6156.630     6156.790     6157.350     6157.390
   610:     6184.510     6194.490     6194.910     6195.800     6195.860
   615:     6196.140     6196.760     6205.290     6205.410     6206.150
   620:     6206.790     6217.520     6217.710     6221.820     6221.970
   625:     6296.150     6296.780     6303.630     6364.060     6404.530
   630:     6405.280     6405.530     6474.420     6480.710     6480.710
   635:     6480.710     6480.720     6480.720     6480.720     6480.720
   640:     6480.720     6484.720     6485.720     6485.720     6486.480
   645:     6490.710     6525.010     6525.780     6607.580     6631.740
   650:     6659.080     6680.570     6680.570     6680.570     6680.580
   655:     6680.580     6680.580     6680.580     6680.580     6683.230
   660:     6684.580     6685.580     6685.580     6690.570     6706.020
   665:     6706.200     6863.620     6915.870     6916.590     6968.380
   670:     7039.840     7107.240     7118.870     7119.120     7119.700
   675:     7140.400     7141.350     7143.450     7146.610     7146.780
   680:     7148.350     7149.030     7149.980     7153.840     7153.930
   685:     7156.680     7156.740     7156.910     7158.030     7158.420
   690:     7159.380     7160.520     7160.590     7162.780     7164.080
   695:     7166.800     7166.840     7168.840     7168.910     7169.770
   700:     7169.780     7172.200     7172.260     7174.010     7174.490
   705:     7174.640     7185.940     7187.860     7206.020     7209.560
   710:     7209.770     7209.860     7210.130     7210.380     7211.670
   715:     7212.030     7213.960     7214.200     7217.440     7218.070
   720:     7218.150     7218.690     7218.910     7219.320     7222.260
   725:     7224.510     7224.520     7224.870     7225.140     7226.920
   730:     7228.040     7228.140     7228.760     7230.630     7232.580
   735:     7232.710     7349.070     7548.490     7549.890     7550.180
   740:     8159.100     8160.630     8177.810     8260.470     8347.610
   745:     8365.580     8369.480     8369.770     8371.410     8371.420
   750:     8371.670     8381.560     8405.440     8454.390     8455.100
   755:     8455.230     8456.300     8456.550     8456.750     8457.650
   760:     8460.060     8465.470     8467.800     8469.790     8505.820
   765:     8515.210     8515.270     8520.960     8530.950     8531.130
   770:     8539.040     8543.990     8549.310     8549.860     8549.920
   775:     8550.020     8563.430     8621.090     8633.830     8634.370
   780:     8641.540     8641.610     8641.650     8646.010     8648.250
   785:     8648.900     8653.420     8667.200     8669.050     8669.370
   790:     8669.510     8669.640     8670.170     8688.730     8688.870
   795:     8688.920     8689.040     8689.120     8689.200     8691.760
   800:     8697.250     8697.620     8698.140     8752.310     8752.450
   805:     8764.180     8772.150     9125.900     9126.750     9226.620
   810:     9226.940     9229.590     9234.410     9237.410     9237.650
   815:     9238.310     9311.370     9314.710     9411.960     9482.800
   820:     9497.290     9497.470     9498.040     9498.220     9498.660
   825:     9503.550     9566.720     9597.110     9611.930     9618.990
   830:     9672.360     9679.420     9679.950     9685.130     9685.750
   835:     9736.050     9736.190     9744.840     9744.880     9745.540
   840:     9750.810     9772.040     9774.150     9804.760     9804.990
   845:     9805.310     9805.670     9806.150     9806.320     9806.690
   850:     9807.000     9808.970     9811.070     9812.970     9817.050
   855:     9819.770     9822.370     9822.600     9830.240     9836.530
   860:     9836.680     9836.820     9839.110     9839.210     9839.300
   865:     9842.150     9844.750     9850.210     9850.450     9862.080
   870:     9864.710     9864.900     9865.110     9868.460     9869.350
   875:     9874.520     9874.670     9875.570     9878.160     9878.250
   880:     9878.570     9878.610     9882.040     9882.830     9886.770
   885:     9886.960     9887.030     9887.230     9894.990     9895.530
   890:     9895.620     9896.430     9896.480     9897.780     9898.730
   895:     9898.810     9898.850     9900.500     9900.670     9901.240
   900:     9905.290     9907.910     9939.290     9939.350     9950.720
   905:     9956.700     9958.200     9963.150     9967.290     9969.500
   910:     9969.590     9970.360     9970.480     9975.110     9978.010
   915:     9978.790     9978.960     9979.100     9979.230     9980.270
   920:     9999.200    10058.290    10111.750    10136.500    10138.150
   925:    10140.450    10145.840    10196.510    10196.520    10196.540
   930:    10196.990    10197.910    10198.110    10242.660    10268.570
   935:    10300.210    10306.740    10407.770    10408.060    10450.240
   940:    10450.450    10452.010    10464.970    10568.430    10568.780
   945:    10571.890    10572.020    10573.860    10693.480    10708.660
   950:    10726.050    10729.240    10729.240    10729.240    10729.250
   955:    10729.250    10729.250    10729.250    10729.250    10732.090
   960:    10732.320    10733.250    10734.250    10734.250    10738.860
   965:    10739.240    10748.670    10753.140    10753.290    10756.670
   970:    10756.850    10757.190    10757.320    10759.910    10760.040
   975:    10762.750    10765.910    10769.720    10769.750    10769.860
   980:    10771.690    10772.300    10773.420    10776.550    10776.790
   985:    10777.490    10778.400    10779.790    10780.200    10780.640
   990:    10782.500    10782.640    10787.150    10790.290    10790.670
   995:    10791.170    10791.860    10795.980    10796.120    10797.740
  1000:    10798.280    10798.470    10799.060    10800.010
