File: C:\MED-PC IV\DATA\!2025-05-31_14h42m.Subject T9



Start Date: 05/31/25
End Date: 05/31/25
Subject: T9
Experiment: OralFentSA
Group: One
Box: 7
Start Time: 14:42:49
End Time: 17:42:51
MSN: Golden_Liq_SelfAdmin
F:       0.000
G:    1160.000
H:   10800.010
I:       0.000
J:       0.000
K:       0.000
L:       0.000
M:       0.000
N:       0.000
O:       0.000
P:       0.000
Q:       0.000
R:       0.000
S:       0.000
U:       0.000
V:       0.000
W:       0.000
X:       0.000
Y:       0.000
Z:       0.000
A:
     0:        0.000        0.000      180.000        4.000        0.000
     5:        5.000        0.000        5.000        0.000        0.000
    10:        1.000        0.000       10.000  3000000.000       19.000
    15:       15.000      640.000        0.000        0.000        0.000
    20:        0.000
B:
     0:        0.000        0.000        0.000      400.000        0.000
     5:      500.000        0.000      500.000        0.000        0.000
    10:        0.000        0.000     1000.000 300000000.00        0.000
    15:        0.000        0.000        0.000        0.000        0.000
    20:        0.000
C:
     0:       13.000       14.000        0.000       15.000      934.000
     5:     9577.830        1.500       13.000       76.700        5.900
    10:       15.000       36.000        0.000        0.000        0.000
    15:        0.000        0.000        0.000        0.000        0.000
    20:        0.000
D:
     0:        3.510        3.530        1.050        1.260       48.720
     5:        3.250        0.610        3.530        1.850        3.510
    10:        1.160        3.220        1.500
E:
     0:       19.000       11.000       26.000       27.000        6.000
     5:        6.000        6.000        6.000        6.000        6.000
    10:        6.000        6.000        6.000        6.000        6.000
    15:        6.000        6.000        6.000        6.000        6.000
    20:        6.000        2.000        4.000       22.000       24.000
    25:       12.000       13.000        8.000        5.000       17.000
    30:       21.000       22.000        6.000       18.000       14.000
    35:       10.000        6.000       19.000       11.000        6.000
    40:        6.000        6.000        6.000        6.000        6.000
    45:        6.000        6.000        6.000        6.000        6.000
    50:        6.000        6.000        6.000        6.000        6.000
    55:        6.000        6.000        6.000        6.000        6.000
    60:        6.000        6.000        6.000        6.000        6.000
    65:        6.000        6.000        6.000        6.000        6.000
    70:        6.000        6.000        6.000        6.000        6.000
    75:        6.000        6.000        6.000        6.000        6.000
    80:        6.000        6.000        6.000        6.000        6.000
    85:        6.000        6.000        6.000        6.000        6.000
    90:        6.000        6.000        6.000        6.000        6.000
    95:        6.000        6.000        6.000        6.000        6.000
   100:        6.000        6.000        6.000        6.000        6.000
   105:        6.000        6.000        6.000        6.000        6.000
   110:        6.000        6.000        6.000        6.000        6.000
   115:        6.000        6.000        6.000        6.000        6.000
   120:        6.000        6.000        6.000        6.000        6.000
   125:        2.000        4.000       22.000       24.000       12.000
   130:       13.000        8.000        5.000       17.000        6.000
   135:       18.000       14.000       10.000       19.000       11.000
   140:        6.000        6.000        6.000        6.000        6.000
   145:        6.000        6.000        6.000        6.000        6.000
   150:        6.000        6.000        6.000        6.000        6.000
   155:        6.000        6.000        6.000        6.000        6.000
   160:        6.000        6.000        6.000        6.000        6.000
   165:        6.000        6.000        6.000        6.000        6.000
   170:        6.000        6.000        6.000        6.000       23.000
   175:        6.000        6.000        6.000        6.000        6.000
   180:        6.000        6.000        6.000        6.000        6.000
   185:        6.000        6.000        6.000        6.000        6.000
   190:        6.000        6.000        6.000        6.000        6.000
   195:        6.000        6.000        6.000        6.000        6.000
   200:        6.000        6.000        6.000        6.000        6.000
   205:        6.000        6.000        6.000        6.000        6.000
   210:        6.000        6.000        6.000        6.000        6.000
   215:        6.000        6.000        6.000        6.000        6.000
   220:        6.000        6.000        6.000        6.000        6.000
   225:        6.000        6.000        6.000        6.000        6.000
   230:        6.000        6.000        6.000        6.000        6.000
   235:        6.000        6.000        6.000        6.000        6.000
   240:        6.000        6.000        6.000        6.000        6.000
   245:        6.000        6.000        6.000        6.000        6.000
   250:        6.000        6.000        6.000        6.000        6.000
   255:        6.000        6.000        6.000        6.000        6.000
   260:        6.000        6.000        6.000        6.000        6.000
   265:        6.000        6.000        6.000        2.000        4.000
   270:       22.000       24.000       12.000       13.000        8.000
   275:        5.000       17.000        6.000       18.000       14.000
   280:       10.000        6.000       19.000       11.000       23.000
   285:        6.000        6.000        6.000        6.000        6.000
   290:        6.000        6.000        6.000        6.000        6.000
   295:        6.000        6.000        6.000        6.000        6.000
   300:        6.000        6.000        2.000        4.000       22.000
   305:       24.000       12.000       13.000        8.000        5.000
   310:       17.000        6.000       18.000       14.000       10.000
   315:       19.000       11.000        6.000        6.000        6.000
   320:        6.000        6.000        6.000        6.000        6.000
   325:        6.000        6.000        6.000        6.000        6.000
   330:        6.000        6.000        6.000        2.000        4.000
   335:       22.000       24.000       12.000       13.000        8.000
   340:        5.000       17.000       18.000       14.000       10.000
   345:       19.000       11.000       23.000        6.000       23.000
   350:       23.000        6.000        6.000        6.000        6.000
   355:        6.000        6.000        6.000       23.000       23.000
   360:       23.000       23.000       23.000       23.000        2.000
   365:        4.000       22.000       24.000       12.000       13.000
   370:        8.000        5.000       17.000        6.000       18.000
   375:       14.000       10.000       19.000       11.000        6.000
   380:        2.000        4.000       22.000       24.000       12.000
   385:       13.000        8.000        5.000       17.000        6.000
   390:       18.000        6.000       14.000       10.000        6.000
   395:       19.000       11.000        6.000        6.000        6.000
   400:        6.000        6.000        6.000        6.000        6.000
   405:        6.000        6.000        6.000        6.000        6.000
   410:        6.000        6.000        6.000        6.000        6.000
   415:        6.000        6.000        6.000        6.000        6.000
   420:        6.000        6.000        6.000        6.000        6.000
   425:        6.000        6.000        6.000        6.000        6.000
   430:        6.000        6.000        6.000        6.000        6.000
   435:        6.000        6.000        6.000        6.000        6.000
   440:        6.000        6.000        6.000        6.000        6.000
   445:        6.000        6.000        6.000        6.000        6.000
   450:        6.000        6.000        6.000        6.000        6.000
   455:        6.000        6.000        6.000        6.000        6.000
   460:        6.000        6.000        6.000        6.000        6.000
   465:        6.000        6.000        6.000        6.000        6.000
   470:        6.000        6.000        6.000        6.000        6.000
   475:        6.000        6.000        6.000        6.000        6.000
   480:        6.000        6.000        6.000        6.000        6.000
   485:        6.000        6.000        6.000        6.000        6.000
   490:        6.000        6.000        6.000        6.000        6.000
   495:        6.000        6.000        6.000        6.000        6.000
   500:        6.000        6.000        6.000        6.000        6.000
   505:        6.000       23.000        6.000        6.000        6.000
   510:        6.000        6.000        6.000       23.000       23.000
   515:       23.000       23.000       23.000       23.000       23.000
   520:       23.000       23.000       23.000       23.000       23.000
   525:       23.000       23.000       23.000       23.000       23.000
   530:        6.000        6.000        6.000        6.000        6.000
   535:        6.000        6.000        6.000        6.000        6.000
   540:        6.000        6.000        6.000        6.000        6.000
   545:        6.000        6.000        6.000        6.000        6.000
   550:        6.000        6.000        6.000        6.000        6.000
   555:        6.000        6.000        6.000        6.000        6.000
   560:        6.000        6.000        6.000        6.000        6.000
   565:        6.000        6.000        6.000        6.000        6.000
   570:        6.000        6.000        6.000        6.000        6.000
   575:        6.000        6.000        6.000        6.000        6.000
   580:        6.000        6.000        6.000        6.000        6.000
   585:        6.000        6.000        6.000       23.000        6.000
   590:        6.000        6.000        6.000        6.000        6.000
   595:        6.000        6.000        6.000        6.000        6.000
   600:        6.000        6.000        6.000        6.000        6.000
   605:        6.000        6.000        6.000        6.000        6.000
   610:        6.000        6.000        6.000        6.000        6.000
   615:        6.000        6.000        6.000        6.000        6.000
   620:        6.000        6.000        6.000        6.000        6.000
   625:        6.000        6.000        6.000        6.000        6.000
   630:        6.000        6.000        6.000        6.000        6.000
   635:        6.000        6.000        6.000        6.000        6.000
   640:        6.000        6.000        6.000        6.000        6.000
   645:        6.000        6.000        6.000        6.000        2.000
   650:        4.000       22.000       24.000       12.000       13.000
   655:        8.000        5.000       17.000        6.000       18.000
   660:       14.000       10.000       19.000       11.000        6.000
   665:        6.000        6.000        6.000        6.000        6.000
   670:        6.000        6.000        6.000        6.000        6.000
   675:        6.000        6.000        6.000        6.000        6.000
   680:        6.000        6.000        6.000        6.000        6.000
   685:        6.000        6.000        6.000        6.000        6.000
   690:        6.000        6.000        6.000        6.000        6.000
   695:        6.000        6.000        6.000        6.000        6.000
   700:        6.000        6.000        6.000        6.000        6.000
   705:        6.000        6.000        6.000        6.000        6.000
   710:        6.000        6.000        6.000        6.000        6.000
   715:        6.000        6.000        6.000        6.000        6.000
   720:        6.000        6.000        6.000        6.000        6.000
   725:        6.000        6.000        6.000        6.000        6.000
   730:        6.000        6.000        6.000        6.000        6.000
   735:        6.000        6.000        6.000        6.000        6.000
   740:        6.000        6.000        6.000        6.000        6.000
   745:        6.000        6.000        6.000        6.000        6.000
   750:        6.000        6.000        6.000        6.000        6.000
   755:        6.000        6.000        6.000        6.000        6.000
   760:        6.000        6.000        6.000        6.000        6.000
   765:        6.000        6.000        6.000        6.000        6.000
   770:        6.000        6.000        6.000        6.000        6.000
   775:        6.000        6.000        6.000        6.000        6.000
   780:        6.000        6.000        6.000        6.000        6.000
   785:        6.000        6.000        6.000        6.000        6.000
   790:        6.000        6.000        6.000        6.000        6.000
   795:        6.000        6.000        6.000        6.000        6.000
   800:        6.000        6.000        6.000        6.000        6.000
   805:        6.000        6.000        6.000        6.000        6.000
   810:        6.000        6.000        6.000        6.000        6.000
   815:        6.000       23.000        6.000        6.000        6.000
   820:        6.000        6.000        6.000        6.000        6.000
   825:        6.000       23.000        6.000       23.000        6.000
   830:        6.000        6.000        6.000        6.000        2.000
   835:        4.000       22.000       24.000       12.000       13.000
   840:        8.000        5.000       17.000        6.000       18.000
   845:       14.000       10.000        6.000        6.000        6.000
   850:        6.000        6.000        6.000        6.000        6.000
   855:       19.000        6.000       11.000        6.000        6.000
   860:        6.000        6.000        6.000        6.000        6.000
   865:        6.000        6.000        6.000        6.000        6.000
   870:        6.000        6.000        6.000        6.000        6.000
   875:        6.000        6.000        6.000        6.000        6.000
   880:        6.000        6.000        6.000        6.000        6.000
   885:        6.000        6.000        6.000        6.000        6.000
   890:        6.000        6.000        6.000        6.000        6.000
   895:        6.000        6.000        6.000        6.000        6.000
   900:        6.000        6.000        6.000        6.000        6.000
   905:        6.000        6.000        6.000        6.000        6.000
   910:        2.000        4.000       22.000       24.000       12.000
   915:       13.000        8.000        5.000       17.000       21.000
   920:       22.000        6.000       18.000       14.000       10.000
   925:       19.000       11.000        6.000        6.000        6.000
   930:        6.000        6.000        6.000        6.000        6.000
   935:        6.000        6.000        6.000        6.000        6.000
   940:        6.000        6.000        6.000        6.000        6.000
   945:        6.000        6.000        6.000        6.000        6.000
   950:        6.000       23.000        2.000        4.000       22.000
   955:       24.000       12.000       13.000        8.000        5.000
   960:       17.000        6.000       18.000       14.000       10.000
   965:       19.000       11.000        6.000        6.000        6.000
   970:        6.000        6.000        6.000        6.000        6.000
   975:        6.000        6.000        6.000        6.000        6.000
   980:        6.000        6.000        6.000        6.000        6.000
   985:        6.000        6.000        6.000        6.000        6.000
   990:        6.000        6.000        6.000        6.000        6.000
   995:        6.000        6.000        6.000        6.000        6.000
  1000:        6.000        6.000        6.000        6.000        6.000
  1005:        6.000        6.000        6.000        6.000        6.000
  1010:        6.000        6.000        6.000        6.000        6.000
  1015:        6.000        6.000        6.000        6.000        6.000
  1020:        6.000        6.000        6.000        6.000        6.000
  1025:        6.000        6.000        6.000        6.000        6.000
  1030:        6.000        6.000        6.000        6.000        6.000
  1035:        6.000        6.000        6.000        6.000        6.000
  1040:        6.000        6.000        6.000        6.000        6.000
  1045:        6.000        6.000        6.000        6.000        6.000
  1050:        6.000        6.000        6.000        6.000        6.000
  1055:        6.000        6.000        6.000        6.000        6.000
  1060:        6.000        6.000        6.000        6.000        6.000
  1065:        6.000        6.000        6.000        6.000        6.000
  1070:        6.000        6.000        6.000        6.000        6.000
  1075:        6.000        6.000        6.000        6.000        6.000
  1080:        2.000        4.000       22.000       24.000       12.000
  1085:       13.000        8.000        5.000       17.000        6.000
  1090:       18.000       14.000       10.000       19.000       11.000
  1095:        6.000        6.000        6.000        2.000        4.000
  1100:       22.000       24.000       12.000       13.000        8.000
  1105:        5.000       17.000        6.000       18.000       14.000
  1110:       10.000        6.000        6.000        6.000        6.000
  1115:        6.000        6.000        6.000       19.000       11.000
  1120:        6.000        6.000        6.000        6.000        6.000
  1125:        6.000        6.000        6.000        6.000        6.000
  1130:        6.000        6.000        6.000        6.000        6.000
  1135:        6.000        6.000        6.000        6.000        6.000
  1140:        6.000        6.000        6.000        6.000        6.000
  1145:        6.000        6.000        6.000        6.000        6.000
  1150:        6.000        6.000        6.000        6.000        6.000
  1155:        6.000        6.000       23.000        6.000       23.000
  1160:      100.000
T:
     0:        0.000        0.000        0.000        0.000        7.380
     5:        8.570       24.300       46.360       47.160       48.770
    10:       50.180       50.650       57.690       69.730      127.740
    15:      156.480      156.520      156.830      157.960      158.630
    20:      175.640      204.510      204.510      204.510      204.520
    25:      204.520      204.520      204.520      204.520      204.520
    30:      206.100      206.100      208.030      208.520      209.520
    35:      209.520      210.190      214.510      214.520      228.330
    40:      241.130      248.880      253.260      270.700      274.580
    45:      274.910      275.130      276.340      276.460      277.690
    50:      277.930      280.480      281.970      282.140      282.650
    55:      293.840      294.270      341.690      343.960      366.320
    60:      366.970      367.760      368.910      370.310      371.720
    65:      372.290      372.340      395.760      396.150      421.720
    70:      422.110      425.410      425.950      436.480      436.540
    75:      436.580      447.590      449.920      450.010      450.060
    80:      456.210      458.870      458.900      459.200      459.210
    85:      460.870      463.300      463.360      463.760      463.910
    90:      464.320      467.380      467.410      467.480      467.510
    95:      471.450      473.180      474.400      476.530      476.630
   100:      477.420      479.780      480.150      480.270      484.240
   105:      485.750      485.860      488.940      490.010      490.270
   110:      494.620      496.880      497.880      497.990      507.360
   115:      508.890      509.130      537.380      538.490      542.870
   120:      543.010      544.020      544.090      557.710      560.320
   125:      570.840      570.840      570.840      570.850      570.850
   130:      570.850      570.850      570.850      570.850      574.380
   135:      574.850      575.850      575.850      580.840      580.850
   140:      591.660      591.840      594.540      595.290      595.330
   145:      607.050      609.570      610.760      610.840      611.200
   150:      611.270      611.500      612.130      612.190      612.420
   155:      612.990      613.030      613.310      614.630      616.960
   160:      617.410      617.420      617.430      617.650      619.390
   165:      619.600      620.080      620.110      620.280      620.320
   170:      620.380      620.440      620.550      621.700      634.840
   175:      651.390      657.140      657.580      660.170      660.610
   180:      660.660      660.810      661.460      662.180      662.590
   185:      662.650      663.400      687.670      716.060      719.320
   190:      719.510      720.140      722.690      724.710      726.090
   195:      726.170      726.430      726.580      726.750      726.850
   200:      730.870      731.110      731.250      732.090      737.320
   205:      737.330      737.920      738.190      738.260      738.310
   210:      738.640      739.330      739.700      739.760      740.480
   215:      741.620      742.780      743.480      743.510      743.670
   220:      744.040      744.090      744.130      789.980      790.670
   225:      790.690      793.650      814.990      815.050      815.570
   230:      833.760      834.400      836.170      863.710      864.660
   235:      865.340      872.790      885.180      969.120      980.650
   240:      992.400      992.570      997.790      997.810      999.870
   245:     1002.790     1002.920     1017.330     1018.700     1018.820
   250:     1024.170     1025.620     1044.000     1044.340     1176.950
   255:     1177.080     1180.310     1190.350     1223.760     1223.790
   260:     1224.100     1399.010     1481.540     1513.960     1514.080
   265:     1514.710     1515.490     1519.240     1522.650     1522.650
   270:     1522.650     1522.660     1522.660     1522.660     1522.660
   275:     1522.660     1522.660     1523.710     1526.660     1527.660
   280:     1527.660     1527.920     1532.650     1532.660     1573.810
   285:     1580.990     1612.160     1613.570     1613.890     1614.040
   290:     1615.410     1623.520     1630.090     1637.380     1637.500
   295:     1650.420     1702.440     1702.930     1705.420     1705.480
   300:     1705.510     1705.790     1708.670     1708.670     1708.670
   305:     1708.680     1708.680     1708.680     1708.680     1708.680
   310:     1708.680     1709.940     1712.680     1713.680     1713.680
   315:     1718.670     1718.680     1738.630     1739.720     1818.260
   320:     1819.120     1846.890     1850.580     1856.830     1857.410
   325:     1857.600     1867.730     1867.870     1887.910     1888.060
   330:     1942.190     1942.830     1942.900     1945.410     1945.410
   335:     1945.410     1945.420     1945.420     1945.420     1945.420
   340:     1945.420     1945.420     1949.420     1950.420     1950.420
   345:     1955.410     1955.420     1973.610     1994.140     2050.370
   350:     2051.140     2083.650     2091.330     2092.120     2092.890
   355:     2098.280     2098.360     2098.490     2135.540     2136.330
   360:     2140.480     2142.480     2143.550     2143.690     2169.990
   365:     2169.990     2169.990     2170.000     2170.000     2170.000
   370:     2170.000     2170.000     2170.000     2173.250     2174.000
   375:     2175.000     2175.000     2179.990     2180.000     2212.680
   380:     2217.440     2217.440     2217.440     2217.450     2217.450
   385:     2217.450     2217.450     2217.450     2217.450     2218.060
   390:     2221.450     2222.350     2222.450     2222.450     2225.440
   395:     2227.440     2227.450     2228.110     2228.450     2228.550
   400:     2229.390     2230.190     2231.640     2231.820     2232.000
   405:     2232.510     2232.550     2233.890     2236.140     2236.740
   410:     2236.970     2238.150     2238.670     2238.940     2238.990
   415:     2239.400     2239.660     2239.780     2240.260     2240.430
   420:     2240.620     2240.660     2240.960     2241.680     2242.020
   425:     2242.160     2242.210     2243.320     2244.580     2248.740
   430:     2249.180     2249.250     2249.450     2249.490     2250.020
   435:     2250.470     2250.750     2251.030     2251.070     2251.320
   440:     2252.010     2252.140     2252.160     2252.560     2253.090
   445:     2253.120     2253.500     2253.750     2253.820     2254.040
   450:     2254.400     2255.600     2256.210     2256.530     2256.770
   455:     2258.700     2258.740     2258.810     2270.080     2272.420
   460:     2296.740     2297.320     2299.750     2300.060     2300.100
   465:     2332.620     2333.320     2336.850     2368.610     2389.700
   470:     2419.550     2419.780     2740.130     2740.300     2959.150
   475:     2959.580     2962.510     2964.420     2981.840     2983.180
   480:     3010.660     3011.080     3022.870     3036.250     3072.960
   485:     3148.770     3148.950     3149.050     3149.370     3149.480
   490:     3149.580     3149.680     3150.510     3150.710     3150.810
   495:     3168.990     3169.430     3524.480     3524.810     3526.940
   500:     3527.490     3601.520     3601.580     3601.880     3602.460
   505:     3644.890     3717.930     3746.530     3846.380     3868.780
   510:     3869.160     3869.610     3898.260     3921.980     3923.150
   515:     3923.800     3924.540     3925.350     3926.450     3927.110
   520:     3930.030     3931.120     3931.610     3941.030     3942.160
   525:     3942.340     3942.350     3943.710     3943.860     3944.620
   530:     3956.440     3959.750     3960.680     3962.780     3964.050
   535:     3964.540     3964.770     3978.180     3986.260     3995.560
   540:     4001.450     4010.110     4022.160     4022.800     4024.300
   545:     4024.670     4028.060     4029.360     4029.820     4039.640
   550:     4043.510     4049.650     4050.300     4060.060     4060.520
   555:     4071.240     4089.510     4443.370     4443.700     4443.880
   560:     4444.780     4496.620     4510.710     4510.760     4510.910
   565:     4518.440     4518.630     4518.660     4519.090     4520.920
   570:     4521.930     4522.090     4522.580     4546.920     4594.000
   575:     4605.720     4636.770     4637.630     4637.640     4638.130
   580:     4638.970     4644.980     4663.280     4678.670     4698.030
   585:     4698.820     4699.160     4699.310     4713.220     4747.540
   590:     4778.750     4801.920     4826.280     4840.620     4840.690
   595:     4841.400     4841.450     4843.980     4845.280     4845.680
   600:     4846.340     4847.180     4847.860     4855.810     4855.990
   605:     4857.410     4872.430     4872.680     4874.680     4875.020
   610:     4875.210     4875.650     4875.690     4876.120     4876.180
   615:     4885.070     4885.350     4885.870     4886.290     4886.410
   620:     4888.600     4888.650     4896.490     4898.980     4899.040
   625:     4904.240     4906.020     4906.060     4911.640     4912.460
   630:     4918.770     4918.870     4919.020     4923.820     4925.130
   635:     4926.190     4926.260     4952.350     4953.200     4954.880
   640:     4990.010     4990.340     4990.760     5032.730     5034.570
   645:     5043.310     5052.360     5062.730     5062.890     5068.320
   650:     5068.320     5068.320     5068.330     5068.330     5068.330
   655:     5068.330     5068.330     5068.330     5071.860     5072.330
   660:     5073.330     5073.330     5078.320     5078.330     5079.520
   665:     5150.540     5153.570     5154.530     5154.540     5154.570
   670:     5154.610     5154.780     5156.030     5158.350     5158.890
   675:     5159.230     5159.740     5160.430     5161.370     5161.450
   680:     5161.500     5164.860     5165.110     5165.500     5165.540
   685:     5165.980     5166.340     5166.670     5167.000     5167.620
   690:     5168.180     5170.600     5173.050     5173.700     5173.810
   695:     5173.910     5174.010     5174.030     5175.090     5176.070
   700:     5182.100     5182.310     5182.850     5182.970     5184.860
   705:     5186.790     5192.380     5192.950     5193.000     5193.040
   710:     5194.130     5197.840     5199.850     5199.940     5200.490
   715:     5200.510     5200.610     5201.460     5201.870     5202.730
   720:     5202.750     5202.920     5204.780     5206.790     5207.110
   725:     5207.350     5211.090     5212.030     5212.060     5212.220
   730:     5212.470     5215.660     5218.040     5218.340     5219.680
   735:     5220.710     5220.910     5238.370     5238.450     5239.630
   740:     5239.990     5242.290     5242.550     5243.980     5244.090
   745:     5246.920     5247.360     5248.320     5248.820     5255.210
   750:     5306.190     5313.290     5313.650     5317.080     5327.560
   755:     5328.360     5338.680     5343.660     5344.170     5344.550
   760:     5345.300     5347.890     5354.360     5354.540     5416.970
   765:     5417.730     5419.690     5419.810     5420.190     5425.820
   770:     5426.380     5427.900     5428.560     5428.730     5428.930
   775:     5429.130     5430.290     5430.500     5430.580     5430.630
   780:     5430.680     5430.920     5430.940     5431.120     5431.330
   785:     5432.140     5432.310     5432.450     5432.480     5432.650
   790:     5432.830     5432.920     5432.980     5433.020     5434.400
   795:     5434.460     5434.500     5434.670     5434.760     5442.480
   800:     5442.840     5445.440     5461.310     5461.500     5462.340
   805:     5462.470     5462.850     5484.520     6036.260     6045.210
   810:     6066.110     6066.520     6067.140     6096.320     6096.770
   815:     6103.050     6113.440     6134.680     6135.910     6135.950
   820:     6135.990     6137.630     6193.500     6193.810     6193.870
   825:     6193.910     6208.810     6290.310     6299.420     6316.420
   830:     6316.740     6321.080     6321.120     6324.010     6325.910
   835:     6325.910     6325.910     6325.920     6325.920     6325.920
   840:     6325.920     6325.920     6325.920     6327.770     6329.920
   845:     6330.920     6330.920     6331.880     6332.220     6333.400
   850:     6333.650     6334.080     6334.220     6335.650     6335.660
   855:     6335.910     6335.910     6335.920     6336.700     6337.590
   860:     6339.770     6339.890     6340.300     6340.610     6340.670
   865:     6340.820     6341.130     6341.180     6341.390     6341.580
   870:     6343.220     6343.440     6343.880     6345.270     6345.890
   875:     6345.980     6346.140     6346.970     6358.780     6361.700
   880:     6368.660     6373.850     6374.320     6374.490     6379.570
   885:     6380.400     6380.510     6380.630     6380.740     6381.830
   890:     6382.210     6388.360     6388.730     6388.800     6388.940
   895:     6389.060     6390.850     6390.960     6391.190     6391.800
   900:     6392.170     6392.650     6395.520     6396.970     6426.150
   905:     6466.350     6525.130     6525.900     6529.010     6539.300
   910:     6551.760     6551.760     6551.760     6551.770     6551.770
   915:     6551.770     6551.770     6551.770     6551.770     6553.740
   920:     6553.740     6555.280     6555.770     6556.770     6556.770
   925:     6561.760     6561.770     6982.100     6984.030     6986.180
   930:     7049.120     7049.680     7080.720     7083.080     7476.030
   935:     7476.990     7527.320     7536.070     7536.190     7536.200
   940:     7536.550     7640.350     7640.680     7641.830     7702.620
   945:     7909.090     7909.200     7923.540     7997.360     8000.920
   950:     8083.110     8226.990     8240.980     8240.980     8240.980
   955:     8240.990     8240.990     8240.990     8240.990     8240.990
   960:     8240.990     8242.150     8244.990     8245.990     8245.990
   965:     8250.980     8250.990     8264.230     8265.580     8272.200
   970:     8353.830     8359.420     8774.240     8896.680     9241.060
   975:     9307.010     9308.950     9309.050     9337.720     9344.120
   980:     9346.590     9350.320     9351.760     9351.950     9352.270
   985:     9353.090     9353.350     9353.390     9355.860     9355.990
   990:     9360.170     9361.490     9363.160     9363.290     9363.910
   995:     9365.290     9365.330     9367.190     9368.700     9369.370
  1000:     9369.670     9369.820     9369.950     9369.990     9370.260
  1005:     9370.580     9370.900     9371.220     9373.440     9379.920
  1010:     9380.790     9381.180     9382.830     9384.040     9384.450
  1015:     9385.180     9385.210     9385.340     9385.910     9385.950
  1020:     9385.970     9401.320     9401.500     9402.120     9404.270
  1025:     9404.330     9407.450     9410.110     9410.790     9413.950
  1030:     9414.030     9415.360     9415.500     9417.450     9419.440
  1035:     9421.030     9423.140     9423.280     9423.420     9423.520
  1040:     9423.820     9424.130     9424.190     9424.370     9424.390
  1045:     9424.640     9424.910     9425.140     9425.250     9425.480
  1050:     9425.610     9426.190     9426.770     9427.360     9428.720
  1055:     9428.850     9428.890     9428.950     9429.100     9429.420
  1060:     9433.320     9442.760     9443.800     9443.830     9471.280
  1065:     9471.410     9471.730     9473.450     9473.510     9473.690
  1070:     9473.770     9474.190     9495.130     9497.480     9497.550
  1075:     9497.670     9497.770     9497.810     9499.300     9499.330
  1080:     9503.790     9503.790     9503.790     9503.800     9503.800
  1085:     9503.800     9503.800     9503.800     9503.800     9507.020
  1090:     9507.800     9508.800     9508.800     9513.790     9513.800
  1095:     9561.160     9561.900     9568.760     9577.820     9577.820
  1100:     9577.820     9577.830     9577.830     9577.830     9577.830
  1105:     9577.830     9577.830     9579.330     9581.830     9582.830
  1110:     9582.830     9585.470     9586.030     9586.270     9586.320
  1115:     9586.380     9586.450     9587.700     9587.820     9587.830
  1120:    10155.910    10157.520    10158.040    10158.180    10160.800
  1125:    10164.520    10164.700    10214.200    10214.370    10214.640
  1130:    10214.790    10215.040    10215.240    10216.390    10218.370
  1135:    10219.030    10219.730    10435.520    10441.340    10443.440
  1140:    10443.490    10445.740    10446.050    10446.290    10448.240
  1145:    10448.660    10448.750    10448.960    10449.030    10449.540
  1150:    10451.060    10451.120    10481.250    10483.060    10483.330
  1155:    10484.330    10486.740    10491.160    10552.200    10563.430
  1160:    10800.010
