File: C:\MED-PC IV\DATA\!2025-08-18_16h27m.Subject T25



Start Date: 08/18/25
End Date: 08/19/25
Subject: T25
Experiment: OralFentSA
Group: One
Box: 7
Start Time: 16:27:44
End Time: 11:32:30
MSN: Golden_Liq_SelfAdmin_LIT
F:       0.000
G:     492.000
H:   10800.010
I:       0.000
J:       0.000
K:       0.000
L:       0.000
M:       0.000
N:       0.000
O:       0.000
P:       0.000
Q:       0.000
R:       0.000
S:       0.000
U:       0.000
V:       0.000
W:       0.000
X:       0.000
Y:       0.000
Z:       0.000
A:
     0:        0.000        0.000      180.000        4.000        0.000
     5:        5.000        0.000        5.000        0.000        0.000
    10:        1.000        0.000       10.000      600.000       20.000
    15:        1.000      320.000        0.000        0.000        0.000
    20:        0.000
B:
     0:        0.000        0.000        0.000      400.000        0.000
     5:      500.000        0.000      500.000        0.000        0.000
    10:        0.000        0.000     1000.000    60000.000        0.000
    15:        0.000        0.000        0.000        0.000        0.000
    20:        0.000
C:
     0:       19.000       20.000        0.000        0.000      298.000
     5:    10360.000        7.050       19.000     1687.450       88.813
    10:        0.000        0.000       19.000        0.000        0.000
    15:        0.000        0.000        0.000        0.000        0.000
    20:        0.000
D:
     0:      120.700       50.360      221.040       36.140      102.300
     5:       74.270       83.740       91.760       28.240       68.770
    10:      171.030       71.740       90.450       27.680       20.000
    15:       16.750      317.010       88.420        7.050
E:
     0:       19.000       11.000       26.000       27.000        6.000
     5:       25.000       24.000       13.000        8.000        5.000
    10:       17.000       18.000       14.000       10.000       19.000
    15:        6.000        6.000        6.000        6.000        6.000
    20:        6.000        6.000        6.000        6.000        6.000
    25:        6.000       25.000       24.000       13.000        8.000
    30:        5.000       17.000       18.000       14.000       10.000
    35:       19.000        6.000        6.000        6.000        6.000
    40:        6.000        6.000        6.000        6.000        6.000
    45:        6.000        6.000        6.000        6.000        6.000
    50:        6.000        6.000        6.000        6.000        6.000
    55:        6.000        6.000        6.000        6.000        6.000
    60:       25.000       24.000       13.000        8.000        5.000
    65:       17.000       18.000       14.000       10.000       19.000
    70:        6.000        6.000        6.000        6.000        6.000
    75:        6.000        6.000        6.000        6.000        6.000
    80:        6.000        6.000        6.000        6.000       25.000
    85:       24.000       13.000        8.000        5.000       17.000
    90:       18.000       14.000       10.000       19.000        6.000
    95:        6.000        6.000        6.000        6.000        6.000
   100:        6.000        6.000        6.000        6.000        6.000
   105:        6.000        6.000        6.000       25.000       24.000
   110:       13.000        8.000        5.000       17.000       18.000
   115:       14.000       10.000       19.000        6.000        6.000
   120:        6.000        6.000        6.000        6.000        6.000
   125:        6.000        6.000        6.000        6.000        6.000
   130:        6.000        6.000        6.000        6.000        6.000
   135:       25.000       24.000       13.000        8.000        5.000
   140:       17.000       18.000       14.000       10.000       19.000
   145:        6.000        6.000        6.000        6.000        6.000
   150:        6.000        6.000        6.000        6.000        6.000
   155:        6.000        6.000        6.000        6.000       25.000
   160:       24.000       13.000        8.000        5.000       17.000
   165:       18.000       14.000       10.000       19.000        6.000
   170:        6.000        6.000        6.000        6.000        6.000
   175:        6.000        6.000        6.000        6.000        6.000
   180:        6.000        6.000        6.000        6.000        6.000
   185:        6.000        6.000       25.000       24.000       13.000
   190:        8.000        5.000       17.000       18.000       14.000
   195:       10.000       19.000        6.000        6.000        6.000
   200:        6.000        6.000        6.000        6.000        6.000
   205:        6.000        6.000        6.000        6.000        6.000
   210:        6.000        6.000        6.000        6.000        6.000
   215:        6.000        6.000        6.000        6.000        6.000
   220:        6.000        6.000        6.000        6.000        6.000
   225:        6.000        6.000        6.000        6.000        6.000
   230:        6.000        6.000        6.000        6.000        6.000
   235:        6.000        6.000       25.000       24.000       13.000
   240:        8.000        5.000       17.000       18.000       14.000
   245:       10.000       19.000        6.000        6.000        6.000
   250:        6.000        6.000        6.000        6.000        6.000
   255:        6.000        6.000        6.000        6.000        6.000
   260:        6.000        6.000        6.000        6.000        6.000
   265:       25.000       24.000       13.000        8.000        5.000
   270:       17.000       18.000       14.000       10.000       19.000
   275:        6.000        6.000        6.000        6.000        6.000
   280:        6.000        6.000        6.000        6.000        6.000
   285:        6.000        6.000        6.000        6.000        6.000
   290:        6.000        6.000        6.000        6.000        6.000
   295:        6.000        6.000        6.000        6.000        6.000
   300:        6.000        6.000        6.000        6.000        6.000
   305:        6.000        6.000       25.000       24.000       13.000
   310:        8.000        5.000       17.000       18.000       14.000
   315:       10.000       19.000        6.000        6.000        6.000
   320:        6.000        6.000        6.000        6.000        6.000
   325:        6.000        6.000        6.000       25.000       24.000
   330:       13.000        8.000        5.000       17.000       18.000
   335:       14.000       10.000       19.000        6.000        6.000
   340:        6.000        6.000        6.000       25.000       24.000
   345:       13.000        8.000        5.000       17.000       18.000
   350:       14.000       10.000       19.000        6.000        6.000
   355:        6.000        6.000        6.000        6.000        6.000
   360:        6.000        6.000        6.000        6.000        6.000
   365:        6.000        6.000        6.000        6.000        6.000
   370:        6.000        6.000        6.000        6.000        6.000
   375:        6.000        6.000        6.000        6.000        6.000
   380:        6.000        6.000        6.000        6.000        6.000
   385:        6.000        6.000        6.000        6.000        6.000
   390:        6.000       30.000       24.000       13.000        8.000
   395:        5.000       17.000       18.000       14.000       10.000
   400:       19.000        6.000        6.000        6.000        6.000
   405:        6.000       30.000       24.000       13.000        8.000
   410:        5.000       17.000       18.000       14.000       10.000
   415:       19.000        6.000        6.000        6.000        6.000
   420:        6.000        6.000        6.000        6.000        6.000
   425:       25.000       24.000       13.000        8.000        5.000
   430:       17.000       18.000       14.000       10.000       19.000
   435:        6.000        6.000        6.000        6.000        6.000
   440:        6.000        6.000        6.000        6.000        6.000
   445:        6.000        6.000       25.000       24.000       13.000
   450:        8.000        5.000       17.000       18.000       14.000
   455:       10.000       19.000        6.000        6.000        6.000
   460:       25.000       24.000       13.000        8.000        5.000
   465:       17.000       18.000       14.000       10.000       19.000
   470:        6.000        6.000        6.000        6.000       25.000
   475:       24.000       13.000        8.000        5.000       17.000
   480:       18.000       14.000       10.000        6.000       19.000
   485:        6.000        6.000        6.000        6.000        6.000
   490:        6.000        6.000      100.000
T:
     0:        0.000        0.000        0.000        0.000      322.710
     5:      599.990      600.000      600.000      600.000      600.000
    10:      600.000      604.000      605.000      605.000      609.990
    15:      720.700      720.860      721.080      721.360      722.980
    20:      776.440      978.150     1079.860     1081.560     1201.910
    25:     1202.210     1209.990     1210.000     1210.000     1210.000
    30:     1210.000     1210.000     1214.000     1215.000     1215.000
    35:     1219.990     1260.360     1260.470     1275.470     1275.700
    40:     1275.850     1278.180     1371.770     1371.860     1373.170
    45:     1376.250     1380.040     1400.820     1400.940     1458.130
    50:     1460.670     1460.870     1463.230     1684.110     1684.190
    55:     1684.290     1684.660     1712.460     1784.110     1784.180
    60:     1819.990     1820.000     1820.000     1820.000     1820.000
    65:     1820.000     1824.000     1825.000     1825.000     1829.990
    70:     2041.040     2041.180     2251.340     2251.400     2253.460
    75:     2305.690     2316.150     2361.750     2375.980     2376.180
    80:     2376.340     2379.220     2399.540     2399.670     2429.990
    85:     2430.000     2430.000     2430.000     2430.000     2430.000
    90:     2434.000     2435.000     2435.000     2439.990     2466.140
    95:     2466.850     2520.290     2677.860     2849.080     2968.920
   100:     2969.130     2969.280     2970.090     2980.560     3011.100
   105:     3011.360     3032.050     3032.420     3039.990     3040.000
   110:     3040.000     3040.000     3040.000     3040.000     3044.000
   115:     3045.000     3045.000     3049.990     3142.300     3142.580
   120:     3143.510     3148.030     3155.560     3222.460     3295.240
   125:     3295.700     3296.040     3299.100     3299.270     3299.350
   130:     3302.520     3502.850     3503.050     3561.950     3594.780
   135:     3649.990     3650.000     3650.000     3650.000     3650.000
   140:     3650.000     3654.000     3655.000     3655.000     3659.990
   145:     3724.270     3724.700     3724.780     3726.590     3727.510
   150:     3730.560     3730.780     3731.000     3788.740     3792.580
   155:     3792.620     3794.580     3816.940     3817.360     4259.990
   160:     4260.000     4260.000     4260.000     4260.000     4260.000
   165:     4264.000     4265.000     4265.000     4269.990     4343.740
   170:     4344.200     4346.480     4362.900     4489.580     4490.030
   175:     4491.370     4554.120     4613.800     4700.860     4700.960
   180:     4755.040     4779.190     4788.710     4788.830     4788.880
   185:     4840.690     4843.420     4869.990     4870.000     4870.000
   190:     4870.000     4870.000     4870.000     4874.000     4875.000
   195:     4875.000     4879.990     4961.760     4962.130     4963.540
   200:     4963.720     5158.040     5158.260     5159.010     5160.880
   205:     5201.870     5202.020     5231.440     5231.840     5232.310
   210:     5266.320     5266.430     5268.160     5268.420     5287.850
   215:     5288.050     5288.410     5288.650     5288.840     5372.000
   220:     5372.440     5376.150     5377.380     5377.590     5377.670
   225:     5379.140     5425.290     5434.720     5435.010     5435.150
   230:     5437.110     5437.440     5440.290     5452.450     5452.760
   235:     5465.750     5474.330     5479.990     5480.000     5480.000
   240:     5480.000     5480.000     5480.000     5484.000     5485.000
   245:     5485.000     5489.990     5508.240     5508.400     5508.780
   250:     5556.470     5556.660     5633.950     5668.130     5668.420
   255:     5716.370     5716.500     5904.890     5904.960     5906.460
   260:     6001.330     6001.480     6001.800     6017.140     6066.400
   265:     6089.990     6090.000     6090.000     6090.000     6090.000
   270:     6090.000     6094.000     6095.000     6095.000     6099.990
   275:     6158.770     6211.050     6275.570     6275.700     6293.310
   280:     6293.680     6301.730     6302.000     6302.280     6302.320
   285:     6302.390     6303.660     6381.030     6408.100     6408.210
   290:     6416.420     6416.610     6416.850     6417.090     6468.270
   295:     6478.840     6479.360     6502.910     6503.090     6503.480
   300:     6506.500     6511.670     6511.900     6512.120     6616.580
   305:     6652.330     6652.380     6699.990     6700.000     6700.000
   310:     6700.000     6700.000     6700.000     6704.000     6705.000
   315:     6705.000     6709.990     6871.030     6872.080     6907.460
   320:     6909.500     6930.860     7023.020     7025.320     7075.350
   325:     7224.570     7234.590     7283.620     7309.990     7310.000
   330:     7310.000     7310.000     7310.000     7310.000     7314.000
   335:     7315.000     7315.000     7319.990     7381.740     7381.900
   340:     7503.180     7523.740     7906.910     7919.990     7920.000
   345:     7920.000     7920.000     7920.000     7920.000     7924.000
   350:     7925.000     7925.000     7929.990     8010.450     8025.040
   355:     8025.140     8025.490     8058.140     8076.870     8078.230
   360:     8080.020     8080.490     8082.440     8105.550     8105.620
   365:     8106.010     8110.140     8122.250     8124.810     8136.850
   370:     8137.100     8137.230     8137.440     8139.520     8139.840
   375:     8152.920     8156.230     8156.290     8156.460     8163.630
   380:     8163.840     8164.370     8165.520     8206.910     8215.290
   385:     8215.470     8240.700     8243.300     8243.700     8258.290
   390:     8259.240     8269.350     8269.350     8269.350     8269.350
   395:     8269.350     8269.350     8273.350     8274.350     8274.350
   400:     8279.340     8297.030     8307.470     8322.570     8323.750
   405:     8332.310     8341.060     8341.060     8341.060     8341.060
   410:     8341.060     8341.060     8345.060     8346.060     8346.060
   415:     8351.050     8361.060     8375.810     8391.180     8391.370
   420:     8391.400     8453.430     8453.510     8508.160     8509.140
   425:     8529.990     8530.000     8530.000     8530.000     8530.000
   430:     8530.000     8534.000     8535.000     8535.000     8539.990
   435:     8546.750     8594.500     8594.760     8596.410     8724.490
   440:     8725.430     8830.970     8881.420     8978.620     9053.480
   445:     9083.830     9084.070     9139.990     9140.000     9140.000
   450:     9140.000     9140.000     9140.000     9144.000     9145.000
   455:     9145.000     9149.990     9457.010     9569.290     9569.700
   460:     9749.990     9750.000     9750.000     9750.000     9750.000
   465:     9750.000     9754.000     9755.000     9755.000     9759.990
   470:     9838.420     9976.880     9979.240    10338.570    10359.990
   475:    10360.000    10360.000    10360.000    10360.000    10360.000
   480:    10364.000    10365.000    10365.000    10367.050    10369.990
   485:    10494.090    10552.280    10597.970    10616.000    10716.650
   490:    10725.870    10737.650    10800.010
