File: C:\MED-PC IV\DATA\!2025-08-22_17h09m.Subject T22



Start Date: 08/22/25
End Date: 08/22/25
Subject: T22
Experiment: OralFentSA
Group: One
Box: 4
Start Time: 17:09:59
End Time: 20:10:12
MSN: Golden_Liq_SelfAdmin_LIT
F:       0.000
G:     321.000
H:   10800.010
I:       0.000
J:       0.000
K:       0.000
L:       0.000
M:       0.000
N:       0.000
O:       0.000
P:       0.000
Q:       0.000
R:       0.000
S:       0.000
U:       0.000
V:       0.000
W:       0.000
X:       0.000
Y:       0.000
Z:       0.000
A:
     0:        0.000        0.000      180.000        4.000        0.000
     5:        5.000        0.000        5.000        0.000        0.000
    10:        1.000        0.000       10.000     3000.000       20.000
    15:        5.000      320.000        0.000        0.000        0.000
    20:        0.000
B:
     0:        0.000        0.000        0.000      400.000        0.000
     5:      500.000        0.000      500.000        0.000        0.000
    10:        0.000        0.000     1000.000   300000.000        0.000
    15:        0.000        0.000        0.000        0.000        0.000
    20:        0.000
C:
     0:        6.000        7.000        0.000        2.000      253.000
     5:     8432.760       30.430        6.000      368.780       61.463
    10:        2.000        0.000        4.000        0.000        0.000
    15:        0.000        0.000        0.000        0.000        0.000
    20:        0.000
D:
     0:        3.920       40.020      270.320       14.010       10.080
     5:       30.430
E:
     0:       19.000       11.000       26.000       27.000        6.000
     5:        6.000        6.000        6.000        6.000        6.000
    10:        6.000        6.000        6.000        6.000        6.000
    15:        6.000        6.000        6.000        6.000        6.000
    20:        6.000        6.000        6.000        6.000        6.000
    25:        6.000        6.000        6.000        6.000        6.000
    30:        6.000        6.000        6.000        6.000        6.000
    35:        6.000        6.000        6.000        6.000        6.000
    40:        6.000        6.000        6.000        6.000        6.000
    45:        6.000        6.000        6.000        6.000        6.000
    50:        6.000        6.000        6.000        6.000        6.000
    55:        6.000        6.000        6.000        6.000        6.000
    60:        6.000        6.000        6.000        6.000        6.000
    65:        6.000        6.000        6.000        6.000        6.000
    70:        6.000        6.000        6.000        6.000        6.000
    75:        6.000        6.000        6.000        6.000        6.000
    80:        6.000        6.000        6.000        6.000        6.000
    85:        6.000        6.000        6.000        6.000        6.000
    90:        6.000       30.000       24.000       13.000        8.000
    95:        5.000       17.000        6.000       18.000       14.000
   100:       10.000        6.000        6.000       19.000        6.000
   105:        6.000        6.000        6.000        6.000        6.000
   110:        6.000        6.000        6.000        6.000        6.000
   115:        6.000        6.000        6.000        6.000        6.000
   120:        6.000        6.000        6.000        6.000        6.000
   125:        6.000        6.000       30.000       24.000       13.000
   130:        8.000        5.000       17.000       18.000       14.000
   135:       10.000       19.000        6.000        6.000        6.000
   140:        6.000       25.000       24.000       13.000        8.000
   145:        5.000       17.000       18.000       14.000       10.000
   150:       19.000        6.000        6.000        6.000        6.000
   155:        6.000        6.000        6.000        6.000        6.000
   160:        6.000        6.000        6.000        6.000        6.000
   165:        6.000        6.000        6.000        6.000        6.000
   170:        6.000        6.000        6.000        6.000        6.000
   175:        6.000        6.000        2.000        4.000       22.000
   180:       24.000       13.000        8.000        5.000       17.000
   185:       18.000       14.000       10.000       19.000        6.000
   190:        6.000        6.000        6.000        2.000        4.000
   195:       22.000       24.000       13.000        8.000        5.000
   200:       17.000       18.000       14.000       10.000       19.000
   205:        6.000        6.000        6.000        6.000        6.000
   210:        6.000        6.000        6.000        6.000        6.000
   215:        6.000        6.000        6.000        6.000        6.000
   220:        6.000        6.000        6.000        6.000        6.000
   225:        6.000        6.000        6.000        6.000        6.000
   230:        6.000        6.000        6.000        6.000        6.000
   235:        6.000        6.000        6.000        6.000        6.000
   240:        6.000        6.000        6.000        6.000        6.000
   245:        6.000        6.000        6.000        6.000        6.000
   250:        6.000       25.000       24.000       13.000        8.000
   255:        5.000       17.000       18.000       14.000       10.000
   260:       19.000        6.000        6.000        6.000        6.000
   265:        6.000        6.000        6.000        6.000        6.000
   270:        6.000        6.000        6.000        6.000        6.000
   275:        6.000        6.000        6.000        6.000        6.000
   280:        6.000        6.000        6.000        6.000        6.000
   285:        6.000        6.000        6.000        6.000        6.000
   290:        6.000        6.000        6.000        6.000        6.000
   295:        6.000        6.000        6.000        6.000        6.000
   300:        6.000        6.000        6.000        6.000        6.000
   305:        6.000        6.000        6.000        6.000        6.000
   310:        6.000        6.000        6.000        6.000        6.000
   315:        6.000        6.000        6.000        6.000        6.000
   320:        6.000      100.000
T:
     0:        0.000        0.000        0.000        0.000        3.430
     5:       16.260       16.350       16.670       18.180       25.250
    10:       25.430       67.570       86.530       86.780       92.920
    15:       98.850       99.050      102.860      115.910      118.340
    20:      118.540      118.980      148.310      149.200      149.310
    25:      160.010      170.700      185.290      191.800      192.320
    30:      194.380      194.540      214.570      216.290      229.920
    35:      299.140      354.340      385.330      486.220      487.890
    40:      487.970      505.280      593.680      593.840      593.870
    45:      603.330      603.390      603.470      620.740      621.940
    50:      622.290      653.090      654.290      654.560      745.160
    55:      763.160      800.270      819.290      819.520      913.320
    60:     1022.570     1043.350     1091.530     1114.520     1142.350
    65:     1154.730     1177.170     1204.830     1205.330     1230.580
    70:     1232.190     1342.450     1519.600     1547.200     1547.330
    75:     1656.040     1680.470     1712.180     1712.510     1712.790
    80:     1996.610     2066.390     2095.660     2096.260     2111.970
    85:     2114.700     2174.550     2174.930     2178.190     2184.230
    90:     2197.750     2200.300     2200.300     2200.300     2200.300
    95:     2200.300     2200.300     2204.220     2204.300     2205.300
   100:     2205.300     2205.570     2206.060     2210.290     2223.460
   105:     2261.230     2291.800     2291.960     2312.700     2312.940
   110:     2315.120     2315.220     2315.750     2315.780     2318.260
   115:     2318.580     2370.560     2405.430     2481.270     2481.460
   120:     2518.910     2518.940     2569.140     2569.450     2619.220
   125:     2660.700     2661.360     2755.680     2755.680     2755.680
   130:     2755.680     2755.680     2755.680     2759.680     2760.680
   135:     2760.680     2765.670     2795.700     2845.250     2855.700
   140:     2891.100     2999.990     3000.000     3000.000     3000.000
   145:     3000.000     3000.000     3004.000     3005.000     3005.000
   150:     3009.990     3270.320     3281.510     3281.620     3281.920
   155:     3557.090     3707.270     3707.560     3708.640     3820.370
   160:     3933.890     3979.930     4044.010     4230.030     4332.110
   165:     4332.440     4353.600     4353.800     4399.960     4440.860
   170:     4466.870     4504.130     4727.770     4727.990     4788.260
   175:     4788.530     4801.140     4857.790     4857.790     4857.790
   180:     4857.800     4857.800     4857.800     4857.800     4857.800
   185:     4861.800     4862.800     4862.800     4867.790     4871.810
   190:     4872.220     5395.830     5396.840     5422.750     5422.750
   195:     5422.750     5422.760     5422.760     5422.760     5422.760
   200:     5422.760     5426.760     5427.760     5427.760     5432.750
   205:     5432.840     5432.950     5433.150     5434.250     5437.190
   210:     5439.130     5463.240     5488.890     5535.820     5536.650
   215:     5537.370     5560.580     5560.650     5642.310     5653.130
   220:     5654.400     5692.870     5775.410     5796.540     5942.950
   225:     5943.160     5943.330     5963.210     6362.230     6362.940
   230:     6516.250     6831.610     6896.540     6897.850     7340.660
   235:     7341.560     7341.970     7398.420     7601.210     8177.920
   240:     8234.790     8236.270     8403.840     8404.210     8405.480
   245:     8422.180     8422.460     8428.680     8430.590     8431.430
   250:     8431.610     8432.750     8432.760     8432.760     8432.760
   255:     8432.760     8432.760     8436.760     8437.760     8437.760
   260:     8442.750     8463.190     8525.660     8527.340     8527.610
   265:     8527.990     8528.840     8530.690     8532.560     8533.910
   270:     8535.830     8536.120     8536.420     8536.640     8538.190
   275:     8540.220     8540.390     8542.590     8545.020     8545.440
   280:     8553.140     8553.660     8572.610     8633.250     8633.410
   285:     8635.130     8641.690     8651.750     8682.890     8931.200
   290:     8931.740     8934.270     8934.730     9253.270     9254.830
   295:     9273.820     9573.760     9574.860     9882.890     9920.280
   300:     9950.250    10087.720    10119.950    10144.710    10145.060
   305:    10145.340    10191.110    10315.080    10316.290    10332.890
   310:    10338.970    10365.210    10365.350    10541.760    10552.510
   315:    10553.260    10553.620    10554.210    10571.650    10676.260
   320:    10757.110    10800.010
