File: C:\MED-PC IV\DATA\!2025-08-29_12h09m.Subject T17



Start Date: 08/29/25
End Date: 08/29/25
Subject: T17
Experiment: OralFentSA
Group: One
Box: 5
Start Time: 12:09:27
End Time: 15:09:31
MSN: Golden_Liq_SelfAdmin_LIT
F:       0.000
G:     778.000
H:   10800.010
I:       0.000
J:       0.000
K:       0.000
L:       0.000
M:       0.000
N:       0.000
O:       0.000
P:       0.000
Q:       0.000
R:       0.000
S:       0.000
U:       0.000
V:       0.000
W:       0.000
X:       0.000
Y:       0.000
Z:       0.000
A:
     0:        0.000        0.000      180.000        4.000        0.000
     5:        5.000        0.000        5.000        0.000        0.000
    10:        1.000        0.000       10.000 30000000.000       22.000
    15:       10.000      320.000        0.000        0.000        0.000
    20:        0.000
B:
     0:        0.000        0.000        0.000      400.000        0.000
     5:      500.000        0.000      500.000        0.000        0.000
    10:        0.000        0.000     1000.000 3000000000.0        0.000
    15:        0.000        0.000        0.000        0.000        0.000
    20:        0.000
C:
     0:       19.000       20.000        0.000       25.000      427.000
     5:    10713.560       68.740       18.000      763.580       42.421
    10:       25.000      107.000        0.000        0.000        0.000
    15:        0.000        0.000        0.000        0.000        0.000
    20:        0.000
D:
     0:        5.200        3.840        4.370        2.600        2.460
     5:        2.650        1.860        3.250        1.810       35.490
    10:        5.060        2.020        4.950       10.800        9.010
    15:      564.930       34.540       68.740
E:
     0:       19.000       11.000       26.000       27.000        6.000
     5:        6.000       23.000        6.000        6.000       23.000
    10:       23.000        6.000        6.000        6.000        6.000
    15:        6.000        6.000       23.000       23.000        6.000
    20:        6.000        6.000        6.000        6.000        6.000
    25:        6.000        6.000        6.000        6.000        6.000
    30:        6.000       23.000        6.000        6.000        6.000
    35:        6.000        6.000        6.000        6.000       23.000
    40:        2.000        4.000       22.000       24.000       13.000
    45:        8.000        5.000       17.000       18.000       14.000
    50:       10.000        6.000       19.000       23.000        6.000
    55:        6.000        2.000        4.000       22.000       24.000
    60:       13.000        8.000        5.000       17.000        6.000
    65:       18.000        6.000       14.000       10.000        6.000
    70:        6.000        6.000       21.000       22.000       19.000
    75:        6.000        2.000        4.000       22.000       24.000
    80:       13.000        8.000        5.000       17.000       21.000
    85:       22.000       21.000       22.000       18.000        6.000
    90:       14.000       10.000       19.000        6.000        6.000
    95:        6.000        6.000        6.000        6.000        6.000
   100:        6.000        6.000        6.000        6.000       23.000
   105:       23.000       23.000        2.000        4.000       22.000
   110:       24.000       13.000        8.000        5.000       17.000
   115:        6.000       18.000       14.000       10.000        6.000
   120:        6.000       19.000        6.000        6.000       23.000
   125:        6.000        6.000        6.000        6.000        2.000
   130:        4.000       22.000       24.000       13.000        8.000
   135:        5.000       17.000        6.000       18.000        6.000
   140:        6.000       14.000       10.000       19.000        6.000
   145:        6.000        6.000        6.000        6.000        6.000
   150:        6.000        6.000        6.000        6.000        6.000
   155:        6.000        6.000        6.000       23.000       23.000
   160:       23.000        6.000        6.000        6.000        6.000
   165:        6.000        2.000        4.000       22.000       24.000
   170:       13.000        8.000        5.000       17.000        6.000
   175:       18.000       14.000       10.000        6.000       19.000
   180:        6.000       23.000       23.000        6.000        6.000
   185:        6.000        6.000        6.000        6.000        6.000
   190:        6.000        6.000        6.000        6.000        6.000
   195:        6.000        6.000        6.000        6.000        6.000
   200:       23.000        6.000        6.000        6.000        2.000
   205:        4.000       22.000       24.000       13.000        8.000
   210:        5.000       17.000       18.000       14.000       10.000
   215:       21.000       22.000       19.000        2.000        4.000
   220:       22.000       24.000       13.000        8.000        5.000
   225:       17.000        6.000       18.000       14.000       10.000
   230:       19.000       23.000       23.000        2.000        4.000
   235:       22.000       24.000       13.000        8.000        5.000
   240:       17.000        6.000       18.000       14.000       10.000
   245:        6.000        6.000       19.000        6.000        6.000
   250:        6.000        6.000        6.000        6.000        6.000
   255:        6.000        6.000        6.000        6.000        6.000
   260:        6.000        6.000        6.000        6.000        6.000
   265:        6.000        6.000        6.000        6.000        6.000
   270:        6.000        6.000        6.000        6.000        6.000
   275:        6.000        6.000        6.000        6.000        6.000
   280:        6.000        6.000        6.000        6.000        6.000
   285:        6.000        6.000        6.000        6.000        6.000
   290:        6.000        6.000        6.000        6.000        6.000
   295:        6.000        6.000        6.000        6.000        6.000
   300:        6.000        6.000        6.000        6.000        6.000
   305:        6.000        6.000        6.000        6.000        6.000
   310:        6.000       23.000       23.000       23.000       23.000
   315:       23.000        6.000        6.000        6.000        6.000
   320:        6.000       23.000       23.000       23.000       23.000
   325:        2.000        4.000       22.000       24.000       13.000
   330:        8.000        5.000       17.000        6.000        6.000
   335:       18.000        6.000        6.000       14.000       10.000
   340:       19.000        6.000        6.000        6.000        6.000
   345:        6.000        6.000        6.000        6.000        6.000
   350:        6.000        6.000        6.000        6.000        6.000
   355:        6.000        6.000        6.000        6.000        6.000
   360:        6.000        6.000        6.000        6.000        6.000
   365:        6.000        6.000        6.000        6.000        6.000
   370:        6.000        6.000        6.000        6.000        6.000
   375:        6.000        6.000        6.000        6.000        6.000
   380:        6.000        6.000        6.000        6.000        6.000
   385:        6.000        6.000        6.000        6.000        6.000
   390:        6.000        6.000        6.000        6.000        6.000
   395:        6.000        6.000        6.000        6.000        6.000
   400:        6.000        6.000        6.000        6.000        6.000
   405:        6.000        6.000        6.000        6.000        6.000
   410:        6.000        6.000        2.000        4.000       22.000
   415:       24.000       13.000        8.000        5.000       17.000
   420:       18.000       14.000       10.000       19.000        6.000
   425:        6.000        6.000        6.000        6.000        6.000
   430:        6.000        6.000        6.000        6.000        6.000
   435:        6.000        6.000        6.000        6.000        6.000
   440:        6.000        6.000        6.000        6.000        6.000
   445:        6.000        6.000        6.000        6.000        6.000
   450:        6.000        6.000       23.000       23.000       23.000
   455:       23.000       23.000       23.000       23.000       23.000
   460:       23.000       23.000       23.000       23.000       23.000
   465:       23.000       23.000       23.000       23.000       23.000
   470:       23.000       23.000       23.000       23.000       23.000
   475:       23.000       23.000       23.000       23.000       23.000
   480:       23.000       23.000       23.000       23.000       23.000
   485:       23.000       23.000       23.000       23.000       23.000
   490:       23.000       23.000       23.000       23.000       23.000
   495:       23.000        6.000       23.000       23.000       23.000
   500:       23.000       23.000       23.000       23.000       23.000
   505:       23.000       23.000       23.000       23.000       23.000
   510:       23.000       23.000       23.000       23.000       23.000
   515:       23.000        6.000        6.000       23.000       23.000
   520:       23.000        6.000        6.000        6.000        6.000
   525:        6.000        6.000        6.000        6.000        6.000
   530:        6.000       23.000        6.000        6.000        6.000
   535:        6.000        6.000        6.000        6.000        6.000
   540:        6.000        6.000        6.000        6.000       23.000
   545:       23.000       23.000       23.000       23.000       23.000
   550:       23.000       23.000       23.000       23.000        2.000
   555:        4.000       22.000       24.000       13.000        8.000
   560:        5.000       17.000       18.000       14.000       10.000
   565:        6.000       19.000        6.000        6.000        6.000
   570:        6.000        6.000        6.000        6.000        6.000
   575:        6.000        6.000        6.000        6.000        6.000
   580:        6.000        6.000        6.000        6.000        6.000
   585:        6.000        6.000        2.000        4.000       22.000
   590:       24.000       13.000        8.000        5.000       17.000
   595:        6.000        6.000       18.000        6.000       14.000
   600:       10.000        6.000        6.000       19.000        6.000
   605:        6.000        6.000        6.000        6.000        6.000
   610:        6.000        6.000        6.000        6.000        6.000
   615:        6.000        6.000        6.000        6.000        6.000
   620:        6.000        6.000        6.000        6.000        6.000
   625:        6.000        6.000        6.000        6.000        6.000
   630:        6.000        2.000        4.000       22.000       24.000
   635:       13.000        8.000        5.000       17.000       18.000
   640:        6.000       14.000       10.000        6.000        6.000
   645:        6.000       19.000        6.000        6.000        6.000
   650:        6.000        6.000        6.000        6.000        6.000
   655:        6.000        6.000        6.000        6.000        6.000
   660:        6.000        6.000        6.000        6.000        6.000
   665:        6.000        6.000        6.000       23.000        2.000
   670:        4.000       22.000       24.000       13.000        8.000
   675:        5.000       17.000       18.000       14.000       10.000
   680:       21.000       22.000       19.000        6.000        6.000
   685:        6.000        6.000        6.000        6.000        6.000
   690:        6.000        6.000        6.000        6.000        6.000
   695:        6.000        6.000        6.000        6.000        6.000
   700:        6.000        6.000        6.000        6.000        6.000
   705:        6.000        6.000        6.000        6.000        6.000
   710:        6.000        6.000        6.000        6.000        6.000
   715:        6.000        6.000        6.000        2.000        4.000
   720:       22.000       24.000       13.000        8.000        5.000
   725:       17.000       18.000       14.000       10.000       21.000
   730:       22.000        6.000       19.000        2.000        4.000
   735:       22.000       24.000       13.000        8.000        5.000
   740:       17.000       18.000       14.000       10.000       19.000
   745:        6.000        6.000        6.000        2.000        4.000
   750:       22.000       24.000       13.000        8.000        5.000
   755:       17.000       18.000       14.000       10.000       19.000
   760:        6.000        6.000        6.000        6.000        2.000
   765:        4.000       22.000       24.000       13.000        8.000
   770:        5.000       17.000       18.000       14.000       10.000
   775:       19.000        6.000        6.000      100.000
T:
     0:        0.000        0.000        0.000        0.000        5.980
     5:       26.720       46.310       63.620      144.170      166.260
    10:      166.590      213.580      213.800      308.580      309.040
    15:      380.540      380.800      476.760      537.650      546.560
    20:      548.180      548.420      548.470      552.720      555.220
    25:      560.380      568.580      568.690      577.380      577.430
    30:      588.310      603.490      612.130      612.570      612.610
    35:      612.720      612.970      613.540      616.190      629.900
    40:      638.350      638.350      638.350      638.360      638.360
    45:      638.360      638.360      638.360      642.360      643.360
    50:      643.360      643.560      648.350      733.320      749.430
    55:      750.040      778.610      778.610      778.610      778.620
    60:      778.620      778.620      778.620      778.620      782.460
    65:      782.620      782.740      783.620      783.620      784.200
    70:      784.590      785.080      787.630      787.630      788.610
    75:      790.470      795.650      795.650      795.650      795.660
    80:      795.660      795.660      795.660      795.660      796.150
    85:      796.150      797.280      797.280      799.660      800.030
    90:      800.660      800.660      805.650      844.190      844.380
    95:      845.070      845.340      845.370      845.540      845.720
   100:      845.890      845.940      848.890      944.920      971.240
   105:      971.620      971.730      994.860      994.860      994.860
   110:      994.870      994.870      994.870      994.870      994.870
   115:      997.470      998.870      999.870      999.870     1004.100
   120:     1004.350     1004.860     1006.980     1007.060     1056.460
   125:     1063.840     1135.830     1152.470     1152.540     1155.520
   130:     1155.520     1155.520     1155.530     1155.530     1155.530
   135:     1155.530     1155.530     1157.990     1159.530     1159.830
   140:     1160.050     1160.530     1160.530     1165.520     1168.300
   145:     1168.560     1171.150     1191.280     1206.650     1207.300
   150:     1340.940     1340.970     1527.160     1574.780     1632.890
   155:     1633.030     2131.440     2197.140     2216.280     2221.670
   160:     2226.270     2243.250     2243.300     2253.810     2254.180
   165:     2257.070     2285.670     2285.670     2285.670     2285.680
   170:     2285.680     2285.680     2285.680     2285.680     2288.330
   175:     2289.680     2290.680     2290.680     2290.980     2295.670
   180:     2418.250     2426.990     2428.920     2816.990     3009.220
   185:     3118.690     3119.140     3119.190     3120.500     3130.240
   190:     3133.110     3133.190     3205.550     3205.980     3208.310
   195:     3266.320     3280.510     3283.610     3284.100     3284.140
   200:     3371.710     3384.170     3413.140     3518.170     3521.720
   205:     3521.720     3521.720     3521.730     3521.730     3521.730
   210:     3521.730     3521.730     3525.730     3526.730     3526.730
   215:     3528.130     3528.130     3531.720     3536.680     3536.680
   220:     3536.680     3536.690     3536.690     3536.690     3536.690
   225:     3536.690     3538.550     3540.690     3541.690     3541.690
   230:     3546.680     3558.800     3570.250     3607.970     3607.970
   235:     3607.970     3607.980     3607.980     3607.980     3607.980
   240:     3607.980     3611.230     3611.980     3612.980     3612.980
   245:     3617.490     3617.850     3617.970     3618.410     3619.520
   250:     3621.680     3626.150     3626.730     3628.740     3628.810
   255:     3628.900     3628.950     3629.090     3630.240     3630.350
   260:     3630.360     3630.470     3630.710     3630.760     3630.800
   265:     3631.220     4515.320     4516.560     4518.580     4519.050
   270:     4563.280     4689.200     4690.120     4691.600     4691.680
   275:     4692.340     4692.520     4698.550     4706.550     4706.960
   280:     4707.900     4711.430     4717.200     4717.390     4773.840
   285:     4773.950     4784.740     4799.090     4799.310     4844.500
   290:     5011.730     5012.590     5075.600     5085.980     5086.710
   295:     5087.600     5090.100     5090.370     5093.530     5096.060
   300:     5187.800     5291.980     5293.840     5293.900     5294.240
   305:     5296.140     5296.630     5296.770     5296.930     5305.510
   310:     5305.710     5347.450     5349.990     5350.240     5350.560
   315:     5355.370     5381.320     5383.460     5385.710     5387.110
   320:     5387.180     5418.420     5420.920     5438.820     5441.370
   325:     5499.760     5499.760     5499.760     5499.770     5499.770
   330:     5499.770     5499.770     5499.770     5501.580     5503.010
   335:     5503.770     5504.200     5504.260     5504.770     5504.770
   340:     5509.760     5547.580     5550.180     5550.590     5580.190
   345:     5580.270     5661.590     5661.880     5663.570     5663.750
   350:     5663.890     5665.560     5669.310     5670.760     5670.930
   355:     5671.030     5672.420     5675.690     5676.850     5681.510
   360:     5683.510     5683.690     5684.250     5684.280     5684.440
   365:     5684.630     5684.720     5684.900     5685.010     5685.180
   370:     5685.210     5685.880     5686.010     5686.410     5686.990
   375:     5689.280     5689.620     5689.740     5690.070     5690.450
   380:     5690.500     5691.600     5693.350     5694.140     5694.230
   385:     5694.460     5695.270     5695.470     5709.020     5709.360
   390:     5725.560     5726.230     5726.330     5726.550     5727.120
   395:     5727.290     5727.470     5731.920     5761.350     5761.770
   400:     5766.450     5768.380     5768.580     5768.720     5828.450
   405:     5832.750     5832.940     5833.360     5834.020     5858.360
   410:     5858.980     5859.460     5864.930     5864.930     5864.930
   415:     5864.940     5864.940     5864.940     5864.940     5864.940
   420:     5868.940     5869.940     5869.940     5874.930     5900.430
   425:     5903.640     5956.560     5992.840     6050.030     6054.990
   430:     6056.140     6065.900     6142.080     6142.120     6143.370
   435:     6145.860     6146.940     6188.230     6251.060     6252.760
   440:     6806.250     6806.580     6807.020     6810.670     6810.930
   445:     6812.170     6812.660     6814.280     7214.960     7215.110
   450:     7219.800     7220.140     7251.840     7271.450     7272.400
   455:     7273.150     7275.290     7275.890     7277.460     7279.610
   460:     7281.300     7285.970     7287.040     7287.490     7289.660
   465:     7291.540     7293.120     7294.450     7295.290     7296.330
   470:     7297.560     7299.680     7302.390     7304.230     7309.980
   475:     7310.630     7323.720     7323.900     7324.350     7324.500
   480:     7325.590     7325.870     7327.190     7327.310     7328.060
   485:     7329.190     7330.170     7332.320     7335.160     7335.500
   490:     7338.310     7340.570     7341.570     7341.780     7346.750
   495:     7348.060     7362.500     7368.180     7369.020     7373.630
   500:     7374.680     7376.350     7378.700     7456.730     7460.270
   505:     7460.520     7461.840     7462.980     7469.930     7473.420
   510:     7475.070     7476.610     7477.860     7484.260     7486.010
   515:     7486.750     7502.370     7505.150     7508.870     7511.710
   520:     7513.760     7646.060     7646.470     7709.290     7709.390
   525:     7712.020     7712.860     7734.040     7734.510     7774.140
   530:     7774.490     7777.400     7813.540     7813.630     7814.090
   535:     7814.270     7817.950     7818.030     7826.650     7829.240
   540:     7830.430     7830.680     7917.090     7921.560     8030.280
   545:     8032.650     8034.730     8037.080     8037.900     8041.980
   550:     8042.880     8047.830     8048.520     8048.530     8066.620
   555:     8066.620     8066.620     8066.630     8066.630     8066.630
   560:     8066.630     8066.630     8070.630     8071.630     8071.630
   565:     8071.690     8076.620     8076.870     8077.610     8078.230
   570:     8079.080     8079.690     8080.940     8081.100     8102.060
   575:     8108.570     8111.960     8112.290     8112.870     8117.860
   580:     8120.180     8137.620     8137.950     8137.970     8138.040
   585:     8140.310     8140.880     8166.100     8166.100     8166.100
   590:     8166.110     8166.110     8166.110     8166.110     8166.110
   595:     8168.130     8169.400     8170.110     8171.070     8171.110
   600:     8171.110     8171.930     8172.780     8176.100     8177.290
   605:     8177.930     8177.990     8178.050     8178.960     8179.860
   610:     8196.230     8196.930     8208.120     8208.560     8208.660
   615:     8208.720     8208.860     8213.130     8613.930     8614.210
   620:     8620.200     9203.300     9203.630     9204.340     9208.540
   625:     9208.600     9420.730     9421.340     9538.400     9539.360
   630:     9539.890     9639.880     9639.880     9639.880     9639.890
   635:     9639.890     9639.890     9639.890     9639.890     9643.890
   640:     9644.840     9644.890     9644.890     9646.700     9647.640
   645:     9648.540     9649.880     9656.380     9665.160     9674.680
   650:     9675.790     9676.070     9676.180     9702.950     9703.120
   655:     9703.200     9703.500     9706.780     9708.200     9709.950
   660:     9710.410     9710.570     9710.660     9713.370     9713.460
   665:     9713.980     9735.980     9740.750     9752.460     9761.980
   670:     9761.980     9761.980     9761.990     9761.990     9761.990
   675:     9761.990     9761.990     9765.990     9766.990     9766.990
   680:     9770.290     9770.290     9771.980     9772.790     9774.380
   685:     9774.980     9775.170     9775.260     9775.690     9778.220
   690:     9782.230     9794.990     9795.370     9801.980     9802.100
   695:     9802.870     9803.270     9809.460     9809.940     9813.230
   700:     9814.500     9815.290     9815.400     9815.590     9823.420
   705:     9824.400     9825.120     9829.110     9830.830     9832.870
   710:     9833.070     9834.280     9834.350     9834.580     9834.800
   715:     9836.830     9836.860     9837.610     9931.590     9931.590
   720:     9931.590     9931.600     9931.600     9931.600     9931.600
   725:     9931.600     9935.600     9936.600     9936.600     9937.330
   730:     9937.330     9940.610     9941.590     9944.040     9944.040
   735:     9944.040     9944.050     9944.050     9944.050     9944.050
   740:     9944.050     9948.050     9949.050     9949.050     9954.040
   745:    10508.980    10514.520    10525.170    10579.440    10579.440
   750:    10579.440    10579.450    10579.450    10579.450    10579.450
   755:    10579.450    10583.450    10584.450    10584.450    10589.440
   760:    10613.990    10614.610    10629.090    10708.730    10713.550
   765:    10713.550    10713.550    10713.560    10713.560    10713.560
   770:    10713.560    10713.560    10717.560    10718.560    10718.560
   775:    10723.550    10782.300    10782.480    10800.010
