File: C:\MED-PC IV\DATA\!2025-08-28_13h03m.Subject T16



Start Date: 08/28/25
End Date: 08/28/25
Subject: T16
Experiment: OralFentSA
Group: One
Box: 4
Start Time: 13:03:51
End Time: 16:03:58
MSN: Golden_Liq_SelfAdmin_LIT
F:       0.000
G:    1989.000
H:   10800.010
I:       0.000
J:       0.000
K:       0.000
L:       0.000
M:       0.000
N:       0.000
O:       0.000
P:       0.000
Q:       0.000
R:       0.000
S:       0.000
U:       0.000
V:       0.000
W:       0.000
X:       0.000
Y:       0.000
Z:       0.000
A:
     0:        0.000        0.000      180.000        4.000        0.000
     5:        5.000        0.000        5.000        0.000        0.000
    10:        1.000        0.000       10.000 30000000.000       21.000
    15:        9.000      320.000        0.000        0.000        0.000
    20:        0.000
B:
     0:        0.000        0.000        0.000      400.000        0.000
     5:      500.000        0.000      500.000        0.000        0.000
    10:        0.000        0.000     1000.000 3000000000.0        0.000
    15:        0.000        0.000        0.000        0.000        0.000
    20:        0.000
C:
     0:        2.000        3.000        0.000        2.000     1961.000
     5:    10399.820       11.430        2.000       18.340        9.170
    10:        2.000        0.000        0.000        0.000        0.000
    15:        0.000        0.000        0.000        0.000        0.000
    20:        0.000
D:
     0:        6.910       11.430
E:
     0:       19.000       11.000       26.000       27.000        6.000
     5:        6.000        6.000        6.000        6.000        6.000
    10:        6.000        6.000        6.000        6.000        6.000
    15:        6.000        6.000        6.000        6.000        6.000
    20:        6.000        6.000        6.000        6.000        6.000
    25:        6.000        6.000        6.000        6.000        6.000
    30:        6.000        6.000        6.000        6.000        6.000
    35:        6.000        6.000        6.000        6.000        6.000
    40:        6.000        6.000        6.000        6.000        6.000
    45:        6.000        6.000        6.000        6.000        6.000
    50:        6.000        6.000        6.000        6.000        6.000
    55:        6.000        6.000        6.000        6.000        6.000
    60:        6.000        6.000        6.000        6.000        6.000
    65:        6.000        6.000        6.000        6.000        6.000
    70:        6.000        6.000        6.000        6.000        6.000
    75:        6.000        6.000        6.000        6.000        6.000
    80:        6.000        6.000        6.000        6.000        6.000
    85:        6.000        6.000        6.000        6.000        6.000
    90:        6.000        6.000        6.000        6.000        6.000
    95:        6.000        6.000        6.000        6.000        6.000
   100:        6.000        6.000        6.000        6.000        6.000
   105:        6.000        6.000        6.000        6.000        6.000
   110:        6.000        6.000        6.000        6.000        6.000
   115:        6.000        6.000        6.000        6.000        6.000
   120:        6.000        6.000        6.000        6.000        6.000
   125:        6.000        6.000        6.000        6.000        6.000
   130:        6.000        6.000        6.000        6.000        6.000
   135:        6.000        6.000        6.000        6.000        6.000
   140:        6.000        6.000        6.000        6.000        6.000
   145:        6.000        6.000        6.000        6.000        6.000
   150:        6.000        6.000        6.000        6.000        6.000
   155:        6.000        6.000        6.000        6.000        6.000
   160:        6.000        6.000        6.000        6.000        6.000
   165:        6.000        6.000        6.000        6.000        6.000
   170:        6.000        6.000        6.000        6.000        6.000
   175:        6.000        6.000        6.000        6.000        6.000
   180:        6.000        6.000        6.000        6.000        6.000
   185:        6.000        6.000        6.000        6.000        6.000
   190:        6.000        6.000        6.000        6.000        6.000
   195:        6.000        6.000        6.000        6.000        6.000
   200:        6.000        6.000        6.000        6.000        6.000
   205:        6.000        6.000        6.000        6.000        6.000
   210:        6.000        6.000        6.000        6.000        6.000
   215:        6.000        6.000        6.000        6.000        6.000
   220:        6.000        6.000        6.000        6.000        6.000
   225:        6.000        6.000        6.000        6.000        6.000
   230:        6.000        6.000        6.000        6.000        6.000
   235:        6.000        6.000        6.000        6.000        6.000
   240:        6.000        6.000        6.000        6.000        6.000
   245:        6.000        6.000        6.000        6.000        6.000
   250:        6.000        6.000        6.000        6.000        6.000
   255:        6.000        6.000        6.000        6.000        6.000
   260:        6.000        6.000        6.000        6.000        6.000
   265:        6.000        6.000        6.000        6.000        6.000
   270:        6.000        6.000        6.000        6.000        6.000
   275:        6.000        6.000        6.000        6.000        6.000
   280:        6.000        6.000        6.000        6.000        6.000
   285:        6.000        6.000        6.000        6.000        6.000
   290:        6.000        6.000        6.000        6.000        6.000
   295:        6.000        6.000        6.000        6.000        6.000
   300:        6.000        6.000        6.000        6.000        6.000
   305:        6.000        6.000        6.000        6.000        6.000
   310:        6.000        6.000        6.000        6.000        6.000
   315:        6.000        6.000        6.000        6.000        6.000
   320:        6.000        6.000        6.000        6.000        6.000
   325:        6.000        6.000        6.000        6.000        6.000
   330:        6.000        6.000        6.000        6.000        6.000
   335:        6.000        6.000        6.000        6.000        6.000
   340:        6.000        6.000        6.000        6.000        6.000
   345:        6.000        6.000        6.000        6.000        6.000
   350:        6.000        6.000        6.000        6.000        6.000
   355:        6.000        6.000        6.000        6.000        6.000
   360:        6.000        6.000        6.000        6.000        6.000
   365:        6.000        6.000        6.000        6.000        6.000
   370:        6.000        6.000        6.000        6.000        6.000
   375:        6.000        6.000        6.000        6.000        6.000
   380:        6.000        2.000        4.000       22.000       24.000
   385:       13.000        8.000        5.000       17.000       18.000
   390:       14.000       10.000        6.000       19.000        6.000
   395:        6.000        6.000        6.000        6.000        6.000
   400:        6.000        6.000        6.000        6.000        6.000
   405:        6.000        6.000        6.000        6.000        6.000
   410:        6.000        6.000        6.000        6.000        6.000
   415:        6.000        6.000        6.000        6.000        6.000
   420:        6.000        6.000        6.000        6.000        6.000
   425:        6.000        6.000        6.000        6.000        6.000
   430:        6.000        6.000        6.000        6.000        6.000
   435:        6.000        6.000        6.000        6.000        6.000
   440:        6.000        6.000        6.000        6.000        6.000
   445:        6.000        6.000        6.000        6.000        6.000
   450:        6.000        6.000        6.000        6.000        6.000
   455:        6.000        6.000        6.000        6.000        6.000
   460:        6.000        6.000        6.000        6.000        6.000
   465:        6.000        6.000        6.000        6.000        6.000
   470:        6.000        6.000        6.000        6.000        6.000
   475:        6.000        6.000        6.000        6.000        6.000
   480:        6.000        6.000        6.000        6.000        6.000
   485:        6.000        6.000        6.000        6.000        6.000
   490:        6.000        6.000        6.000        6.000        6.000
   495:        6.000        6.000        6.000        6.000        6.000
   500:        6.000        6.000        6.000        6.000        6.000
   505:        6.000        6.000        6.000        6.000        6.000
   510:        6.000        6.000        6.000        6.000        6.000
   515:        6.000        6.000        6.000        6.000        6.000
   520:        6.000        6.000        6.000        6.000        6.000
   525:        6.000        6.000        6.000        6.000        6.000
   530:        6.000        6.000        6.000        6.000        6.000
   535:        6.000        6.000        6.000        6.000        6.000
   540:        6.000        6.000        6.000        6.000        6.000
   545:        6.000        6.000        6.000        6.000        6.000
   550:        6.000        6.000        6.000        6.000        6.000
   555:        6.000        6.000        6.000        6.000        6.000
   560:        6.000        6.000        6.000        6.000        6.000
   565:        6.000        6.000        6.000        6.000        6.000
   570:        6.000        6.000        6.000        6.000        6.000
   575:        6.000        6.000        6.000        6.000        6.000
   580:        6.000        6.000        6.000        6.000        6.000
   585:        6.000        6.000        6.000        6.000        6.000
   590:        6.000        6.000        6.000        6.000        6.000
   595:        6.000        6.000        6.000        6.000        6.000
   600:        6.000        6.000        6.000        6.000        6.000
   605:        6.000        6.000        6.000        6.000        6.000
   610:        6.000        6.000        6.000        6.000        6.000
   615:        6.000        6.000        6.000        6.000        6.000
   620:        6.000        6.000        6.000        6.000        6.000
   625:        6.000        6.000        6.000        6.000        6.000
   630:        6.000        6.000        6.000        6.000        6.000
   635:        6.000        6.000        6.000        6.000        6.000
   640:        6.000        6.000        6.000        6.000        6.000
   645:        6.000        6.000        6.000        6.000        6.000
   650:        6.000        6.000        6.000        6.000        6.000
   655:        6.000        6.000        6.000        6.000        6.000
   660:        6.000        6.000        6.000        6.000        6.000
   665:        6.000        6.000        6.000        6.000        6.000
   670:        6.000        6.000        6.000        6.000        6.000
   675:        6.000        6.000        6.000        6.000        6.000
   680:        6.000        6.000        6.000        6.000        6.000
   685:        6.000        6.000        6.000        6.000        6.000
   690:        6.000        6.000        6.000        6.000        6.000
   695:        6.000        6.000        6.000        6.000        6.000
   700:        6.000        6.000        6.000        6.000        6.000
   705:        6.000        6.000        6.000        6.000        6.000
   710:        6.000        6.000        6.000        6.000        6.000
   715:        6.000        6.000        6.000        6.000        6.000
   720:        6.000        6.000        6.000        6.000        6.000
   725:        6.000        6.000        6.000        6.000        6.000
   730:        6.000        6.000        6.000        6.000        6.000
   735:        6.000        6.000        6.000        6.000        6.000
   740:        6.000        6.000        6.000        6.000        6.000
   745:        6.000        6.000        6.000        6.000        6.000
   750:        6.000        6.000        6.000        6.000        6.000
   755:        6.000        6.000        6.000        6.000        6.000
   760:        6.000        6.000        6.000        6.000        6.000
   765:        6.000        6.000        6.000        6.000        6.000
   770:        6.000        6.000        6.000        6.000        6.000
   775:        6.000        6.000        6.000        6.000        6.000
   780:        6.000        6.000        6.000        6.000        6.000
   785:        6.000        6.000        6.000        6.000        6.000
   790:        6.000        6.000        6.000        6.000        6.000
   795:        6.000        6.000        6.000        6.000        6.000
   800:        6.000        6.000        6.000        6.000        6.000
   805:        6.000        6.000        6.000        6.000        6.000
   810:        6.000        6.000        6.000        6.000        6.000
   815:        6.000        6.000        6.000        6.000        6.000
   820:        6.000        6.000        6.000        6.000        6.000
   825:        6.000        6.000        6.000        6.000        6.000
   830:        6.000        6.000        6.000        6.000        6.000
   835:        6.000        6.000        6.000        6.000        6.000
   840:        6.000        6.000        6.000        6.000        6.000
   845:        6.000        6.000        6.000        6.000        6.000
   850:        6.000        6.000        6.000        6.000        6.000
   855:        6.000        6.000        6.000        6.000        6.000
   860:        6.000        6.000        6.000        6.000        6.000
   865:        6.000        6.000        6.000        6.000        6.000
   870:        6.000        6.000        6.000        6.000        6.000
   875:        6.000        6.000        6.000        6.000        6.000
   880:        6.000        6.000        6.000        6.000        6.000
   885:        6.000        6.000        6.000        6.000        6.000
   890:        6.000        6.000        6.000        6.000        6.000
   895:        6.000        6.000        6.000        6.000        6.000
   900:        6.000        6.000        6.000        6.000        6.000
   905:        6.000        6.000        6.000        6.000        6.000
   910:        6.000        6.000        6.000        6.000        6.000
   915:        6.000        6.000        6.000        6.000        6.000
   920:        6.000        6.000        6.000        6.000        6.000
   925:        6.000        6.000        6.000        6.000        6.000
   930:        6.000        6.000        6.000        6.000        6.000
   935:        6.000        6.000        6.000        6.000        6.000
   940:        6.000        6.000        6.000        6.000        6.000
   945:        6.000        6.000        6.000        6.000        6.000
   950:        6.000        6.000        6.000        6.000        6.000
   955:        6.000        6.000        6.000        6.000        6.000
   960:        6.000        6.000        6.000        6.000        6.000
   965:        6.000        6.000        6.000        6.000        6.000
   970:        6.000        6.000        6.000        6.000        6.000
   975:        6.000        6.000        6.000        6.000        6.000
   980:        6.000        6.000        6.000        6.000        6.000
   985:        6.000        6.000        6.000        6.000        6.000
   990:        6.000        6.000        6.000        6.000        6.000
   995:        6.000        6.000        6.000        6.000        6.000
  1000:        6.000        6.000        6.000        6.000        6.000
  1005:        6.000        6.000        6.000        6.000        6.000
  1010:        6.000        6.000        6.000        6.000        6.000
  1015:        6.000        6.000        6.000        6.000        6.000
  1020:        6.000        6.000        6.000        6.000        6.000
  1025:        6.000        6.000        6.000        6.000        6.000
  1030:        6.000        6.000        6.000        6.000        6.000
  1035:        6.000        6.000        6.000        6.000        6.000
  1040:        6.000        6.000        6.000        6.000        6.000
  1045:        6.000        6.000        6.000        6.000        6.000
  1050:        6.000        6.000        6.000        6.000        6.000
  1055:        6.000        6.000        6.000        6.000        6.000
  1060:        6.000        6.000        6.000        6.000        6.000
  1065:        6.000        6.000        6.000        6.000        6.000
  1070:        6.000        6.000        6.000        6.000        6.000
  1075:        6.000        6.000        6.000        6.000        6.000
  1080:        6.000        6.000        6.000        6.000        6.000
  1085:        6.000        6.000        6.000        6.000        6.000
  1090:        6.000        6.000        6.000        6.000        6.000
  1095:        6.000        6.000        6.000        6.000        6.000
  1100:        6.000        6.000        6.000        6.000        6.000
  1105:        6.000        6.000        6.000        6.000        6.000
  1110:        6.000        6.000        6.000        6.000        6.000
  1115:        6.000        6.000        6.000        6.000        6.000
  1120:        6.000        6.000        6.000        6.000        6.000
  1125:        6.000        6.000        6.000        6.000        6.000
  1130:        6.000        6.000        6.000        6.000        6.000
  1135:        6.000        6.000        6.000        6.000        6.000
  1140:        6.000        6.000        6.000        6.000        6.000
  1145:        6.000        6.000        6.000        6.000        6.000
  1150:        6.000        6.000        6.000        6.000        6.000
  1155:        6.000        6.000        6.000        6.000        6.000
  1160:        6.000        6.000        6.000        6.000        6.000
  1165:        6.000        6.000        6.000        6.000        6.000
  1170:        6.000        6.000        6.000        6.000        6.000
  1175:        6.000        6.000        6.000        6.000        6.000
  1180:        6.000        6.000        6.000        6.000        6.000
  1185:        6.000        6.000        6.000        6.000        6.000
  1190:        6.000        6.000        6.000        6.000        6.000
  1195:        6.000        6.000        6.000        6.000        6.000
  1200:        6.000        6.000        6.000        6.000        6.000
  1205:        6.000        6.000        6.000        6.000        6.000
  1210:        6.000        6.000        6.000        6.000        6.000
  1215:        6.000        6.000        6.000        6.000        6.000
  1220:        6.000        6.000        6.000        6.000        6.000
  1225:        6.000        6.000        6.000        6.000        6.000
  1230:        6.000        6.000        6.000        6.000        6.000
  1235:        6.000        6.000        6.000        6.000        6.000
  1240:        6.000        6.000        6.000        6.000        6.000
  1245:        6.000        6.000        6.000        6.000        6.000
  1250:        6.000        6.000        6.000        6.000        6.000
  1255:        6.000        6.000        6.000        6.000        6.000
  1260:        6.000        6.000        6.000        6.000        6.000
  1265:        6.000        6.000        6.000        6.000        6.000
  1270:        6.000        6.000        6.000        6.000        6.000
  1275:        6.000        6.000        6.000        6.000        6.000
  1280:        6.000        6.000        6.000        6.000        6.000
  1285:        6.000        6.000        6.000        6.000        6.000
  1290:        6.000        6.000        6.000        6.000        6.000
  1295:        6.000        6.000        6.000        6.000        6.000
  1300:        6.000        6.000        6.000        6.000        6.000
  1305:        6.000        6.000        6.000        6.000        6.000
  1310:        6.000        6.000        6.000        6.000        6.000
  1315:        6.000        6.000        6.000        6.000        6.000
  1320:        6.000        6.000        6.000        6.000        6.000
  1325:        6.000        6.000        6.000        6.000        6.000
  1330:        6.000        6.000        6.000        6.000        6.000
  1335:        6.000        6.000        6.000        6.000        6.000
  1340:        6.000        6.000        6.000        6.000        6.000
  1345:        6.000        6.000        6.000        6.000        6.000
  1350:        6.000        6.000        6.000        6.000        6.000
  1355:        6.000        6.000        6.000        6.000        6.000
  1360:        6.000        6.000        6.000        6.000        6.000
  1365:        6.000        6.000        6.000        6.000        6.000
  1370:        6.000        6.000        6.000        6.000        6.000
  1375:        6.000        6.000        6.000        6.000        6.000
  1380:        6.000        6.000        6.000        6.000        6.000
  1385:        6.000        6.000        6.000        6.000        6.000
  1390:        6.000        6.000        6.000        6.000        6.000
  1395:        6.000        6.000        6.000        6.000        6.000
  1400:        6.000        6.000        6.000        6.000        6.000
  1405:        6.000        6.000        6.000        6.000        6.000
  1410:        6.000        6.000        6.000        6.000        6.000
  1415:        6.000        6.000        6.000        6.000        6.000
  1420:        6.000        6.000        6.000        6.000        6.000
  1425:        6.000        6.000        6.000        6.000        6.000
  1430:        6.000        6.000        6.000        6.000        6.000
  1435:        6.000        6.000        6.000        6.000        6.000
  1440:        6.000        6.000        6.000        6.000        6.000
  1445:        6.000        6.000        6.000        6.000        6.000
  1450:        6.000        6.000        6.000        6.000        6.000
  1455:        6.000        6.000        6.000        6.000        6.000
  1460:        6.000        6.000        6.000        6.000        6.000
  1465:        6.000        6.000        6.000        6.000        6.000
  1470:        6.000        6.000        6.000        6.000        6.000
  1475:        6.000        6.000        6.000        6.000        6.000
  1480:        6.000        6.000        6.000        6.000        6.000
  1485:        6.000        6.000        6.000        6.000        6.000
  1490:        6.000        6.000        6.000        6.000        6.000
  1495:        6.000        6.000        6.000        6.000        6.000
  1500:        6.000        6.000        6.000        6.000        6.000
  1505:        6.000        6.000        6.000        6.000        6.000
  1510:        6.000        6.000        6.000        6.000        6.000
  1515:        6.000        6.000        6.000        6.000        6.000
  1520:        6.000        6.000        6.000        6.000        6.000
  1525:        6.000        6.000        6.000        6.000        6.000
  1530:        6.000        6.000        6.000        6.000        6.000
  1535:        6.000        6.000        6.000        6.000        6.000
  1540:        6.000        6.000        6.000        6.000        6.000
  1545:        6.000        6.000        6.000        6.000        6.000
  1550:        6.000        6.000        6.000        6.000        6.000
  1555:        6.000        6.000        6.000        6.000        6.000
  1560:        6.000        6.000        6.000        6.000        6.000
  1565:        6.000        6.000        6.000        6.000        6.000
  1570:        6.000        6.000        6.000        6.000        6.000
  1575:        6.000        6.000        6.000        6.000        6.000
  1580:        6.000        6.000        6.000        6.000        6.000
  1585:        6.000        6.000        6.000        6.000        6.000
  1590:        6.000        6.000        6.000        6.000        6.000
  1595:        6.000        6.000        6.000        6.000        6.000
  1600:        6.000        6.000        6.000        6.000        6.000
  1605:        6.000        6.000        6.000        6.000        6.000
  1610:        6.000        6.000        6.000        6.000        6.000
  1615:        6.000        6.000        6.000        6.000        6.000
  1620:        6.000        6.000        6.000        6.000        6.000
  1625:        6.000        6.000        6.000        6.000        6.000
  1630:        6.000        6.000        6.000        6.000        6.000
  1635:        6.000        6.000        6.000        6.000        6.000
  1640:        6.000        6.000        6.000        6.000        6.000
  1645:        6.000        6.000        6.000        6.000        6.000
  1650:        6.000        6.000        6.000        6.000        6.000
  1655:        6.000        6.000        6.000        6.000        6.000
  1660:        6.000        6.000        6.000        6.000        6.000
  1665:        6.000        6.000        6.000        6.000        6.000
  1670:        6.000        6.000        6.000        6.000        6.000
  1675:        6.000        6.000        6.000        6.000        6.000
  1680:        6.000        6.000        6.000        6.000        6.000
  1685:        6.000        6.000        6.000        6.000        6.000
  1690:        6.000        6.000        6.000        6.000        6.000
  1695:        6.000        6.000        6.000        6.000        6.000
  1700:        6.000        6.000        6.000        6.000        6.000
  1705:        6.000        6.000        6.000        6.000        6.000
  1710:        6.000        6.000        6.000        6.000        6.000
  1715:        6.000        6.000        6.000        6.000        6.000
  1720:        6.000        6.000        6.000        6.000        6.000
  1725:        6.000        6.000        6.000        6.000        6.000
  1730:        6.000        6.000        6.000        6.000        6.000
  1735:        6.000        6.000        6.000        6.000        6.000
  1740:        6.000        6.000        6.000        6.000        6.000
  1745:        6.000        6.000        6.000        6.000        6.000
  1750:        6.000        6.000        6.000        6.000        6.000
  1755:        6.000        6.000        6.000        6.000        6.000
  1760:        6.000        6.000        6.000        6.000        6.000
  1765:        6.000        6.000        6.000        6.000        6.000
  1770:        6.000        6.000        6.000        6.000        6.000
  1775:        6.000        6.000        6.000        6.000        6.000
  1780:        6.000        6.000        6.000        6.000        6.000
  1785:        6.000        6.000        6.000        6.000        6.000
  1790:        6.000        6.000        6.000        6.000        6.000
  1795:        6.000        6.000        6.000        6.000        6.000
  1800:        6.000        6.000        6.000        6.000        6.000
  1805:        6.000        6.000        6.000        6.000        6.000
  1810:        6.000        6.000        6.000        6.000        6.000
  1815:        6.000        6.000        6.000        6.000        6.000
  1820:        6.000        6.000        6.000        6.000        6.000
  1825:        6.000        6.000        6.000        6.000        6.000
  1830:        6.000        6.000        6.000        6.000        6.000
  1835:        6.000        6.000        6.000        6.000        6.000
  1840:        6.000        6.000        6.000        6.000        6.000
  1845:        2.000        4.000       22.000       24.000       13.000
  1850:        8.000        5.000       17.000       18.000       14.000
  1855:       10.000       19.000        6.000        6.000        6.000
  1860:        6.000        6.000        6.000        6.000        6.000
  1865:        6.000        6.000        6.000        6.000        6.000
  1870:        6.000        6.000        6.000        6.000        6.000
  1875:        6.000        6.000        6.000        6.000        6.000
  1880:        6.000        6.000        6.000        6.000        6.000
  1885:        6.000        6.000        6.000        6.000        6.000
  1890:        6.000        6.000        6.000        6.000        6.000
  1895:        6.000        6.000        6.000        6.000        6.000
  1900:        6.000        6.000        6.000        6.000        6.000
  1905:        6.000        6.000        6.000        6.000        6.000
  1910:        6.000        6.000        6.000        6.000        6.000
  1915:        6.000        6.000        6.000        6.000        6.000
  1920:        6.000        6.000        6.000        6.000        6.000
  1925:        6.000        6.000        6.000        6.000        6.000
  1930:        6.000        6.000        6.000        6.000        6.000
  1935:        6.000        6.000        6.000        6.000        6.000
  1940:        6.000        6.000        6.000        6.000        6.000
  1945:        6.000        6.000        6.000        6.000        6.000
  1950:        6.000        6.000        6.000        6.000        6.000
  1955:        6.000        6.000        6.000        6.000        6.000
  1960:        6.000        6.000        6.000        6.000        6.000
  1965:        6.000        6.000        6.000        6.000        6.000
  1970:        6.000        6.000        6.000        6.000        6.000
  1975:        6.000        6.000        6.000        6.000        6.000
  1980:        6.000        6.000        6.000        6.000        6.000
  1985:        6.000        6.000        6.000        6.000      100.000
T:
     0:        0.000        0.000        0.000        0.000        5.560
     5:       18.500       18.750       44.400      114.230      139.140
    10:      155.140      155.230      155.310      155.410      155.920
    15:      156.490      156.620      203.470      216.700      217.350
    20:      217.440      217.530      217.570      217.800      217.900
    25:      218.000      218.060      218.500      218.940      219.090
    30:      219.130      219.320      235.280      238.680      239.910
    35:      240.870      241.110      241.440      241.780      243.670
    40:      243.840      245.500      252.360      277.800      278.240
    45:      278.500      279.350      280.050      296.540      333.030
    50:      349.210      373.180      373.640      373.990      378.860
    55:      401.110      401.290      405.500      406.600      406.690
    60:      443.090      443.870      444.190      455.500      455.790
    65:      457.000      457.060      468.770      493.780      494.560
    70:      494.900      495.300      495.520      495.950      504.070
    75:      571.650      603.370      618.460      618.540      619.380
    80:      628.840      628.980      643.680      649.940      706.470
    85:      706.830      717.580      736.280      736.440      737.960
    90:      773.940      775.840      776.080      796.100      797.040
    95:      799.550      800.730      800.830      800.940      803.060
   100:      803.550      803.620      856.040      856.630      866.470
   105:      903.290      904.260      904.300      904.660      904.680
   110:      934.690      971.700      971.850      973.120     1065.640
   115:     1069.660     1069.710     1070.180     1073.890     1073.930
   120:     1074.360     1074.830     1074.930     1076.040     1076.400
   125:     1091.350     1092.400     1092.890     1093.050     1125.470
   130:     1125.600     1125.730     1125.860     1126.220     1147.120
   135:     1148.340     1148.420     1148.610     1149.380     1149.530
   140:     1151.100     1151.250     1168.050     1168.110     1168.250
   145:     1211.430     1212.520     1225.990     1240.950     1252.510
   150:     1280.330     1280.840     1283.700     1311.660     1330.100
   155:     1332.130     1332.220     1332.410     1346.530     1377.140
   160:     1377.360     1558.560     1558.880     1573.470     1573.620
   165:     1574.530     1575.530     1576.820     1577.860     1578.750
   170:     1579.820     1605.510     1606.880     1608.260     1609.100
   175:     1609.280     1610.240     1611.300     1613.700     1614.550
   180:     1657.820     1661.920     1662.910     1662.980     1663.160
   185:     1679.260     1693.090     1693.900     1694.820     1695.230
   190:     1713.540     1724.300     1869.780     1870.370     1870.890
   195:     1878.500     1883.110     1883.450     1883.820     1891.820
   200:     1891.930     1892.050     1892.070     1906.950     1921.620
   205:     1937.040     1998.610     1998.800     2100.490     2100.510
   210:     2213.220     2214.940     2221.120     2221.780     2230.250
   215:     2231.010     2231.070     2231.140     2334.380     2334.720
   220:     2337.520     2338.650     2352.560     2352.760     2370.310
   225:     2370.400     2370.950     2381.290     2414.260     2421.040
   230:     2451.110     2464.470     2479.140     2479.170     2480.050
   235:     2481.090     2481.150     2481.190     2481.240     2539.650
   240:     2610.960     2612.170     2612.820     2612.880     2613.250
   245:     2613.470     2613.490     2613.870     2645.780     2646.150
   250:     2688.220     2701.890     2702.260     2760.610     2833.300
   255:     2914.540     2922.550     2923.300     2924.720     2970.110
   260:     3003.620     3050.170     3050.890     3052.090     3052.890
   265:     3053.450     3053.640     3053.720     3066.860     3095.630
   270:     3095.950     3101.600     3101.670     3102.290     3103.070
   275:     3150.630     3180.210     3394.990     3401.200     3402.520
   280:     3402.560     3402.820     3443.700     3444.070     3444.110
   285:     3451.280     3451.360     3459.710     3480.060     3484.720
   290:     3484.930     3485.240     3485.250     3512.020     3514.440
   295:     3519.810     3519.910     3519.940     3519.970     3520.260
   300:     3520.950     3521.300     3523.280     3524.100     3524.120
   305:     3524.320     3524.640     3524.720     3525.590     3525.690
   310:     3525.800     3525.840     3526.730     3527.020     3527.220
   315:     3527.340     3533.720     3534.220     3536.180     3536.190
   320:     3536.290     3536.360     3536.440     3536.570     3536.670
   325:     3536.720     3542.880     3551.410     3551.900     3562.040
   330:     3564.260     3566.010     3567.090     3567.140     3567.440
   335:     3568.870     3609.430     3609.450     3638.930     3678.390
   340:     3678.430     3678.680     3678.810     3678.950     3679.050
   345:     3679.090     3679.140     3679.310     3706.040     3707.520
   350:     3707.980     3708.420     3727.130     3838.890     3859.230
   355:     3868.820     3882.650     3904.870     3905.060     3905.620
   360:     4020.310     4020.820     4023.910     4024.260     4024.410
   365:     4026.720     4027.470     4028.020     4047.620     4048.400
   370:     4049.540     4071.280     4071.860     4073.760     4079.040
   375:     4083.560     4083.800     4084.500     4087.620     4087.680
   380:     4087.740     4114.230     4114.230     4114.230     4114.240
   385:     4114.240     4114.240     4114.240     4114.240     4118.240
   390:     4119.240     4119.240     4121.150     4124.230     4132.690
   395:     4146.890     4147.330     4147.340     4155.890     4162.810
   400:     4250.290     4251.000     4251.060     4302.500     4303.080
   405:     4303.500     4326.320     4326.730     4335.140     4335.400
   410:     4336.780     4346.360     4432.460     4447.160     4448.160
   415:     4448.570     4448.960     4450.050     4451.840     4452.360
   420:     4453.800     4455.110     4455.150     4456.430     4456.870
   425:     4456.940     4456.960     4457.020     4457.460     4457.470
   430:     4462.020     4462.180     4488.140     4555.160     4555.680
   435:     4556.330     4556.620     4556.690     4557.090     4561.230
   440:     4656.270     4656.920     4657.000     4657.270     4657.620
   445:     4663.820     4664.070     4664.580     4680.740     4957.730
   450:     4958.230     4958.500     4958.670     4958.890     4959.560
   455:     4959.800     4965.860     4972.210     4973.230     4973.310
   460:     4973.490     4973.700     4973.990     4974.440     4974.510
   465:     4974.610     4974.670     4974.700     4974.980     4983.910
   470:     4985.880     4986.570     4989.510     4991.170     4991.400
   475:     4992.300     4992.390     4992.590     4992.790     4992.890
   480:     4992.930     4993.040     4993.750     4993.790     4994.240
   485:     4994.710     4995.520     4995.620     4995.660     4995.700
   490:     4996.440     4997.180     4997.720     5000.070     5007.570
   495:     5029.000     5029.450     5036.610     5038.150     5038.410
   500:     5038.620     5044.750     5045.880     5046.540     5046.620
   505:     5047.030     5071.960     5072.330     5072.760     5073.060
   510:     5075.090     5075.340     5075.690     5076.390     5077.330
   515:     5077.600     5079.240     5079.510     5080.020     5080.110
   520:     5080.770     5080.800     5080.940     5081.760     5081.820
   525:     5099.760     5099.950     5100.460     5102.970     5103.980
   530:     5115.530     5123.200     5124.380     5125.200     5125.680
   535:     5125.790     5126.600     5127.000     5128.880     5137.850
   540:     5138.570     5139.500     5144.490     5145.110     5145.210
   545:     5145.350     5145.550     5158.430     5159.360     5159.570
   550:     5173.090     5174.730     5175.860     5175.980     5176.130
   555:     5176.330     5177.840     5181.250     5182.670     5183.310
   560:     5183.690     5186.410     5186.910     5189.270     5190.070
   565:     5190.870     5191.280     5191.320     5191.470     5191.510
   570:     5191.690     5193.770     5193.960     5195.680     5197.240
   575:     5199.560     5203.350     5203.520     5203.810     5204.600
   580:     5204.710     5205.290     5208.150     5208.560     5208.700
   585:     5209.050     5209.100     5214.300     5246.580     5247.030
   590:     5248.260     5249.320     5250.220     5250.630     5253.520
   595:     5253.740     5289.260     5290.300     5299.620     5300.580
   600:     5312.330     5312.910     5322.640     5343.250     5343.990
   605:     5344.200     5345.890     5346.240     5382.640     5386.550
   610:     5388.720     5389.000     5389.200     5389.490     5389.540
   615:     5389.650     5398.790     5400.630     5401.530     5403.230
   620:     5404.400     5404.480     5410.520     5412.190     5412.240
   625:     5414.080     5414.090     5415.180     5415.230     5419.950
   630:     5427.620     5428.270     5428.310     5428.360     5436.380
   635:     5440.150     5440.270     5443.180     5443.300     5443.570
   640:     5453.590     5454.040     5458.260     5458.680     5458.830
   645:     5460.210     5460.430     5461.140     5461.540     5463.450
   650:     5463.510     5463.690     5463.870     5463.990     5464.020
   655:     5464.130     5464.330     5464.730     5465.050     5465.500
   660:     5465.730     5466.140     5467.370     5467.460     5469.140
   665:     5469.480     5469.540     5470.780     5470.950     5471.040
   670:     5471.930     5472.010     5472.130     5472.920     5473.280
   675:     5473.740     5473.950     5474.390     5474.450     5474.550
   680:     5474.700     5475.250     5477.840     5477.960     5496.130
   685:     5498.400     5499.030     5503.140     5503.290     5504.870
   690:     5505.330     5505.510     5507.060     5507.650     5508.240
   695:     5508.670     5509.030     5510.530     5511.280     5511.310
   700:     5511.700     5512.990     5527.080     5527.180     5532.720
   705:     5533.240     5549.660     5551.420     5551.440     5554.100
   710:     5564.750     5564.770     5571.690     5571.730     5598.710
   715:     5687.750     5687.830     5687.920     5688.610     5756.030
   720:     5756.250     5756.790     5757.930     5768.890     5797.690
   725:     5809.450     5834.080     5834.600     5834.790     5835.250
   730:     5835.470     5835.640     5835.990     5838.550     6018.970
   735:     6019.620     6027.520     6027.690     6028.570     6070.340
   740:     6071.550     6071.730     6072.800     6078.870     6081.280
   745:     6081.540     6082.230     6084.490     6086.260     6086.500
   750:     6087.490     6087.750     6097.400     6097.690     6097.930
   755:     6098.240     6098.440     6100.870     6101.840     6102.550
   760:     6111.370     6126.960     6146.060     6146.590     6148.700
   765:     6148.740     6148.800     6148.890     6149.590     6149.980
   770:     6150.250     6150.800     6152.630     6152.670     6153.000
   775:     6155.770     6155.950     6156.070     6156.160     6156.410
   780:     6156.880     6157.180     6157.380     6157.700     6157.730
   785:     6158.170     6158.200     6158.610     6159.630     6159.850
   790:     6160.100     6160.200     6160.240     6160.370     6160.500
   795:     6160.800     6161.350     6161.430     6162.200     6164.330
   800:     6166.700     6168.050     6168.570     6188.060     6188.450
   805:     6188.580     6188.870     6190.230     6190.730     6190.750
   810:     6258.500     6295.610     6296.320     6296.690     6317.520
   815:     6317.540     6566.890     6597.250     6598.020     6697.490
   820:     6697.590     6713.610     6769.280     6772.350     6801.530
   825:     6818.570     6829.940     6843.230     6843.840     6843.890
   830:     6844.230     6844.710     6844.950     6845.040     6845.590
   835:     6845.700     6845.990     6846.020     6846.190     6846.260
   840:     6846.530     6846.690     6847.090     6847.250     6848.670
   845:     6848.690     6849.380     6849.530     6849.930     6850.650
   850:     6850.980     6851.050     6852.680     6853.150     6853.490
   855:     6853.550     6873.600     6874.320     6874.400     6875.070
   860:     6875.090     6875.520     6876.090     6884.720     6885.460
   865:     6885.670     6887.830     6888.010     6888.220     6888.230
   870:     6888.330     6889.410     6889.490     6889.520     6889.550
   875:     6890.190     6890.450     6890.500     6890.540     6892.380
   880:     6892.500     6894.470     6894.740     6894.930     6894.990
   885:     6895.020     6895.290     6895.530     6896.000     6896.090
   890:     6896.420     6896.500     6896.910     6897.190     6902.510
   895:     6903.340     6903.600     6905.330     6906.200     6906.240
   900:     6906.500     6909.110     6909.270     6909.420     6909.470
   905:     6910.150     6910.480     6911.430     6911.470     6911.600
   910:     6913.780     6914.220     6914.230     6914.890     6915.030
   915:     6915.810     6917.140     6924.450     6924.560     6924.680
   920:     6934.690     6937.510     6937.900     6938.030     6938.370
   925:     6938.670     6938.900     6939.190     6939.290     6939.580
   930:     6941.790     6941.990     6942.080     6942.300     6942.960
   935:     6943.070     6943.110     6943.570     6943.880     6944.700
   940:     6945.730     6945.820     6945.900     6945.980     6946.050
   945:     6946.080     6947.500     6948.140     7031.960     7078.410
   950:     7079.470     7079.870     7079.980     7080.300     7089.760
   955:     7094.410     7094.790     7094.870     7094.910     7094.950
   960:     7094.970     7095.120     7095.140     7095.180     7095.250
   965:     7114.110     7119.240     7124.650     7125.650     7126.130
   970:     7126.220     7126.730     7126.980     7127.020     7127.460
   975:     7127.810     7128.110     7128.230     7128.760     7128.920
   980:     7129.470     7129.530     7129.540     7130.070     7130.240
   985:     7130.570     7131.270     7132.080     7133.550     7134.460
   990:     7134.720     7135.340     7135.520     7135.580     7136.060
   995:     7136.590     7138.070     7138.300     7138.660     7138.740
  1000:     7139.480     7145.620     7148.820     7149.100     7149.240
  1005:     7149.930     7149.940     7150.380     7150.530     7150.650
  1010:     7150.730     7151.710     7152.750     7153.230     7153.250
  1015:     7153.280     7155.170     7157.030     7157.400     7157.570
  1020:     7158.190     7166.720     7177.520     7181.130     7193.940
  1025:     7194.240     7194.260     7196.120     7199.200     7199.960
  1030:     7201.230     7201.580     7201.610     7201.630     7201.760
  1035:     7201.990     7203.450     7203.790     7203.850     7204.570
  1040:     7205.040     7205.160     7206.110     7206.300     7206.390
  1045:     7206.410     7207.070     7245.590     7245.770     7245.920
  1050:     7246.220     7246.240     7246.380     7247.220     7247.270
  1055:     7247.950     7248.040     7248.470     7285.130     7303.740
  1060:     7304.260     7304.370     7363.170     7377.500     7414.210
  1065:     7434.940     7435.010     7435.820     7436.300     7537.800
  1070:     7539.330     7583.150     7585.730     7586.090     7591.940
  1075:     7605.780     7697.370     7859.870     7860.260     7860.330
  1080:     7861.520     7861.580     7868.590     7894.260     7894.350
  1085:     7896.280     7897.300     7918.120     7929.560     7929.760
  1090:     7967.680     8007.850     8086.050     8086.250     8086.940
  1095:     8087.480     8105.970     8106.340     8107.070     8107.100
  1100:     8107.310     8107.360     8107.420     8107.460     8107.580
  1105:     8107.710     8107.760     8107.870     8119.880     8120.250
  1110:     8133.050     8180.430     8180.640     8193.090     8193.930
  1115:     8217.140     8217.890     8219.250     8219.600     8221.800
  1120:     8222.070     8222.190     8222.240     8222.700     8222.810
  1125:     8222.830     8223.050     8223.130     8223.570     8223.580
  1130:     8223.610     8224.190     8224.340     8225.540     8227.940
  1135:     8228.510     8229.020     8229.090     8229.180     8229.320
  1140:     8229.630     8439.590     8446.880     8446.980     8471.700
  1145:     8505.670     8506.180     8507.050     8507.310     8507.620
  1150:     8507.690     8508.860     8509.070     8509.080     8509.170
  1155:     8509.250     8510.040     8510.120     8510.360     8510.430
  1160:     8510.740     8510.790     8511.070     8511.850     8511.940
  1165:     8512.210     8512.330     8512.610     8512.670     8519.160
  1170:     8570.620     8570.680     8571.190     8571.260     8571.670
  1175:     8571.820     8571.850     8576.120     8576.310     8579.100
  1180:     8579.130     8580.500     8582.080     8582.500     8582.740
  1185:     8597.890     8599.220     8599.470     8599.520     8600.830
  1190:     8601.130     8601.230     8601.260     8601.480     8602.270
  1195:     8605.610     8606.230     8606.410     8606.680     8606.730
  1200:     8606.780     8606.860     8606.910     8607.470     8608.070
  1205:     8608.740     8608.790     8609.200     8609.350     8611.380
  1210:     8611.910     8612.620     8612.990     8613.050     8613.350
  1215:     8614.140     8614.240     8615.040     8615.120     8615.730
  1220:     8616.120     8616.540     8617.650     8617.660     8618.670
  1225:     8618.780     8618.890     8620.040     8620.180     8620.300
  1230:     8620.360     8623.840     8626.520     8627.120     8627.290
  1235:     8627.580     8634.900     8635.760     8643.750     8644.040
  1240:     8649.070     8652.360     8653.190     8653.220     8653.250
  1245:     8653.430     8653.460     8653.720     8653.860     8654.110
  1250:     8654.590     8655.890     8656.260     8656.570     8656.630
  1255:     8656.750     8658.170     8658.330     8658.370     8658.850
  1260:     8659.220     8661.980     8662.250     8662.290     8663.390
  1265:     8663.410     8663.620     8663.880     8664.730     8664.870
  1270:     8665.630     8666.560     8666.600     8666.610     8666.780
  1275:     8666.860     8667.040     8668.550     8671.670     8672.940
  1280:     8677.470     8679.970     8683.640     8684.610     8684.650
  1285:     8684.730     8685.020     8685.560     8686.290     8687.470
  1290:     8688.540     8688.910     8688.940     8688.980     8689.040
  1295:     8689.090     8689.870     8689.980     8693.420     8693.480
  1300:     8694.440     8694.830     8695.440     8695.550     8696.100
  1305:     8696.750     8703.850     8704.900     8705.890     8706.030
  1310:     8710.190     8710.850     8711.940     8712.010     8712.030
  1315:     8712.230     8714.160     8714.370     8714.510     8714.550
  1320:     8714.710     8714.880     8716.670     8716.760     8717.100
  1325:     8718.990     8719.300     8719.460     8719.960     8720.040
  1330:     8720.460     8720.550     8721.740     8722.550     8723.190
  1335:     8723.450     8723.900     8723.950     8724.270     8724.680
  1340:     8724.710     8724.850     8725.450     8725.590     8725.640
  1345:     8726.380     8726.720     8727.160     8727.290     8727.330
  1350:     8727.390     8729.300     8729.330     8734.060     8734.480
  1355:     8734.500     8734.890     8735.140     8735.180     8735.280
  1360:     8735.330     8735.370     8735.960     8736.300     8736.500
  1365:     8736.520     8736.580     8737.200     8737.270     8737.350
  1370:     8738.630     8739.110     8740.600     8741.170     8741.230
  1375:     8761.850     8847.970     8849.800     8850.210     8850.750
  1380:     8871.090     8871.520     8871.570     8871.800     8871.970
  1385:     8875.210     8876.840     8876.980     8877.370     8881.600
  1390:     8889.030     8889.140     8890.190     8890.280     8890.320
  1395:     8890.840     8890.970     8891.000     8891.570     8891.860
  1400:     8892.120     8895.050     8895.430     8895.470     8895.520
  1405:     8895.850     8895.900     8897.960     8898.300     8898.400
  1410:     8898.830     8900.140     8900.160     8900.260     8900.770
  1415:     8901.070     8902.840     8902.910     8902.990     8903.000
  1420:     8903.040     8903.050     8905.020     8907.440     8907.630
  1425:     8908.420     8909.340     8909.430     8910.320     8910.500
  1430:     8910.880     8911.030     8911.050     8911.700     8912.820
  1435:     8912.880     8913.910     8914.280     8915.580     8923.890
  1440:     8923.960     8927.850     8928.640     8929.510     8947.730
  1445:     8948.140     8948.160     8948.590     8949.290     8950.780
  1450:     8951.070     8951.560     8952.700     8952.980     8952.990
  1455:     8953.070     8953.120     8953.150     8956.040     8956.160
  1460:     8956.240     8956.310     8956.320     8971.100     8971.320
  1465:     8971.380     8972.340     8973.170     8973.720     8974.760
  1470:     8974.980     8975.030     8975.070     8975.130     8975.140
  1475:     8975.220     8975.300     8975.380     8977.240     8977.580
  1480:     8977.640     8978.100     8978.140     8978.330     8978.810
  1485:     8985.410     8985.470     8985.520     8985.550     8986.020
  1490:     8986.120     8986.370     8986.450     8986.690     8987.330
  1495:     8987.860     8990.220     8990.490     8990.580     8994.210
  1500:     8994.220     8997.230     8997.720     8998.500     8999.590
  1505:     8999.630     9000.300     9000.660     9002.020     9003.320
  1510:     9003.460     9003.890     9004.420     9004.650     9004.690
  1515:     9051.150     9057.320     9058.590     9059.820     9060.660
  1520:     9060.970     9061.010     9061.650     9061.840     9062.170
  1525:     9063.500     9063.650     9105.390     9105.830     9110.690
  1530:     9111.080     9111.110     9111.580     9111.650     9112.240
  1535:     9112.280     9112.290     9113.180     9113.310     9113.360
  1540:     9125.530     9128.560     9128.920     9128.970     9129.040
  1545:     9129.110     9133.480     9134.020     9139.100     9139.290
  1550:     9139.500     9139.530     9139.570     9139.680     9142.040
  1555:     9142.320     9142.330     9142.380     9148.200     9151.990
  1560:     9152.030     9152.070     9153.440     9153.540     9154.820
  1565:     9154.960     9155.010     9156.860     9158.530     9163.970
  1570:     9164.490     9165.120     9165.500     9174.000     9174.040
  1575:     9174.100     9174.230     9187.570     9187.740     9191.390
  1580:     9236.380     9237.870     9237.970     9238.120     9238.180
  1585:     9241.660     9245.510     9246.030     9246.490     9248.410
  1590:     9248.890     9250.950     9251.160     9254.600     9254.970
  1595:     9255.000     9267.240     9268.290     9268.380     9268.510
  1600:     9301.180     9306.630     9306.890     9307.120     9341.170
  1605:     9341.200     9341.270     9341.420     9341.600     9341.670
  1610:     9341.800     9341.950     9344.510     9345.080     9345.400
  1615:     9345.430     9346.420     9346.480     9347.470     9347.610
  1620:     9347.800     9348.250     9349.370     9350.030     9350.250
  1625:     9350.420     9350.850     9354.260     9354.580     9356.620
  1630:     9357.080     9357.130     9357.700     9358.060     9358.160
  1635:     9358.360     9358.900     9359.590     9359.840     9361.520
  1640:     9362.920     9365.960     9366.500     9366.630     9367.610
  1645:     9367.990     9368.580     9368.740     9368.760     9369.760
  1650:     9369.840     9370.110     9370.230     9370.300     9370.380
  1655:     9370.780     9371.240     9371.330     9373.120     9373.670
  1660:     9374.770     9376.270     9377.360     9378.450     9379.230
  1665:     9380.640     9380.920     9380.950     9388.150     9388.850
  1670:     9389.530     9389.910     9389.930     9396.570     9397.580
  1675:     9397.950     9398.040     9398.860     9399.030     9399.670
  1680:     9399.890     9399.900     9400.200     9400.220     9400.580
  1685:     9402.040     9410.460     9410.640     9410.970     9411.180
  1690:     9411.380     9411.450     9411.500     9411.620     9411.690
  1695:     9411.740     9412.320     9412.500     9413.160     9415.610
  1700:     9417.080     9417.530     9417.950     9418.660     9419.060
  1705:     9419.140     9419.730     9420.510     9422.020     9422.120
  1710:     9422.180     9424.500     9424.560     9426.780     9428.620
  1715:     9428.720     9428.840     9429.730     9455.110     9455.410
  1720:     9455.600     9455.950     9457.970     9458.120     9458.200
  1725:     9458.640     9458.670     9458.690     9458.780     9461.690
  1730:     9462.280     9462.480     9463.070     9463.590     9465.860
  1735:     9466.380     9466.550     9466.620     9466.670     9468.260
  1740:     9468.280     9468.360     9468.800     9468.960     9469.050
  1745:     9469.690     9469.720     9469.870     9469.960     9470.010
  1750:     9470.960     9471.480     9471.730     9480.390     9486.240
  1755:     9495.450     9499.480     9511.580     9552.640     9557.750
  1760:     9558.280     9558.430     9582.570     9603.850     9603.960
  1765:     9608.990     9661.190     9661.300     9661.450     9661.470
  1770:     9662.250     9662.310     9663.160     9685.540     9687.410
  1775:     9687.430     9687.460     9687.530     9689.060     9694.240
  1780:     9707.370     9709.350     9709.420     9712.250     9713.550
  1785:     9713.780     9714.200     9831.950     9837.150     9853.080
  1790:     9863.000     9891.680     9893.850     9894.780     9895.840
  1795:     9896.040    10076.650    10096.390    10128.950    10128.960
  1800:    10160.000    10166.020    10166.080    10166.130    10166.180
  1805:    10175.460    10180.730    10223.910    10223.920    10223.980
  1810:    10225.880    10243.280    10276.540    10276.800    10276.850
  1815:    10276.950    10276.990    10277.100    10277.110    10277.590
  1820:    10277.600    10278.060    10278.100    10278.950    10279.530
  1825:    10280.100    10280.910    10280.980    10281.070    10282.480
  1830:    10284.800    10284.910    10285.070    10285.590    10285.950
  1835:    10285.990    10330.530    10344.490    10378.150    10378.250
  1840:    10378.280    10378.330    10384.980    10389.250    10389.540
  1845:    10399.810    10399.810    10399.810    10399.820    10399.820
  1850:    10399.820    10399.820    10399.820    10403.820    10404.820
  1855:    10404.820    10409.810    10411.250    10411.320    10415.680
  1860:    10421.400    10421.420    10421.500    10421.550    10421.600
  1865:    10421.790    10421.830    10422.150    10424.910    10425.420
  1870:    10425.580    10425.770    10425.800    10425.880    10425.900
  1875:    10425.990    10426.020    10426.080    10426.130    10426.150
  1880:    10426.220    10426.230    10426.700    10426.750    10427.370
  1885:    10427.460    10427.470    10428.190    10428.600    10428.660
  1890:    10430.590    10431.400    10432.750    10434.030    10437.210
  1895:    10437.530    10437.940    10438.150    10438.640    10440.630
  1900:    10440.850    10442.320    10442.570    10445.110    10446.690
  1905:    10448.600    10448.640    10448.750    10449.160    10449.260
  1910:    10449.320    10450.900    10451.090    10451.500    10452.660
  1915:    10465.540    10466.590    10466.850    10467.300    10467.640
  1920:    10467.940    10467.960    10468.000    10468.080    10468.110
  1925:    10483.280    10483.570    10485.400    10488.430    10488.640
  1930:    10489.990    10491.300    10492.740    10494.260    10494.300
  1935:    10494.600    10494.630    10495.570    10498.620    10498.910
  1940:    10498.930    10500.580    10500.640    10500.790    10500.970
  1945:    10501.060    10501.670    10501.800    10502.480    10503.130
  1950:    10505.170    10505.970    10506.160    10506.450    10510.040
  1955:    10510.510    10510.860    10513.450    10514.020    10514.030
  1960:    10514.400    10514.530    10514.550    10514.780    10516.510
  1965:    10516.610    10519.920    10520.130    10520.450    10520.570
  1970:    10522.290    10524.290    10524.480    10569.370    10569.450
  1975:    10569.880    10577.910    10578.350    10588.440    10589.000
  1980:    10589.700    10593.980    10597.730    10604.280    10604.300
  1985:    10612.670    10738.860    10740.070    10761.820    10800.010
