File: C:\MED-PC IV\DATA\!2025-09-09_16h04m.Subject T23



Start Date: 09/09/25
End Date: 09/09/25
Subject: T23
Experiment: OralFentSA
Group: One
Box: 5
Start Time: 16:04:11
End Time: 19:04:15
MSN: Golden_Liq_SelfAdmin_EXT_LIT
F:       0.000
G:    1273.000
H:   10800.010
I:       0.000
J:       0.000
K:       0.000
L:       0.000
M:       0.000
N:       0.000
O:       0.000
P:       0.000
Q:       0.000
R:       0.000
S:       0.000
U:       0.000
V:       0.000
W:       0.000
X:       0.000
Y:       0.000
Z:       0.000
A:
     0:        0.000        0.000      180.000        4.000        0.000
     5:        5.000        0.000        5.000        0.000        0.000
    10:        1.000        0.000       10.000 30000000.000       20.000
    15:       17.000      640.000        0.000        0.000        0.000
    20:        0.000
B:
     0:        0.000        0.000        0.000        0.000        0.000
     5:        0.000        0.000        0.000        0.000        0.000
    10:        0.000        0.000     1000.000 3000000000.0        0.000
    15:        0.000        0.000        0.000        0.000        0.000
    20:        0.000
C:
     0:        0.000        3.000        0.000        2.000     1205.000
     5:     9681.810        2.830        2.000       10.730        5.365
    10:        2.000       54.000        0.000        0.000        0.000
    15:        0.000        0.000        0.000        0.000        0.000
    20:        0.000
D:
     0:        7.900        2.830
E:
     0:       19.000       11.000       26.000       27.000        6.000
     5:        6.000        6.000        6.000        6.000        6.000
    10:        6.000        6.000        6.000        6.000       23.000
    15:        6.000        6.000        6.000        6.000        6.000
    20:        6.000        6.000        6.000        6.000        6.000
    25:        6.000       23.000       23.000       23.000       23.000
    30:        6.000        6.000        6.000        6.000        6.000
    35:        6.000        6.000        6.000        6.000        6.000
    40:        6.000        6.000        6.000        6.000        6.000
    45:        6.000        6.000       23.000       23.000        6.000
    50:        6.000        6.000        6.000        6.000        6.000
    55:        6.000        6.000        6.000        6.000        6.000
    60:        6.000        6.000        6.000        6.000        6.000
    65:        6.000        6.000        6.000        6.000        6.000
    70:        6.000        6.000        6.000        6.000        6.000
    75:        6.000        6.000        6.000        6.000        6.000
    80:        6.000        6.000        6.000        6.000        6.000
    85:       23.000       23.000        6.000        6.000        6.000
    90:       23.000       23.000        6.000        6.000        6.000
    95:        6.000        6.000        6.000        6.000        6.000
   100:        6.000        6.000        6.000        6.000        6.000
   105:        6.000        6.000        6.000        6.000        6.000
   110:        6.000        6.000        6.000        6.000        6.000
   115:        6.000        6.000        6.000        6.000        6.000
   120:        6.000        6.000        6.000        6.000        6.000
   125:        6.000        6.000        6.000        6.000        6.000
   130:        6.000       23.000        6.000        6.000        6.000
   135:        6.000        6.000        6.000        6.000        6.000
   140:        6.000        6.000        6.000        6.000        6.000
   145:        6.000        6.000        6.000        6.000        6.000
   150:        6.000        6.000        6.000        6.000        6.000
   155:        6.000        6.000        6.000        6.000        6.000
   160:        6.000        6.000        6.000        6.000        6.000
   165:        6.000        6.000        6.000        6.000        6.000
   170:        6.000        6.000        6.000        6.000        6.000
   175:        6.000       23.000        6.000        6.000        6.000
   180:        6.000        6.000        6.000        6.000        6.000
   185:        6.000        6.000        6.000        6.000        6.000
   190:        6.000        6.000        6.000        6.000        6.000
   195:        6.000        6.000        6.000        6.000        6.000
   200:        6.000        6.000        6.000        6.000        6.000
   205:        6.000        6.000        6.000        6.000        6.000
   210:        6.000        6.000        6.000        6.000        6.000
   215:        6.000        6.000        6.000        6.000        6.000
   220:        6.000        6.000        6.000        6.000        6.000
   225:        6.000        6.000        6.000        6.000        6.000
   230:        6.000        6.000        6.000        6.000        6.000
   235:        6.000        6.000        6.000        6.000        6.000
   240:        6.000        6.000        6.000        6.000        6.000
   245:        6.000        6.000        6.000        6.000        6.000
   250:        6.000        6.000        6.000        6.000        6.000
   255:        6.000        6.000        6.000        6.000        6.000
   260:        6.000        6.000        6.000        6.000        6.000
   265:        6.000        6.000        6.000        6.000        6.000
   270:        6.000        6.000        6.000        6.000        6.000
   275:        6.000        6.000        6.000        6.000        6.000
   280:        6.000        6.000        6.000        6.000        6.000
   285:        6.000        6.000        6.000        6.000        6.000
   290:        6.000        6.000        6.000        6.000        6.000
   295:        6.000        6.000        6.000        6.000        6.000
   300:        6.000        6.000        6.000        6.000        6.000
   305:        6.000        6.000        6.000        6.000        6.000
   310:        6.000        6.000        6.000        6.000        6.000
   315:        6.000        6.000        6.000        6.000        6.000
   320:        6.000        6.000        6.000        6.000        6.000
   325:       23.000        6.000        6.000        6.000        6.000
   330:        6.000        6.000        6.000        6.000        6.000
   335:        6.000        6.000        6.000        6.000        6.000
   340:        6.000        6.000        6.000        6.000        6.000
   345:        6.000        6.000        6.000        6.000        6.000
   350:        6.000        6.000        6.000        6.000        6.000
   355:        6.000        6.000        6.000        6.000        6.000
   360:        6.000        6.000        6.000        6.000        6.000
   365:        6.000        6.000        6.000        6.000        6.000
   370:        6.000        6.000        6.000        6.000        6.000
   375:        6.000        6.000        6.000        6.000        6.000
   380:        6.000        6.000        6.000        6.000        6.000
   385:        6.000        6.000       23.000        6.000        6.000
   390:        6.000        6.000        6.000       23.000        6.000
   395:        6.000        6.000        6.000        6.000        6.000
   400:        6.000        6.000        6.000        6.000        6.000
   405:        6.000        6.000        6.000        6.000        6.000
   410:        6.000        6.000        6.000        6.000        6.000
   415:        6.000        6.000        6.000       23.000        6.000
   420:        6.000        6.000        6.000        6.000        6.000
   425:        6.000        6.000        6.000        6.000        6.000
   430:        6.000        6.000        6.000        6.000        6.000
   435:        6.000        6.000        6.000        6.000        6.000
   440:        6.000        6.000        6.000        6.000        6.000
   445:        6.000        6.000        6.000        6.000        6.000
   450:        6.000        6.000        6.000        6.000        6.000
   455:        6.000        6.000        6.000        6.000        6.000
   460:        6.000        6.000        6.000        6.000        6.000
   465:        6.000        6.000        6.000        6.000        6.000
   470:        6.000        6.000        6.000        6.000        6.000
   475:        6.000        6.000        6.000        6.000        6.000
   480:        6.000        6.000        6.000        6.000        6.000
   485:        6.000        6.000        6.000        6.000        6.000
   490:        6.000        6.000        6.000        6.000        6.000
   495:        6.000        6.000        6.000        6.000        6.000
   500:        6.000       23.000        6.000        6.000        6.000
   505:        6.000        6.000        6.000        6.000        6.000
   510:        6.000        6.000        6.000        6.000        6.000
   515:        6.000        6.000        6.000        6.000        6.000
   520:        6.000        6.000        6.000        6.000        6.000
   525:        6.000        6.000        6.000        6.000        6.000
   530:        6.000        6.000        6.000        6.000        6.000
   535:        6.000        6.000        6.000        6.000        6.000
   540:        6.000        6.000        6.000        6.000        6.000
   545:        6.000        6.000        6.000        2.000        4.000
   550:       22.000       24.000        6.000        6.000       19.000
   555:        6.000        6.000        6.000        6.000        6.000
   560:        6.000        6.000        6.000        6.000        6.000
   565:        6.000        6.000        6.000        6.000        6.000
   570:        6.000        6.000        6.000        6.000        6.000
   575:        6.000        6.000        6.000        6.000        6.000
   580:        6.000       23.000       23.000       23.000       23.000
   585:       23.000       23.000        6.000        6.000        6.000
   590:        6.000        6.000        6.000        6.000        6.000
   595:        6.000        6.000        6.000        6.000        6.000
   600:        6.000        6.000        6.000        6.000        6.000
   605:        6.000        6.000        6.000        6.000        6.000
   610:        6.000        6.000        6.000        6.000        6.000
   615:        6.000        6.000        6.000        6.000        6.000
   620:        6.000        6.000        6.000        6.000        6.000
   625:        6.000        6.000        6.000        6.000        6.000
   630:        6.000        6.000        6.000        6.000       23.000
   635:       23.000       23.000        6.000        6.000        6.000
   640:        6.000        6.000        6.000        6.000        6.000
   645:        6.000        6.000        6.000        6.000        6.000
   650:        6.000        6.000        6.000        6.000        6.000
   655:        6.000        6.000        6.000        6.000        6.000
   660:        6.000        6.000        6.000        6.000        6.000
   665:        6.000        6.000        6.000        6.000        6.000
   670:        6.000        6.000        6.000        6.000        6.000
   675:        6.000        6.000        6.000        6.000        6.000
   680:        6.000        6.000        6.000        6.000        6.000
   685:        6.000        6.000        6.000        6.000        6.000
   690:        6.000        6.000        6.000        6.000        6.000
   695:       23.000        6.000        6.000        6.000        6.000
   700:        6.000        6.000        6.000        6.000        6.000
   705:        6.000        6.000        6.000        6.000        6.000
   710:        6.000        6.000        6.000        6.000        6.000
   715:        6.000        6.000        6.000        6.000        6.000
   720:        6.000        6.000        6.000        6.000        6.000
   725:        6.000        6.000        6.000        6.000        6.000
   730:        6.000        6.000        6.000        6.000        6.000
   735:        6.000        6.000        6.000        6.000        6.000
   740:        6.000        6.000        6.000        6.000        6.000
   745:        6.000        6.000        6.000        6.000        6.000
   750:        6.000        6.000        6.000        6.000        6.000
   755:        6.000        6.000        6.000        6.000        6.000
   760:        6.000        6.000        6.000        6.000        6.000
   765:        6.000        6.000        6.000        6.000        6.000
   770:        6.000        6.000        6.000        6.000        6.000
   775:        6.000        6.000        6.000        6.000        6.000
   780:        6.000        6.000        6.000        6.000        6.000
   785:        6.000        6.000        6.000        6.000        6.000
   790:        6.000        6.000        6.000        6.000        6.000
   795:        6.000        6.000        6.000        6.000        6.000
   800:        6.000        6.000        6.000        6.000        6.000
   805:        6.000        6.000        6.000        6.000        6.000
   810:        6.000        6.000        6.000        6.000        6.000
   815:        6.000        6.000        6.000        6.000        6.000
   820:        6.000        6.000        6.000        6.000        6.000
   825:        6.000        6.000        6.000        6.000        6.000
   830:        6.000        6.000        6.000        6.000        6.000
   835:        6.000        6.000        6.000        6.000        6.000
   840:        6.000        6.000        6.000        6.000        6.000
   845:        6.000        6.000        6.000        6.000        6.000
   850:        6.000        6.000        6.000        6.000        6.000
   855:        6.000        6.000        6.000        6.000        6.000
   860:        6.000        6.000        6.000        6.000        6.000
   865:        6.000        6.000        6.000        6.000        6.000
   870:        6.000        6.000        6.000        6.000        6.000
   875:        6.000        6.000        6.000        6.000        6.000
   880:        6.000        6.000        6.000        6.000        6.000
   885:        6.000        6.000        6.000        6.000        6.000
   890:        6.000        6.000        6.000        6.000        6.000
   895:        6.000        6.000        6.000        6.000        6.000
   900:        6.000        6.000        6.000        6.000        6.000
   905:        6.000        6.000        6.000        6.000        6.000
   910:        6.000        6.000        6.000        6.000        6.000
   915:        6.000        6.000        6.000        6.000        6.000
   920:        6.000        6.000        6.000        6.000        6.000
   925:        6.000        6.000        6.000        6.000        6.000
   930:        6.000        6.000        6.000        6.000        6.000
   935:        6.000        6.000        6.000        6.000        6.000
   940:        6.000        6.000        6.000        6.000        6.000
   945:        6.000        6.000        6.000        6.000        6.000
   950:        6.000        6.000        6.000        6.000        6.000
   955:        6.000        6.000        6.000        6.000        6.000
   960:        6.000        6.000        6.000        6.000        6.000
   965:        6.000        6.000        6.000        6.000        6.000
   970:        6.000        6.000        6.000        6.000        6.000
   975:        6.000        6.000        6.000        6.000        6.000
   980:        6.000        6.000        6.000        6.000        6.000
   985:        6.000        6.000        6.000        6.000        6.000
   990:        6.000        6.000        6.000        6.000        6.000
   995:        6.000        6.000        6.000        6.000        6.000
  1000:        6.000        6.000        6.000        6.000        6.000
  1005:        6.000        6.000        6.000        6.000        6.000
  1010:        6.000        6.000        6.000        6.000        6.000
  1015:        6.000        6.000        6.000        6.000        6.000
  1020:        6.000        6.000        6.000        6.000        6.000
  1025:        6.000        6.000        6.000        6.000        6.000
  1030:        6.000        6.000       23.000       23.000       23.000
  1035:       23.000       23.000        6.000        6.000        6.000
  1040:        6.000        6.000        6.000        6.000        6.000
  1045:        6.000        6.000        6.000        6.000        6.000
  1050:        6.000        6.000        6.000        6.000        6.000
  1055:        6.000        6.000        6.000        6.000        6.000
  1060:        6.000        6.000        6.000        6.000        6.000
  1065:       23.000       23.000        6.000        6.000        6.000
  1070:        6.000        6.000        6.000       23.000       23.000
  1075:       23.000        6.000        6.000        6.000        6.000
  1080:        6.000        6.000        6.000        6.000        6.000
  1085:        6.000        6.000        6.000        6.000        6.000
  1090:        6.000        6.000        6.000        6.000        6.000
  1095:        6.000        6.000        6.000        6.000        6.000
  1100:        6.000        6.000        6.000        6.000        6.000
  1105:        6.000        6.000        6.000        6.000        6.000
  1110:        6.000        6.000        6.000        6.000        6.000
  1115:        6.000        6.000        6.000        6.000        6.000
  1120:        6.000        6.000        6.000        6.000        6.000
  1125:        6.000        6.000        6.000        6.000        6.000
  1130:        6.000        6.000       23.000       23.000        6.000
  1135:        6.000        6.000        6.000        6.000        6.000
  1140:        6.000        6.000        6.000        6.000        6.000
  1145:        6.000        6.000        6.000        6.000        6.000
  1150:        6.000        6.000        6.000        6.000        6.000
  1155:        6.000       23.000        6.000        6.000        6.000
  1160:        6.000        6.000        2.000        4.000       22.000
  1165:       24.000        6.000        6.000       19.000       23.000
  1170:        6.000        6.000        6.000        6.000        6.000
  1175:        6.000        6.000        6.000        6.000        6.000
  1180:        6.000        6.000        6.000        6.000        6.000
  1185:        6.000        6.000        6.000        6.000        6.000
  1190:        6.000        6.000        6.000        6.000        6.000
  1195:        6.000        6.000        6.000        6.000        6.000
  1200:        6.000        6.000        6.000        6.000        6.000
  1205:        6.000        6.000        6.000        6.000        6.000
  1210:        6.000        6.000        6.000        6.000        6.000
  1215:        6.000        6.000        6.000        6.000        6.000
  1220:        6.000        6.000        6.000        6.000       23.000
  1225:        6.000        6.000        6.000        6.000        6.000
  1230:        6.000        6.000        6.000        6.000        6.000
  1235:       23.000        6.000        6.000        6.000        6.000
  1240:        6.000        6.000       23.000       23.000       23.000
  1245:       23.000       23.000        6.000        6.000        6.000
  1250:        6.000        6.000       23.000       23.000       23.000
  1255:       23.000        6.000        6.000        6.000        6.000
  1260:        6.000        6.000        6.000        6.000        6.000
  1265:        6.000        6.000        6.000        6.000        6.000
  1270:        6.000       23.000        6.000      100.000
T:
     0:        0.000        0.000        0.000        0.000       13.990
     5:       26.930       48.400       48.460       48.670       82.720
    10:       85.560       89.640       91.910       92.170      144.290
    15:      181.050      181.450      184.000      184.110      184.380
    20:      184.450      184.610      225.090      278.850      279.010
    25:      279.110      295.020      295.910      296.530      297.260
    30:      333.690      334.640      342.210      355.040      355.070
    35:      358.000      359.160      419.750      420.380      420.410
    40:      424.990      427.850      427.920      427.950      444.510
    45:      444.530      445.170      450.750      452.210      458.590
    50:      458.670      460.810      491.140      491.280      491.410
    55:      491.610      496.660      496.740      496.980      499.620
    60:      500.930      505.530      524.620      526.200      546.270
    65:      576.960      584.440      584.470      584.530      584.840
    70:      585.030      585.100      587.730      590.590      725.680
    75:      726.530      726.800      726.810      726.950      727.810
    80:      727.970      728.240      741.110      741.270      744.250
    85:      754.000      772.810      803.240      897.780      898.940
    90:      983.120      983.230      995.920      997.160      997.510
    95:     1000.250     1000.750     1000.770     1000.950     1011.320
   100:     1011.390     1013.440     1013.570     1013.950     1016.230
   105:     1016.410     1016.710     1016.840     1017.020     1018.390
   110:     1019.800     1019.880     1019.960     1020.030     1075.930
   115:     1119.970     1120.280     1121.720     1139.020     1139.080
   120:     1142.430     1149.780     1150.400     1150.460     1150.550
   125:     1151.940     1152.660     1152.830     1153.080     1155.780
   130:     1155.880     1333.040     1338.690     1339.840     1340.350
   135:     1341.470     1350.310     1350.410     1350.710     1350.780
   140:     1350.980     1351.200     1355.780     1356.230     1357.050
   145:     1358.460     1358.490     1359.440     1359.560     1360.290
   150:     1365.660     1368.670     1368.680     1368.920     1373.460
   155:     1373.510     1373.520     1374.610     1374.690     1376.950
   160:     1377.230     1377.980     1378.060     1378.270     1379.010
   165:     1380.430     1380.550     1382.070     1382.290     1382.760
   170:     1384.620     1384.750     1384.880     1385.160     1385.250
   175:     1387.030     1483.160     1489.960     1494.940     1518.950
   180:     1519.020     1519.110     1579.480     1580.010     1582.530
   185:     1582.720     1583.530     1588.460     1588.490     1589.950
   190:     1590.050     1590.670     1590.830     1590.890     1592.640
   195:     1593.700     1593.780     1594.520     1595.810     1596.270
   200:     1597.050     1597.600     1598.200     1598.770     1598.790
   205:     1599.540     1599.580     1599.720     1601.730     1601.940
   210:     1602.250     1602.400     1602.540     1602.640     1602.660
   215:     1602.780     1603.150     1603.690     1604.490     1604.580
   220:     1604.780     1604.880     1605.630     1606.610     1606.660
   225:     1606.770     1606.900     1607.100     1607.160     1607.320
   230:     1607.390     1607.470     1608.050     1609.640     1610.720
   235:     1611.010     1611.080     1611.220     1611.360     1611.870
   240:     1611.970     1612.060     1612.100     1613.350     1616.550
   245:     1618.200     1618.980     1619.090     1619.240     1619.340
   250:     1620.010     1620.100     1621.400     1621.520     1622.550
   255:     1622.580     1622.700     1623.180     1623.200     1624.080
   260:     1624.550     1625.000     1625.080     1625.090     1626.400
   265:     1626.610     1626.670     1626.750     1626.860     1626.970
   270:     1627.100     1627.480     1627.510     1627.610     1627.990
   275:     1628.410     1628.430     1628.730     1628.760     1628.820
   280:     1629.080     1629.170     1629.520     1629.640     1629.770
   285:     1630.960     1631.510     1631.540     1631.610     1631.630
   290:     1631.680     1631.690     1631.720     1631.800     1631.810
   295:     1633.150     1633.280     1634.250     1634.620     1635.400
   300:     1635.460     1635.530     1637.480     1637.560     1637.890
   305:     1638.070     1638.110     1638.190     1638.590     1638.750
   310:     1640.410     1640.500     1640.640     1641.000     1641.150
   315:     1641.170     1641.220     1641.410     1642.710     1643.710
   320:     1644.130     1644.550     1644.580     1644.910     1645.640
   325:     1668.440     1683.200     1684.350     1684.550     1685.350
   330:     1685.630     1685.830     1685.890     1685.980     1686.040
   335:     1686.070     1686.140     1686.200     1686.250     1686.320
   340:     1686.930     1687.040     1687.170     1687.200     1687.340
   345:     1687.420     1687.560     1687.740     1687.950     1688.020
   350:     1688.480     1688.620     1688.720     1688.840     1689.790
   355:     1691.100     1691.450     1691.480     1691.490     1692.010
   360:     1692.220     1692.370     1692.430     1692.440     1692.510
   365:     1693.670     1693.970     1694.020     1694.110     1694.250
   370:     1695.600     1696.020     1696.110     1696.430     1696.500
   375:     1696.960     1697.730     1697.870     1698.130     1698.150
   380:     1698.260     1698.370     1698.460     1698.560     1698.640
   385:     1821.100     1823.710     1860.860     1868.370     1870.130
   390:     1870.550     1870.690     1870.710     1892.580     1914.510
   395:     1917.260     1917.460     1917.720     1917.740     1917.830
   400:     1918.150     1945.800     1945.850     1945.900     1945.950
   405:     1945.990     1946.050     1946.080     1985.190     1985.320
   410:     1985.590     1985.940     1986.850     1987.250     1987.460
   415:     1993.290     2082.190     2197.700     2202.210     2211.310
   420:     2242.260     2242.420     2242.580     2243.480     2243.510
   425:     2243.580     2243.650     2243.860     2244.620     2245.310
   430:     2245.450     2245.660     2246.660     2246.870     2247.160
   435:     2247.220     2247.270     2247.310     2247.490     2247.580
   440:     2247.650     2248.180     2252.150     2252.210     2252.250
   445:     2252.520     2252.690     2253.100     2254.340     2254.740
   450:     2254.840     2255.100     2255.190     2255.340     2255.980
   455:     2256.180     2256.400     2256.460     2256.630     2256.980
   460:     2259.950     2260.460     2260.550     2261.150     2263.750
   465:     2264.330     2264.450     2264.520     2264.550     2264.670
   470:     2266.670     2266.820     2266.950     2267.110     2267.210
   475:     2267.330     2267.500     2267.560     2267.650     2270.380
   480:     2270.410     2270.760     2270.820     2271.090     2271.110
   485:     2271.460     2279.210     2279.310     2283.260     2283.290
   490:     2289.360     2296.130     2296.420     2296.440     2296.510
   495:     2298.050     2298.160     2298.420     2510.370     2545.370
   500:     2547.640     2568.940     2598.650     2598.940     2622.640
   505:     2622.650     2622.740     2628.890     2629.620     2629.890
   510:     2629.990     2630.040     2630.110     2630.400     2631.180
   515:     2631.640     2631.870     2631.940     2632.120     2632.200
   520:     2633.380     2634.300     2634.810     2635.160     2635.220
   525:     2635.360     2635.480     2637.110     2637.260     2638.070
   530:     2638.420     2639.030     2639.710     2640.030     2640.100
   535:     2640.420     2640.460     2640.540     2640.710     2640.770
   540:     2641.240     2641.330     2642.740     2643.090     2643.120
   545:     2643.150     2643.310     2643.370     2667.230     2667.230
   550:     2667.230     2667.240     2675.140     2676.450     2677.230
   555:     2678.150     2678.740     2679.430     2679.730     2680.580
   560:     2681.710     2682.710     2682.880     2683.060     2683.130
   565:     2683.160     2684.320     2684.470     2684.660     2684.690
   570:     2685.020     2709.590     2720.370     2720.410     2720.990
   575:     2800.750     2804.250     2804.330     2804.410     2805.570
   580:     2805.620     2861.870     2862.950     2870.720     2870.910
   585:     2872.970     2875.230     2926.360     2926.730     2927.150
   590:     2927.690     2927.830     2927.970     2931.660     2932.000
   595:     2932.050     2932.410     2932.660     2932.920     2933.050
   600:     2933.240     2933.280     2933.310     2934.540     2934.680
   605:     2934.780     2935.250     2935.710     2935.830     2935.870
   610:     2936.530     2936.550     2936.630     2936.730     2937.460
   615:     2937.500     2938.980     2939.250     2939.350     2939.400
   620:     2940.940     2940.960     2941.130     2941.370     2941.510
   625:     2943.010     2943.150     2944.330     2944.370     2944.390
   630:     2944.760     2945.310     2945.410     2945.580     2950.690
   635:     3018.230     3075.920     3080.180     3105.780     3105.860
   640:     3108.550     3108.910     3111.040     3113.920     3114.030
   645:     3118.580     3122.190     3122.450     3122.540     3122.620
   650:     3122.700     3126.540     3126.700     3127.720     3127.960
   655:     3128.010     3128.220     3129.120     3131.870     3133.510
   660:     3139.170     3142.460     3142.510     3148.010     3148.090
   665:     3152.960     3153.020     3153.360     3176.180     3176.260
   670:     3176.600     3248.330     3248.730     3254.200     3254.670
   675:     3258.030     3258.130     3266.790     3266.890     3266.990
   680:     3267.110     3267.210     3267.330     3268.020     3271.920
   685:     3279.220     3279.550     3286.320     3286.440     3286.510
   690:     3323.970     3324.270     3341.920     3342.030     3344.070
   695:     3359.900     3368.930     3369.550     3369.780     3369.950
   700:     3369.980     3370.060     3370.700     3374.000     3374.540
   705:     3375.350     3375.600     3375.640     3375.960     3377.630
   710:     3378.450     3378.470     3378.500     3380.750     3381.000
   715:     3384.890     3386.310     3386.550     3386.610     3386.920
   720:     3387.020     3387.110     3388.670     3388.920     3392.790
   725:     3392.850     3393.370     3393.470     3393.580     3396.780
   730:     3397.020     3397.180     3397.240     3398.520     3398.900
   735:     3399.390     3400.260     3400.490     3400.720     3400.940
   740:     3401.960     3401.970     3402.370     3407.230     3408.600
   745:     3408.890     3411.000     3411.450     3411.540     3411.640
   750:     3412.050     3412.540     3413.170     3413.350     3415.510
   755:     3416.790     3416.910     3422.280     3423.610     3427.590
   760:     3428.540     3431.590     3432.020     3432.060     3432.160
   765:     3432.780     3433.080     3433.090     3433.170     3433.290
   770:     3433.310     3433.330     3433.770     3433.870     3434.010
   775:     3434.060     3434.240     3434.330     3434.650     3435.030
   780:     3435.980     3436.490     3436.980     3437.680     3437.790
   785:     3437.860     3437.910     3438.600     3438.690     3439.170
   790:     3439.440     3439.470     3439.490     3439.580     3439.660
   795:     3439.670     3442.210     3442.650     3442.740     3447.330
   800:     3447.380     3447.430     3447.650     3449.240     3450.880
   805:     3451.210     3451.320     3451.440     3451.590     3451.680
   810:     3452.430     3452.660     3458.340     3459.600     3459.860
   815:     3460.250     3465.040     3465.520     3465.780     3466.420
   820:     3466.620     3466.690     3466.830     3467.630     3467.900
   825:     3472.370     3472.450     3472.560     3472.840     3472.850
   830:     3473.480     3473.560     3473.620     3473.880     3474.010
   835:     3474.350     3474.390     3474.450     3474.490     3474.610
   840:     3474.710     3475.140     3475.540     3504.180     3508.300
   845:     3508.680     3509.040     3509.660     3510.040     3513.220
   850:     3513.240     3514.590     3514.610     3515.430     3532.170
   855:     3532.240     3532.630     3532.680     3532.740     3532.810
   860:     3532.930     3533.070     3533.550     3534.290     3534.450
   865:     3537.080     3537.130     3542.620     3542.650     3542.800
   870:     3542.880     3543.070     3543.870     3544.050     3545.460
   875:     3545.790     3546.050     3546.180     3546.270     3548.140
   880:     3548.340     3548.380     3548.450     3548.890     3548.960
   885:     3549.380     3549.470     3550.180     3550.320     3550.430
   890:     3550.870     3551.090     3551.170     3551.290     3551.500
   895:     3552.680     3553.730     3553.930     3554.760     3555.430
   900:     3555.480     3556.570     3556.720     3556.780     3557.320
   905:     3557.570     3557.670     3557.770     3557.880     3557.970
   910:     3558.110     3558.130     3558.190     3558.330     3558.690
   915:     3558.700     3558.790     3559.710     3564.170     3564.530
   920:     3564.650     3564.700     3573.400     3573.460     3585.090
   925:     3585.210     3585.400     3586.830     3609.700     3609.800
   930:     3610.950     3612.020     3612.100     3614.620     3614.770
   935:     3616.860     3617.200     3618.050     3618.160     3618.540
   940:     3619.620     3621.760     3643.870     3646.350     3656.400
   945:     3661.030     3666.630     3666.880     3667.000     3669.410
   950:     3669.480     3669.610     3673.880     3674.790     3674.820
   955:     3674.950     3675.090     3677.570     3682.740     3690.120
   960:     3690.240     3690.980     3691.030     3691.130     3744.220
   965:     3744.780     3745.160     3746.300     3747.360     3747.720
   970:     3747.740     3748.380     3748.470     3749.680     3750.250
   975:     3750.360     3750.480     3750.640     3753.090     3753.300
   980:     3753.470     3753.880     3754.170     3754.240     3754.280
   985:     3754.330     3759.400     3762.830     3763.050     3763.770
   990:     3764.050     3764.360     3764.380     3764.440     3764.820
   995:     3765.150     3765.400     3765.750     3766.100     3767.250
  1000:     3767.560     3767.580     3767.740     3767.800     3767.830
  1005:     3769.160     3772.060     3778.280     3778.530     3779.110
  1010:     3779.280     3779.780     3780.050     3780.630     3782.080
  1015:     3783.500     3786.810     3787.060     3787.310     3796.120
  1020:     3796.560     3796.680     3804.490     3807.700     3811.400
  1025:     3811.850     3812.000     3812.020     3813.640     3815.130
  1030:     3817.630     3818.610     3847.670     3848.820     3851.290
  1035:     3854.830     4122.880     4176.210     4180.400     4188.500
  1040:     4196.900     4418.870     4418.900     4418.960     4421.560
  1045:     4421.620     4466.580     4466.600     4466.630     4466.690
  1050:     4466.710     4508.350     4517.940     4518.420     4518.540
  1055:     4518.620     4518.810     4518.940     4520.160     4520.230
  1060:     4520.630     4520.700     4520.840     4520.920     4521.220
  1065:     4552.640     4574.400     4590.400     4590.870     4594.620
  1070:     4594.830     4596.470     4596.990     4605.000     4615.940
  1075:     4827.060     4837.700     4839.340     4851.420     4854.420
  1080:     4854.790     4899.170     4899.440     4900.630     4902.830
  1085:     4902.950     4903.550     4903.950     4903.990     4905.190
  1090:     4929.040     4929.220     4929.980     4931.270     4931.300
  1095:     5008.730     5008.830     5010.930     5011.190     5011.600
  1100:     5011.620     5011.790     5011.820     5012.600     5021.690
  1105:     5025.630     5027.450     5028.520     5029.320     5029.430
  1110:     5049.450     5049.500     5049.860     5059.370     5061.750
  1115:     5069.930     5070.050     5070.150     5070.350     5070.530
  1120:     5077.690     5077.900     5079.130     5091.380     5091.550
  1125:     5091.650     5093.820     5112.710     5112.750     5113.060
  1130:     5113.430     5117.900     5717.940     5727.020     5767.180
  1135:     5768.020     5806.960     5807.010     5807.050     5807.290
  1140:     5808.330     5808.580     5857.730     5858.750     5870.780
  1145:     5873.000     5873.120     5873.630     5878.250     5878.520
  1150:     5893.300     5893.680     5894.090     9390.510     9409.280
  1155:     9410.030     9452.230     9543.440     9555.510     9584.980
  1160:     9585.080     9586.430     9681.800     9681.800     9681.800
  1165:     9681.810     9684.640     9684.810     9691.800     9707.670
  1170:     9727.150     9743.130     9758.410     9758.680     9758.890
  1175:     9758.990     9759.100     9760.060     9760.190     9760.270
  1180:     9760.770     9761.020     9762.680     9772.240     9772.560
  1185:     9772.840     9773.300     9774.650     9777.800     9777.830
  1190:     9777.860     9785.410     9785.540     9785.630     9785.770
  1195:     9805.950     9818.280     9828.970     9829.090     9829.420
  1200:     9830.700     9830.830     9832.670     9836.490     9836.590
  1205:     9837.410     9908.990     9909.600     9909.640     9909.740
  1210:     9909.820     9911.830     9911.990     9914.650     9917.670
  1215:     9917.890     9918.000     9920.500     9920.800     9921.000
  1220:     9921.420     9921.510     9921.710     9921.770     9936.200
  1225:     9956.120     9956.420     9961.420     9961.590     9961.670
  1230:     9961.870     9962.100     9962.300     9962.510     9966.090
  1235:     9988.780    10037.310    10044.940    10045.180    10045.270
  1240:    10051.280    10051.390    10057.620    10058.640    10065.250
  1245:    10069.200    10069.420    10111.040    10111.200    10111.250
  1250:    10111.300    10111.320    10192.860    10196.380    10264.890
  1255:    10266.620    10282.510    10282.560    10282.590    10283.480
  1260:    10288.290    10289.190    10295.300    10552.790    10553.230
  1265:    10553.340    10553.500    10553.550    10553.770    10554.320
  1270:    10554.340    10581.580    10600.760    10800.010
