File: C:\MED-PC IV\DATA\!2025-09-19_12h48m.Subject T19



Start Date: 09/19/25
End Date: 09/19/25
Subject: T19
Experiment: OralFentSA
Group: One
Box: 7
Start Time: 12:48:10
End Time: 15:48:12
MSN: Golden_Liq_SelfAdmin_EXT_LIT
F:       0.000
G:     972.000
H:   10800.010
I:       0.000
J:       0.000
K:       0.000
L:       0.000
M:       0.000
N:       0.000
O:       0.000
P:       0.000
Q:       0.000
R:       0.000
S:       0.000
U:       0.000
V:       0.000
W:       0.000
X:       0.000
Y:       0.000
Z:       0.000
A:
     0:        0.000        0.000      180.000        4.000        0.000
     5:        5.000        0.000        5.000        0.000        0.000
    10:        1.000        0.000       10.000 100000000.00       23.000
    15:       25.000      640.000        0.000        0.000        0.000
    20:        0.000
B:
     0:        0.000        0.000        0.000        0.000        0.000
     5:        0.000        0.000        0.000        0.000        0.000
    10:        0.000        0.000     1000.000 10000000000.        0.000
    15:        0.000        0.000        0.000        0.000        0.000
    20:        0.000
C:
     0:        0.000       25.000        0.000       36.000      795.000
     5:    10525.810       22.700       18.000      492.900       27.383
    10:       36.000       29.000        0.000        0.000        0.000
    15:        0.000        0.000        0.000        0.000        0.000
    20:        0.000
D:
     0:       16.900       21.410       50.750       24.170       38.830
     5:       14.420       20.180       32.100        5.640      121.340
    10:        9.350       20.440       39.040        8.070       33.220
    15:        6.470        7.870       22.700
E:
     0:       19.000       11.000       26.000       27.000        6.000
     5:        6.000        6.000        6.000        6.000        6.000
    10:        2.000        4.000       22.000       24.000       19.000
    15:        6.000        6.000        6.000        6.000        6.000
    20:        6.000        6.000        6.000        6.000        6.000
    25:        2.000        4.000       22.000       24.000       19.000
    30:        6.000        6.000        6.000        6.000        6.000
    35:       23.000        6.000        6.000        6.000        6.000
    40:        6.000        6.000        6.000        6.000        6.000
    45:        6.000        6.000        6.000        6.000        2.000
    50:        4.000       22.000       24.000       21.000       22.000
    55:       19.000        6.000        6.000        6.000        6.000
    60:        6.000        6.000        6.000        6.000        6.000
    65:        6.000        6.000        6.000        6.000       23.000
    70:       23.000       23.000       23.000        6.000        6.000
    75:        6.000        6.000        6.000        6.000        6.000
    80:        6.000        6.000        6.000        6.000        6.000
    85:        6.000        6.000        6.000        6.000        6.000
    90:        6.000        6.000        6.000        6.000        6.000
    95:        6.000        6.000        6.000        6.000        6.000
   100:        6.000        6.000        6.000        6.000        6.000
   105:        6.000        6.000        6.000        6.000        6.000
   110:        6.000        6.000        6.000        6.000        6.000
   115:        6.000        6.000        6.000        6.000        6.000
   120:        6.000        6.000        6.000        6.000        6.000
   125:        6.000        6.000        6.000        6.000        6.000
   130:        6.000        6.000        6.000        2.000        4.000
   135:       22.000       24.000       19.000        2.000        4.000
   140:       22.000       24.000       21.000       22.000       19.000
   145:        2.000        4.000       22.000       24.000       21.000
   150:       22.000       19.000        6.000        6.000        6.000
   155:        6.000        6.000        6.000        6.000        6.000
   160:        6.000        6.000        6.000        6.000        6.000
   165:        6.000        6.000        6.000        6.000        6.000
   170:        6.000        6.000        6.000       23.000        6.000
   175:        6.000        6.000        6.000        6.000        6.000
   180:        6.000        6.000        6.000        6.000        6.000
   185:        6.000        6.000        6.000        6.000        6.000
   190:        6.000        6.000        6.000        6.000        6.000
   195:        2.000        4.000       22.000       24.000       23.000
   200:       19.000       23.000        6.000        6.000        6.000
   205:        6.000       23.000       23.000        6.000        6.000
   210:        6.000        6.000        6.000       23.000       23.000
   215:        6.000        6.000        6.000        6.000        6.000
   220:        6.000        6.000        6.000        6.000        6.000
   225:        6.000        6.000        6.000        6.000        6.000
   230:        6.000        6.000        6.000        6.000        6.000
   235:        6.000        6.000        6.000        6.000        6.000
   240:        6.000        6.000        6.000        6.000        6.000
   245:        6.000        6.000        6.000        6.000        6.000
   250:       23.000       23.000        6.000        6.000        6.000
   255:        6.000        6.000        6.000        6.000        6.000
   260:        6.000        6.000        2.000        4.000       22.000
   265:       24.000       21.000       22.000       19.000        2.000
   270:        4.000       22.000       24.000       21.000       22.000
   275:       19.000        2.000        4.000       22.000       24.000
   280:       19.000        6.000        6.000        6.000        6.000
   285:        6.000        6.000        6.000        2.000        4.000
   290:       22.000       24.000       21.000       22.000       19.000
   295:        6.000        6.000        6.000        6.000        6.000
   300:        6.000        6.000        6.000        6.000        6.000
   305:        6.000        6.000        6.000        6.000        6.000
   310:        6.000        6.000        6.000        6.000        6.000
   315:        6.000        6.000        6.000        6.000        6.000
   320:        6.000        6.000        6.000        6.000        6.000
   325:        6.000        6.000        6.000        6.000        6.000
   330:        6.000        6.000        6.000        6.000        6.000
   335:        6.000        6.000        6.000        6.000        6.000
   340:        6.000        6.000        6.000        6.000        6.000
   345:        6.000        6.000        6.000        6.000        6.000
   350:        6.000        6.000        6.000        6.000        6.000
   355:        6.000        6.000        6.000        6.000        6.000
   360:        6.000        6.000        6.000        6.000        6.000
   365:       23.000        6.000        2.000        4.000       22.000
   370:       24.000       19.000        2.000        4.000       22.000
   375:       24.000       21.000       22.000       19.000        2.000
   380:        4.000       22.000       24.000       23.000       19.000
   385:       23.000        6.000        6.000        6.000        6.000
   390:        6.000        6.000        6.000        6.000        6.000
   395:        6.000        6.000        6.000        6.000        6.000
   400:        6.000        6.000        6.000        6.000        6.000
   405:        6.000        6.000        6.000        6.000        6.000
   410:        6.000        6.000        6.000        6.000        6.000
   415:        6.000        6.000        6.000        6.000        6.000
   420:        6.000        6.000       23.000       23.000       23.000
   425:        6.000        6.000        6.000        6.000        6.000
   430:        6.000        6.000        6.000        6.000        6.000
   435:        6.000        6.000        6.000        6.000        6.000
   440:        6.000        6.000        6.000        6.000        6.000
   445:        6.000        6.000        6.000        6.000        6.000
   450:        6.000        6.000        6.000        6.000        6.000
   455:        6.000        6.000        6.000        6.000        6.000
   460:        6.000        6.000        6.000        6.000        6.000
   465:        6.000        6.000        6.000        6.000        6.000
   470:        6.000        6.000        6.000        6.000        6.000
   475:        6.000        6.000        6.000        6.000        6.000
   480:        6.000        6.000        6.000        6.000        6.000
   485:        6.000        6.000        6.000        6.000        6.000
   490:        6.000        6.000        6.000        6.000        6.000
   495:        6.000        6.000        6.000        6.000        6.000
   500:        6.000        6.000        6.000        6.000        6.000
   505:        6.000        6.000        6.000        6.000        6.000
   510:        6.000        6.000        6.000        6.000        6.000
   515:        6.000        6.000        6.000        6.000        6.000
   520:        6.000        6.000       23.000       23.000        6.000
   525:        6.000        6.000        6.000        6.000        6.000
   530:        6.000        6.000        6.000        6.000        6.000
   535:        6.000        6.000        6.000        6.000        6.000
   540:        6.000        6.000        6.000        2.000        4.000
   545:       22.000       24.000        6.000        6.000       19.000
   550:        6.000        6.000        6.000        6.000       23.000
   555:       23.000        6.000        6.000        6.000        6.000
   560:        6.000        6.000        6.000        6.000        6.000
   565:        6.000        6.000        6.000        6.000        6.000
   570:        6.000        6.000        6.000        6.000        6.000
   575:        6.000        6.000        6.000        6.000        6.000
   580:        6.000        6.000        6.000        6.000        6.000
   585:       23.000        6.000        6.000        6.000        6.000
   590:        6.000        6.000        6.000        6.000        2.000
   595:        4.000       22.000       24.000       21.000       22.000
   600:       19.000        6.000        6.000        6.000        6.000
   605:        6.000        6.000        6.000        6.000        6.000
   610:        6.000        6.000        6.000        6.000        6.000
   615:        6.000        6.000        6.000        6.000        6.000
   620:        6.000        6.000        6.000        6.000        6.000
   625:        6.000        6.000        6.000        6.000        6.000
   630:        6.000        6.000        6.000        6.000        6.000
   635:        6.000        6.000        6.000        6.000        6.000
   640:        6.000        6.000        6.000        6.000        6.000
   645:        6.000        6.000        6.000        6.000        6.000
   650:        6.000        6.000        6.000        6.000        6.000
   655:       23.000        6.000        6.000        6.000        6.000
   660:        6.000        6.000        6.000        6.000        2.000
   665:        4.000       22.000       24.000        6.000        6.000
   670:        6.000       19.000        6.000        6.000        6.000
   675:        6.000        6.000        6.000        6.000        6.000
   680:        6.000        6.000        6.000        6.000        6.000
   685:        6.000        6.000        6.000        6.000        6.000
   690:        6.000        6.000        6.000        6.000        6.000
   695:        6.000        6.000        6.000       23.000        6.000
   700:        6.000        6.000        6.000        6.000        6.000
   705:        6.000        6.000        6.000        6.000        6.000
   710:        6.000        6.000        6.000        6.000        6.000
   715:        6.000        6.000        6.000        6.000        6.000
   720:        6.000        6.000        6.000        6.000        6.000
   725:        6.000        6.000        6.000        6.000        6.000
   730:        6.000        6.000        6.000        6.000        6.000
   735:        6.000        6.000        6.000        6.000        6.000
   740:        6.000        6.000        2.000        4.000       22.000
   745:       24.000       21.000       22.000       19.000        6.000
   750:        6.000        6.000        6.000        6.000        6.000
   755:        6.000        6.000        6.000        6.000        6.000
   760:        6.000        6.000        6.000        6.000        6.000
   765:        6.000        6.000        2.000        4.000       22.000
   770:       24.000       19.000        6.000        6.000        6.000
   775:        6.000        6.000        6.000        6.000        6.000
   780:        6.000        6.000        6.000        6.000        6.000
   785:        6.000        6.000        6.000        6.000        6.000
   790:        6.000        6.000        6.000        6.000        6.000
   795:        6.000        6.000        6.000        6.000        6.000
   800:        6.000        6.000        6.000        6.000       23.000
   805:       23.000        2.000        4.000       22.000       24.000
   810:        6.000       19.000        6.000        6.000        6.000
   815:        2.000        4.000       22.000       24.000       19.000
   820:        6.000        6.000        6.000        6.000        6.000
   825:        6.000        6.000        6.000        6.000        6.000
   830:        6.000        6.000        6.000        6.000        6.000
   835:        6.000        6.000        6.000        6.000        6.000
   840:        6.000        6.000        6.000        6.000        6.000
   845:        6.000        6.000        6.000        6.000        2.000
   850:        4.000       22.000       24.000       21.000       22.000
   855:        6.000       19.000        6.000        6.000        6.000
   860:        6.000        6.000        6.000        6.000        6.000
   865:        6.000        6.000        6.000        6.000        6.000
   870:        6.000        6.000        6.000        6.000        6.000
   875:        6.000        6.000        6.000        6.000        6.000
   880:        6.000        6.000        6.000        6.000        6.000
   885:        6.000        6.000        6.000        6.000        6.000
   890:        6.000        6.000        6.000        6.000        6.000
   895:        6.000        6.000        6.000        6.000        6.000
   900:        6.000        6.000        6.000        6.000        6.000
   905:        6.000        6.000        6.000        6.000        6.000
   910:        6.000        6.000        6.000        6.000        6.000
   915:        6.000        6.000        6.000        6.000        6.000
   920:        6.000        6.000        6.000        6.000        6.000
   925:        6.000        6.000        2.000        4.000       22.000
   930:       24.000       21.000       22.000       21.000       22.000
   935:        6.000        6.000        6.000        6.000       19.000
   940:        6.000        2.000        4.000       22.000       24.000
   945:       19.000        6.000        6.000        6.000        6.000
   950:        6.000        6.000        6.000        6.000        6.000
   955:        6.000        6.000        6.000        6.000        6.000
   960:        6.000        6.000        6.000        6.000        6.000
   965:        6.000        6.000        6.000        6.000        6.000
   970:        6.000        6.000      100.000
T:
     0:        0.000        0.000        0.000        0.000        6.130
     5:       15.590       37.060       38.050       54.480       63.330
    10:      145.500      145.500      145.500      145.510      155.500
    15:      162.410      194.460      197.950      213.500      216.060
    20:      218.250      218.290      221.520      222.800      244.090
    25:      270.990      270.990      270.990      271.000      280.990
    30:      292.410      342.200      352.370      359.340      361.180
    35:      371.450      402.500      425.690      437.300      456.300
    40:      553.080      638.810      640.570      650.760      651.710
    45:      826.150      838.960      839.190      861.880      864.340
    50:      864.340      864.340      864.350      865.500      865.500
    55:      874.340      915.100     1021.740     1021.820     1035.710
    60:     1036.220     1058.980     1062.620     1387.200     1399.700
    65:     1401.720     1434.830     1435.160     1464.190     1475.330
    70:     1483.030     1488.310     1489.380     1501.750     1507.780
    75:     1509.470     1510.300     1511.170     1511.400     1515.620
    80:     1515.760     1516.050     1516.060     1517.130     1517.420
    85:     1520.320     1529.110     1529.460     1531.040     1531.120
    90:     1531.210     1533.390     1533.550     1534.400     1534.630
    95:     1535.620     1535.760     1536.100     1536.180     1536.200
   100:     1536.980     1538.340     1558.270     1644.840     1716.650
   105:     1717.950     1718.160     1718.210     1718.270     1718.600
   110:     1720.130     1720.290     1720.390     1721.310     1725.500
   115:     1725.770     1726.360     1726.410     1726.540     1727.270
   120:     1730.600     1732.230     1732.750     1733.090     1734.070
   125:     1739.090     1739.150     1739.190     1740.290     1903.730
   130:     1920.280     1924.940     1925.080     1939.400     1939.400
   135:     1939.400     1939.410     1949.400     1955.430     1955.430
   140:     1955.430     1955.440     1961.890     1961.890     1965.430
   145:     1976.610     1976.610     1976.610     1976.620     1985.350
   150:     1985.350     1986.610     2000.790     2010.150     2011.760
   155:     2018.570     2018.700     2018.830     2018.940     2019.120
   160:     2020.070     2022.010     2022.480     2022.560     2024.080
   165:     2024.880     2024.970     2027.980     2029.180     2031.240
   170:     2043.780     2043.800     2104.020     2137.040     2170.640
   175:     2175.430     2175.540     2176.210     2176.400     2176.480
   180:     2176.880     2181.180     2183.130     2183.160     2183.430
   185:     2203.940     2203.990     2206.970     2209.160     2210.580
   190:     2210.700     2211.120     2211.470     2211.820     2221.480
   195:     2314.860     2314.860     2314.860     2314.870     2324.260
   200:     2324.860     2338.090     2353.700     2363.900     2363.980
   205:     2364.010     2485.690     2489.160     2524.630     2532.550
   210:     2532.900     2533.730     2536.160     2550.800     2554.050
   215:     2564.300     2734.090     2734.140     2734.200     2734.270
   220:     2735.640     2735.660     2735.970     2736.130     2737.620
   225:     2737.980     2738.160     2741.250     2747.060     2747.310
   230:     2748.690     2749.810     2749.910     2752.700     2752.730
   235:     2753.130     2753.180     2753.200     2753.280     2753.670
   240:     2753.790     2871.750     2889.470     2890.400     2891.290
   245:     2891.630     2891.700     2891.790     2896.150     2898.580
   250:     3129.440     3149.680     3176.470     3192.650     3193.030
   255:     3193.060     3193.380     3193.560     3193.700     3193.890
   260:     3200.560     3202.150     3211.360     3211.360     3211.360
   265:     3211.370     3214.340     3214.340     3221.360     3284.590
   270:     3284.590     3284.590     3284.600     3285.170     3285.170
   275:     3294.590     3304.380     3304.380     3304.380     3304.390
   280:     3314.380     3318.810     3319.450     3320.320     3322.500
   285:     3343.770     3344.030     3433.400     3435.370     3435.370
   290:     3435.370     3435.380     3436.110     3436.110     3445.370
   295:     3455.560     3455.980     3464.050     3468.390     3476.500
   300:     3476.680     3478.480     3708.470     3708.730     3712.060
   305:     3728.000     3817.700     3820.100     3821.330     3845.010
   310:     3847.060     3886.320     3899.850     3900.700     3904.350
   315:     3905.780     3970.020     4034.750     4085.290     4085.770
   320:     4087.250     4087.960     4087.990     4088.210     4092.540
   325:     4092.810     4094.130     4094.280     4097.520     4097.670
   330:     4100.110     4100.580     4102.830     4105.800     4109.630
   335:     4109.690     4109.720     4110.110     4110.330     4113.940
   340:     4114.010     4114.240     4114.390     4130.230     4159.490
   345:     4165.710     4165.790     4165.800     4166.130     4166.200
   350:     4167.980     4170.300     4170.420     4171.110     4171.480
   355:     4174.450     4181.320     4181.360     4181.430     4181.700
   360:     4182.950     4187.580     4188.010     4211.200     4231.090
   365:     4310.340     4430.220     4449.330     4449.330     4449.330
   370:     4449.340     4459.330     4463.720     4463.720     4463.720
   375:     4463.730     4466.070     4466.070     4473.720     4492.370
   380:     4492.370     4492.370     4492.380     4498.300     4502.370
   385:     4514.390     4524.480     4524.660     4525.850     4527.240
   390:     4527.690     4527.800     4527.980     4528.030     4542.820
   395:     4543.120     4543.380     4546.230     4547.550     4547.920
   400:     4549.250     4552.420     4553.590     4553.770     4558.040
   405:     4558.070     4558.140     4558.220     4558.590     4559.590
   410:     4562.030     4562.170     4562.970     4568.000     4568.060
   415:     4568.160     4568.310     4568.750     4570.680     4570.760
   420:     4571.220     4656.180     4729.180     4732.490     4753.160
   425:     4772.720     4774.710     4774.790     4778.540     4783.840
   430:     4798.140     4798.150     4867.050     4867.430     4869.500
   435:     4869.930     4871.220     4872.330     4872.710     4872.940
   440:     4872.990     4881.400     4885.970     4995.590     4995.760
   445:     4995.960     4996.560     4999.580     4999.920     5000.880
   450:     5001.330     5001.790     5002.810     5003.360     5003.430
   455:     5003.570     5003.630     5003.960     5004.020     5007.400
   460:     5008.610     5009.000     5009.110     5009.800     5010.930
   465:     5011.130     5011.570     5011.690     5012.730     5017.440
   470:     5017.610     5017.690     5017.780     5017.880     5018.680
   475:     5019.960     5021.720     5025.250     5025.930     5035.530
   480:     5037.880     5042.810     5045.040     5045.790     5045.850
   485:     5045.880     5046.250     5046.700     5046.780     5049.520
   490:     5049.820     5050.930     5051.460     5051.790     5063.450
   495:     5063.820     5064.240     5065.040     5065.150     5065.290
   500:     5065.410     5074.070     5074.270     5078.930     5079.940
   505:     5080.070     5080.480     5081.200     5084.410     5084.820
   510:     5085.910     5086.300     5087.570     5087.670     5087.780
   515:     5088.880     5089.850     5091.570     5240.520     5268.180
   520:     5268.220     5320.960     5337.710     5357.970     5399.440
   525:     5402.080     5402.240     5402.880     5426.670     5431.150
   530:     5431.340     5432.600     5432.800     5434.920     5443.490
   535:     5443.700     5709.520     5775.350     5775.440     5775.480
   540:     5775.580     5775.880     5777.100     5784.510     5784.510
   545:     5784.510     5784.520     5790.160     5790.890     5794.510
   550:     5813.590     5893.900     6132.910     6134.740     6198.090
   555:     6204.510     6225.670     6225.720     6226.260     6232.990
   560:     6238.820     6239.600     6240.800     6245.130     6256.040
   565:     6256.420     6265.090     6266.540     6272.890     6273.670
   570:     6283.740     6288.140     6288.720     6290.480     6292.750
   575:     6293.110     6293.760     6293.810     6294.370     6297.300
   580:     6298.590     6322.300     6621.110     6630.730     6635.420
   585:     6690.210     6732.890     6733.460     6733.540     6736.290
   590:     6736.330     6736.410     6736.480     6736.750     6824.590
   595:     6824.590     6824.590     6824.600     6826.840     6826.840
   600:     6834.590     6945.940     6946.690     6947.580     7057.710
   605:     7103.240     7107.790     7107.870     7108.450     7110.080
   610:     7141.280     7143.300     7486.900     7487.240     7492.710
   615:     7493.050     7493.240     7495.040     7495.100     7500.350
   620:     7508.180     7517.210     7570.590     7623.230     7664.490
   625:     7676.010     7699.700     7725.630     7726.580     7767.800
   630:     7769.260     7775.150     7777.410     7777.470     7778.640
   635:     7781.580     7781.890     7782.070     7782.410     7783.210
   640:     7783.580     7783.750     7783.860     7784.200     7784.810
   645:     7784.990     7785.170     7785.820     7786.050     7795.020
   650:     7795.060     7795.210     7796.660     7798.950     7801.500
   655:     7909.080     7918.490     7920.540     7920.610     7922.820
   660:     7922.860     7923.110     7926.550     7939.660     7960.060
   665:     7960.060     7960.060     7960.070     7969.420     7969.480
   670:     7969.940     7970.060     7972.230     7973.140     7974.150
   675:     7974.560     7974.870     7975.730     7976.550     7977.080
   680:     7995.950     7997.650     8021.920     8040.100     8040.150
   685:     8041.880     8042.000     8043.050     8043.210     8043.380
   690:     8043.450     8043.550     8045.890     8046.400     8051.860
   695:     8052.280     8062.370     8122.340     8146.060     8161.600
   700:     8161.680     8161.890     8167.220     8174.210     8174.520
   705:     8174.960     8312.000     8313.180     8315.880     8322.470
   710:     8325.410     8326.600     8326.720     8326.760     8326.920
   715:     8327.680     8327.940     8327.970     8328.140     8328.340
   720:     8330.960     8331.420     8331.930     8332.040     8334.000
   725:     8845.990     8862.030     8868.230     8879.910     8901.870
   730:     8907.380     8914.190     8945.860     8948.670     8956.790
   735:     8956.820     8956.860     8988.950     8988.970     9006.810
   740:     9006.840     9013.460     9046.550     9046.550     9046.550
   745:     9046.560     9048.030     9048.030     9056.550     9067.000
   750:     9068.330     9087.300     9087.370     9089.340     9093.180
   755:     9093.370     9095.750     9105.050     9140.890     9140.950
   760:     9173.930     9173.990     9175.000     9175.740     9176.830
   765:     9177.380     9178.360     9186.100     9186.100     9186.100
   770:     9186.110     9196.100     9225.150     9225.160     9227.760
   775:     9227.820     9277.320     9277.860     9281.420     9282.220
   780:     9282.510     9282.630     9283.930     9283.980     9284.700
   785:     9284.850     9285.530     9286.560     9288.170     9290.980
   790:     9297.990     9298.550     9298.760     9341.090     9433.750
   795:     9434.830     9434.880     9484.830     9773.850     9774.320
   800:     9790.720     9815.360     9815.450     9816.310     9843.110
   805:     9857.380     9869.620     9869.620     9869.620     9869.630
   810:     9877.700     9879.620     9885.180     9886.440     9887.870
   815:     9890.450     9890.450     9890.450     9890.460     9900.450
   820:     9923.680     9939.780     9939.830     9939.890     9946.310
   825:     9946.470     9960.340     9963.830    10021.960    10022.490
   830:    10022.580    10022.680    10025.800    10026.410    10027.430
   835:    10028.460    10060.960    10067.030    10103.160    10103.840
   840:    10104.120    10105.380    10131.870    10132.010    10132.270
   845:    10137.310    10138.850    10139.380    10139.540    10240.600
   850:    10240.600    10240.600    10240.610    10241.000    10241.000
   855:    10247.080    10250.600    10262.310    10266.360    10266.410
   860:    10266.470    10266.670    10272.310    10272.690    10272.750
   865:    10272.780    10273.550    10274.200    10275.120    10278.700
   870:    10279.280    10279.600    10280.060    10282.430    10282.530
   875:    10282.610    10292.180    10292.460    10292.730    10293.340
   880:    10293.570    10293.700    10293.850    10294.570    10295.140
   885:    10297.290    10298.480    10300.150    10383.010    10383.350
   890:    10383.370    10383.490    10387.600    10390.020    10390.210
   895:    10390.360    10390.880    10392.520    10392.710    10392.940
   900:    10393.310    10393.550    10395.190    10395.270    10395.340
   905:    10395.520    10398.020    10398.440    10398.540    10399.490
   910:    10399.720    10402.210    10402.550    10402.630    10402.860
   915:    10402.940    10403.480    10403.750    10404.240    10404.710
   920:    10405.850    10465.740    10466.350    10466.950    10467.660
   925:    10507.600    10507.740    10509.430    10509.430    10509.430
   930:    10509.440    10510.570    10510.570    10512.380    10512.380
   935:    10517.310    10517.840    10518.120    10518.410    10519.430
   940:    10520.340    10525.800    10525.800    10525.800    10525.810
   945:    10535.800    10548.510    10551.750    10553.170    10553.500
   950:    10557.090    10557.160    10557.320    10557.600    10557.610
   955:    10558.060    10563.180    10563.660    10563.720    10563.740
   960:    10563.790    10564.140    10564.180    10564.200    10568.990
   965:    10569.230    10579.200    10579.270    10579.670    10579.730
   970:    10591.010    10592.540    10800.010
