File: C:\MED-PC IV\DATA\!2025-08-27_12h32m.Subject T13



Start Date: 08/27/25
End Date: 08/27/25
Subject: T13
Experiment: OralFentSA
Group: One
Box: 1
Start Time: 12:32:04
End Time: 15:32:15
MSN: Golden_Liq_SelfAdmin_LIT
F:       0.000
G:     770.000
H:   10800.010
I:       0.000
J:       0.000
K:       0.000
L:       0.000
M:       0.000
N:       0.000
O:       0.000
P:       0.000
Q:       0.000
R:       0.000
S:       0.000
U:       0.000
V:       0.000
W:       0.000
X:       0.000
Y:       0.000
Z:       0.000
A:
     0:        0.000        0.000      180.000        4.000        0.000
     5:        5.000        0.000        5.000        0.000        0.000
    10:        1.000        0.000       10.000 300000000.00       21.000
    15:        8.000      320.000        0.000        0.000        0.000
    20:        0.000
B:
     0:        0.000        0.000        0.000      400.000        0.000
     5:      500.000        0.000      500.000        0.000        0.000
    10:        0.000        0.000     1000.000 30000000000.        0.000
    15:        0.000        0.000        0.000        0.000        0.000
    20:        0.000
C:
     0:       11.000       12.000        0.000       13.000      625.000
     5:    10600.240        1.150       11.000       21.850        1.986
    10:       13.000        5.000        0.000        0.000        0.000
    15:        0.000        0.000        0.000        0.000        0.000
    20:        0.000
D:
     0:        0.980        1.380        5.110        1.000        2.150
     5:        1.020        1.270        5.860        0.950        0.980
    10:        1.150
E:
     0:       19.000       11.000       26.000       27.000        6.000
     5:        6.000        6.000        6.000        6.000        6.000
    10:       23.000        6.000        6.000        6.000        6.000
    15:        6.000        6.000        6.000        6.000        6.000
    20:        6.000        6.000        6.000        6.000        6.000
    25:        6.000        6.000        6.000        6.000        6.000
    30:        6.000        6.000        6.000        6.000        6.000
    35:        6.000        6.000        6.000        6.000        6.000
    40:       23.000        6.000        6.000        6.000        6.000
    45:        6.000        6.000        6.000        6.000        6.000
    50:        6.000        6.000        6.000        6.000        6.000
    55:        6.000        6.000        6.000        6.000        6.000
    60:        6.000        6.000        6.000        6.000        6.000
    65:        6.000        6.000        6.000        6.000        6.000
    70:        2.000        4.000       22.000       24.000       13.000
    75:        8.000        5.000       17.000        6.000        6.000
    80:       18.000       14.000       10.000        6.000        6.000
    85:        6.000        6.000       19.000        6.000        6.000
    90:        6.000        6.000       23.000        6.000        6.000
    95:        6.000        6.000        6.000        6.000        6.000
   100:        6.000        6.000        6.000        6.000        6.000
   105:        6.000        6.000        6.000        6.000        6.000
   110:        6.000        6.000        6.000        6.000        6.000
   115:        6.000        6.000        6.000        6.000        6.000
   120:        6.000        6.000        6.000        6.000        6.000
   125:        6.000        6.000        6.000        6.000        6.000
   130:        6.000        6.000        6.000        6.000        6.000
   135:        6.000        6.000        6.000        6.000        6.000
   140:        6.000        6.000        6.000        6.000        6.000
   145:        6.000        6.000        6.000        6.000        6.000
   150:        6.000        6.000        6.000        6.000        6.000
   155:        6.000        6.000        6.000        6.000        6.000
   160:        6.000        6.000        6.000        6.000        6.000
   165:        6.000        6.000        6.000        6.000        6.000
   170:        6.000        6.000        6.000        6.000        6.000
   175:        6.000        6.000        6.000        6.000        6.000
   180:        6.000        6.000        6.000        6.000        6.000
   185:        6.000        6.000        6.000        6.000        6.000
   190:        6.000        6.000        6.000        6.000        6.000
   195:        6.000        6.000        6.000        6.000        6.000
   200:        6.000        6.000        6.000        6.000        6.000
   205:        6.000        6.000        6.000        6.000        6.000
   210:        6.000        6.000        6.000        6.000        6.000
   215:        6.000        6.000        6.000        6.000       23.000
   220:        6.000        6.000        6.000        6.000        6.000
   225:        6.000        6.000        6.000        6.000        6.000
   230:        6.000        6.000        6.000        6.000        6.000
   235:        6.000        6.000        6.000        6.000        6.000
   240:        6.000       23.000        6.000        6.000        6.000
   245:        6.000        6.000        6.000        6.000        6.000
   250:        6.000        6.000        6.000        6.000        6.000
   255:        6.000        6.000        6.000        6.000        6.000
   260:        6.000        6.000        6.000        6.000        6.000
   265:        6.000        6.000        6.000        6.000        2.000
   270:        4.000       22.000       24.000       13.000        8.000
   275:        5.000       17.000        6.000       18.000       14.000
   280:       10.000       19.000        6.000        6.000        6.000
   285:        6.000        6.000        6.000        6.000        6.000
   290:        6.000        6.000        6.000        6.000        6.000
   295:        6.000        2.000        4.000       22.000       24.000
   300:       13.000        8.000        5.000       17.000       18.000
   305:       14.000       10.000        6.000        6.000        6.000
   310:        6.000       19.000        6.000        6.000        6.000
   315:        6.000        6.000        6.000        6.000        6.000
   320:        6.000        6.000        6.000        6.000        6.000
   325:        6.000        6.000        6.000        6.000        6.000
   330:        6.000        6.000        6.000        6.000        6.000
   335:        6.000        6.000        6.000        6.000        6.000
   340:        6.000        6.000        6.000        6.000        6.000
   345:        6.000        6.000        6.000        6.000        6.000
   350:        6.000        6.000        6.000        6.000        6.000
   355:        6.000        6.000        6.000        6.000        6.000
   360:        6.000        6.000        6.000        6.000        6.000
   365:        6.000        6.000        6.000        6.000        6.000
   370:        6.000        6.000        6.000        6.000        6.000
   375:        6.000        6.000        6.000        6.000        6.000
   380:        6.000        6.000        6.000        6.000        6.000
   385:        6.000        6.000        6.000        6.000        6.000
   390:        6.000        6.000        6.000        6.000        6.000
   395:        6.000        6.000        6.000        6.000        6.000
   400:        6.000        2.000        4.000       22.000       24.000
   405:       13.000        8.000        5.000       17.000        6.000
   410:       18.000       14.000       10.000       21.000       22.000
   415:        6.000       19.000        6.000        6.000        6.000
   420:        6.000        6.000        6.000        6.000        2.000
   425:        4.000       22.000       24.000       13.000        8.000
   430:        5.000       17.000        6.000       18.000       14.000
   435:       10.000       19.000        6.000        6.000        2.000
   440:        4.000       22.000       24.000       13.000        8.000
   445:        5.000       17.000        6.000       18.000       14.000
   450:       10.000       21.000       22.000        6.000       19.000
   455:        6.000        6.000        6.000        6.000        6.000
   460:        6.000        6.000        6.000        6.000        6.000
   465:        6.000        6.000        6.000        6.000        6.000
   470:        6.000        6.000        6.000        6.000        6.000
   475:        6.000        6.000        6.000        6.000        6.000
   480:        6.000        6.000        6.000        6.000        6.000
   485:        6.000        6.000        6.000        6.000        6.000
   490:        6.000        6.000        6.000        6.000        6.000
   495:        6.000        6.000        6.000        6.000        6.000
   500:        6.000        6.000        6.000        6.000        6.000
   505:        6.000        6.000        6.000        6.000        6.000
   510:        6.000        6.000        6.000        6.000        6.000
   515:        6.000        6.000        6.000        6.000        6.000
   520:        6.000        6.000        6.000        6.000        6.000
   525:        6.000        6.000        6.000        6.000        6.000
   530:        6.000        6.000        6.000        6.000        6.000
   535:        6.000        6.000        6.000        6.000        6.000
   540:        6.000        6.000        6.000        6.000        6.000
   545:        6.000        6.000        6.000        6.000        6.000
   550:        6.000        6.000        6.000        6.000        6.000
   555:        6.000        6.000        6.000        6.000        2.000
   560:        4.000       22.000       24.000       13.000        8.000
   565:        5.000       17.000        6.000       18.000       14.000
   570:       10.000        6.000        6.000       19.000        6.000
   575:        6.000        6.000        6.000        6.000        6.000
   580:        6.000        6.000        6.000        6.000        6.000
   585:        6.000        6.000        6.000        6.000        6.000
   590:        6.000        6.000        6.000        6.000        6.000
   595:        6.000        6.000        6.000        6.000        6.000
   600:        6.000        6.000        6.000        6.000        6.000
   605:        6.000        6.000        6.000        2.000        4.000
   610:       22.000       24.000       13.000        8.000        5.000
   615:       17.000       18.000       14.000       10.000        6.000
   620:        6.000       19.000        6.000        6.000        6.000
   625:        6.000        6.000        6.000        6.000        6.000
   630:        6.000        6.000        6.000        6.000        6.000
   635:        6.000        6.000        6.000        6.000        6.000
   640:        6.000        6.000        6.000        6.000        6.000
   645:        6.000        6.000        6.000        6.000        6.000
   650:        6.000        6.000        6.000        6.000        6.000
   655:        6.000        6.000        6.000        6.000        6.000
   660:        6.000        6.000        6.000        6.000        6.000
   665:        6.000        6.000        6.000        6.000        6.000
   670:        6.000        6.000        6.000        6.000        6.000
   675:        6.000        6.000        6.000        6.000        6.000
   680:        6.000        6.000        6.000        6.000        6.000
   685:        6.000        6.000        2.000        4.000       22.000
   690:       24.000       13.000        8.000        5.000       17.000
   695:        6.000        6.000        6.000        6.000       18.000
   700:       14.000       10.000       19.000        6.000        6.000
   705:        6.000        6.000        6.000        6.000        6.000
   710:        6.000        6.000        6.000        6.000        6.000
   715:        6.000        6.000        6.000        6.000        6.000
   720:        6.000        6.000        6.000        6.000        6.000
   725:        6.000        6.000        6.000        2.000        4.000
   730:       22.000       24.000       13.000        8.000        5.000
   735:       17.000        6.000       18.000       14.000       10.000
   740:       19.000        6.000        6.000        6.000        6.000
   745:        6.000        6.000        6.000        6.000        6.000
   750:        2.000        4.000       22.000       24.000       13.000
   755:        8.000        5.000       17.000        6.000       18.000
   760:       14.000       10.000        6.000       19.000        6.000
   765:        6.000        6.000        6.000        6.000        6.000
   770:      100.000
T:
     0:        0.000        0.000        0.000        0.000       18.040
     5:       18.810       18.960       21.750       33.840       35.110
    10:       76.360       84.430      114.110      114.730      114.830
    15:      114.930      115.790      139.200      214.610      215.520
    20:      215.880      216.010      216.190      217.070      217.160
    25:      219.320      223.450      245.620      245.790      261.440
    30:      261.730      261.940      263.150      263.170      264.590
    35:      264.670      265.110      283.050      283.140      313.060
    40:      322.470      334.480      335.560      344.570      344.950
    45:      345.120      345.150      348.160      387.650      388.070
    50:      388.250      412.180      414.130      414.880      415.050
    55:      415.430      418.740      419.080      448.170      506.760
    60:      507.440      507.460      508.030      513.910      549.400
    65:      562.690      565.230      566.080      615.270      637.690
    70:      649.520      649.520      649.520      649.530      649.530
    75:      649.530      649.530      649.530      650.510      651.300
    80:      653.530      654.530      654.530      655.020      656.140
    85:      656.690      656.890      659.520      665.210      666.260
    90:      742.810      755.350      790.740      811.040      811.590
    95:      812.750      813.280      813.420      814.270      818.550
   100:      818.840      824.700      828.940      832.960      853.340
   105:      859.950      879.790      883.040      913.200      913.940
   110:      914.050      914.130      914.250      914.270      918.340
   115:      940.330      949.100      953.290      959.280      967.090
   120:      975.980      991.800      992.640      997.810     1013.280
   125:     1013.300     1019.970     1026.340     1026.550     1051.520
   130:     1055.700     1056.540     1056.760     1061.550     1108.800
   135:     1109.950     1159.990     1234.680     1248.500     1248.900
   140:     1249.290     1277.670     1278.290     1278.410     1278.920
   145:     1286.490     1287.840     1288.170     1288.650     1301.910
   150:     1331.600     1542.020     1542.220     1542.540     1544.760
   155:     1544.960     1545.180     1547.170     1548.990     1549.290
   160:     1549.320     1549.430     1550.090     1551.510     1551.830
   165:     1552.870     1557.460     1557.890     1558.170     1559.340
   170:     1559.860     1559.960     1560.310     1561.920     1562.240
   175:     1563.860     1564.440     1564.690     1564.870     1568.130
   180:     1568.150     1568.190     1570.680     1572.120     1577.520
   185:     1656.510     1698.690     1702.290     1725.510     1725.590
   190:     1728.610     1729.150     1729.410     1765.720     1765.820
   195:     1773.140     1773.410     1775.420     1775.540     1776.260
   200:     1777.020     1779.890     1779.990     1780.400     1785.740
   205:     2095.820     2096.690     2096.910     2097.040     2097.090
   210:     2097.280     2097.290     2097.580     2097.880     2098.230
   215:     2098.700     2098.790     2099.010     2104.720     2141.490
   220:     2189.400     2431.960     2432.420     2433.220     2433.610
   225:     2433.660     2433.720     2433.800     2434.220     2434.320
   230:     2435.050     2435.520     2438.150     2448.720     2449.370
   235:     2450.100     2450.120     2450.400     2450.440     2450.710
   240:     2451.230     2485.200     2536.400     2542.840     2547.950
   245:     2548.730     3102.840     3102.900     3103.010     3104.070
   250:     3109.430     3114.900     3116.460     3180.180     3182.340
   255:     3187.590     3235.700     3349.190     3350.740     3354.510
   260:     3435.810     3437.680     3452.360     3476.270     3491.910
   265:     3520.620     3520.980     3529.230     3565.080     3572.550
   270:     3572.550     3572.550     3572.560     3572.560     3572.560
   275:     3572.560     3572.560     3573.940     3576.560     3577.560
   280:     3577.560     3582.550     3583.710     3584.790     3586.080
   285:     3588.850     3589.180     3589.320     3589.780     3595.450
   290:     3599.910     3600.090     3600.100     3601.500     3601.910
   295:     3627.020     3634.550     3634.550     3634.550     3634.560
   300:     3634.560     3634.560     3634.560     3634.560     3638.560
   305:     3639.560     3639.560     3639.670     3643.250     3643.830
   310:     3644.400     3644.550     3646.230     3646.650     3649.120
   315:     3651.880     3656.150     3656.300     3656.800     3659.020
   320:     3659.390     3660.760     3661.220     3661.460     3664.360
   325:     3664.560     3666.820     3669.410     3669.550     3771.870
   330:     3773.330     3844.940     3845.580     3846.410     3846.550
   335:     3846.680     3908.790     3910.050     3911.440     3918.750
   340:     3918.880     3919.280     3921.900     3921.980     3922.470
   345:     3926.910     4181.130     4680.820     4681.800     4681.810
   350:     4682.530     4682.680     4682.720     4682.910     4683.110
   355:     4683.220     4684.850     4713.880     4715.360     4715.550
   360:     4730.030     4741.250     4784.020     4784.240     4802.550
   365:     4802.990     4803.530     4804.550     4850.850     5055.150
   370:     5055.530     5055.820     5056.440     5078.620     5114.120
   375:     5207.070     5207.230     5266.370     5270.930     5271.330
   380:     5276.790     5277.900     5505.480     5506.100     5506.410
   385:     5506.610     5506.980     5507.260     5507.340     5508.070
   390:     5519.360     5520.010     5520.250     5520.330     5520.590
   395:     5520.800     5524.340     5752.350     5765.220     5803.930
   400:     5809.540     5820.140     5820.140     5820.140     5820.150
   405:     5820.150     5820.150     5820.150     5820.150     5821.150
   410:     5824.150     5825.150     5825.150     5826.990     5826.990
   415:     5828.650     5830.140     5833.140     5834.270     5835.100
   420:     5836.430     5837.600     5867.070     5875.320     5949.870
   425:     5949.870     5949.870     5949.880     5949.880     5949.880
   430:     5949.880     5949.880     5952.030     5953.880     5954.880
   435:     5954.880     5959.870     5969.620     5977.710     5991.350
   440:     5991.350     5991.350     5991.360     5991.360     5991.360
   445:     5991.360     5991.360     5992.380     5995.360     5996.360
   450:     5996.360     5998.610     5998.610     6000.410     6001.350
   455:     6005.520     6007.510     6008.510     6009.210     6010.700
   460:     6011.830     6011.880     6012.160     6013.500     6014.700
   465:     6017.430     6018.480     6021.410     6029.700     6029.810
   470:     6030.470     6036.680     6036.830     6119.590     6122.600
   475:     6125.170     6125.630     6129.190     6132.570     6133.660
   480:     7497.420     7502.500     7527.100     7559.770     7560.870
   485:     7560.880     7561.050     7561.170     7561.910     7600.670
   490:     7600.760     7946.750     7947.500     7947.560     7947.900
   495:     7948.660     7948.750     7949.190     7949.260     7949.560
   500:     7950.000     7951.090     7951.320     7952.420     7952.440
   505:     7952.970     7953.010     7973.510     7982.660     7990.040
   510:     7990.220     7991.340     7991.370     7991.490     7991.520
   515:     8025.400     8026.280     8026.870     8030.840     8031.650
   520:     8032.850     8032.950     8034.210     8034.520     8035.460
   525:     8038.230     8039.940     8040.160     8040.740     8040.890
   530:     8041.520     8042.340     8043.510     8043.650     8044.030
   535:     8045.440     8045.740     8049.080     8049.120     8049.360
   540:     8049.470     8050.080     8050.260     8050.740     8051.220
   545:     8052.400     8052.920     8060.970     8088.760     8090.240
   550:     8090.410     8090.800     8092.500     8095.610     8095.630
   555:     8097.160     8114.560     8115.400     8115.840     8173.510
   560:     8173.510     8173.510     8173.520     8173.520     8173.520
   565:     8173.520     8173.520     8174.790     8177.520     8178.520
   570:     8178.520     8179.060     8181.970     8183.510     8186.490
   575:     8188.670     8190.910     8191.060     8192.540     8194.040
   580:     8194.360     8194.710     8198.290     8199.310     8199.530
   585:     8200.700     8203.100     8205.340     8206.920     8225.530
   590:     8226.060     8226.280     8226.760     8236.520     8239.990
   595:     8240.130     8240.890     8249.640     8250.060     8250.170
   600:     8253.000     8253.760     8253.830     8254.040     8254.390
   605:     8262.340     8262.690     8282.530     8295.600     8295.600
   610:     8295.600     8295.610     8295.610     8295.610     8295.610
   615:     8295.610     8299.610     8300.610     8300.610     8301.470
   620:     8303.560     8305.600     8306.620     8306.780     8307.570
   625:     8307.640     8308.390     8309.770     8310.050     8311.800
   630:     8312.090     8313.500     8314.070     8317.240     8317.440
   635:     8317.530     8317.610     8324.670     8324.890     8325.440
   640:     8328.790     8329.050     8335.520     8335.810     8336.270
   645:     8343.080     8343.220     8361.940     8362.890     8365.630
   650:     8366.190     8366.560     8366.930     8368.320     8368.630
   655:     8371.180     8373.530     8375.810     9217.430     9279.590
   660:     9279.960     9280.050     9296.480     9297.120     9297.320
   665:     9297.440     9297.540     9298.690     9299.040     9299.120
   670:     9299.560     9300.170     9300.280     9301.350     9301.390
   675:     9302.150     9302.530     9303.890     9306.770     9309.070
   680:     9309.840     9310.030     9326.940     9326.970     9337.750
   685:     9345.300     9354.000     9410.140     9410.140     9410.140
   690:     9410.150     9410.150     9410.150     9410.150     9410.150
   695:     9411.100     9412.920     9413.050     9414.140     9414.150
   700:     9415.150     9415.150     9420.140     9425.870     9425.900
   705:     9425.990     9466.620     9515.680     9516.030     9516.550
   710:     9518.830     9569.540     9601.650     9661.730     9667.280
   715:     9667.620     9668.040     9668.850     9669.020     9727.940
   720:     9727.980     9728.080     9728.190     9728.240     9728.490
   725:     9728.660     9755.320     9755.630     9757.820     9757.820
   730:     9757.820     9757.830     9757.830     9757.830     9757.830
   735:     9757.830     9758.810     9761.830     9762.830     9762.830
   740:     9767.820    10139.460    10141.740    10142.400    10427.430
   745:    10434.010    10560.300    10562.600    10563.110    10596.750
   750:    10600.230    10600.230    10600.230    10600.240    10600.240
   755:    10600.240    10600.240    10600.240    10601.390    10604.240
   760:    10605.240    10605.240    10605.710    10610.230    10630.170
   765:    10630.830    10648.150    10648.300    10652.660    10656.040
   770:    10800.010
