File: C:\MED-PC IV\DATA\!2025-08-26_12h51m.Subject T18



Start Date: 08/26/25
End Date: 08/26/25
Subject: T18
Experiment: OralFentSA
Group: One
Box: 6
Start Time: 12:51:53
End Time: 15:52:20
MSN: Golden_Liq_SelfAdmin_LIT
F:       0.000
G:    1080.000
H:   10800.010
I:       0.000
J:       0.000
K:       0.000
L:       0.000
M:       0.000
N:       0.000
O:       0.000
P:       0.000
Q:       0.000
R:       0.000
S:       0.000
U:       0.000
V:       0.000
W:       0.000
X:       0.000
Y:       0.000
Z:       0.000
A:
     0:        0.000        0.000      180.000        4.000        0.000
     5:        5.000        0.000        5.000        0.000        0.000
    10:        1.000        0.000       10.000  3000000.000       22.000
    15:        7.000      320.000        0.000        0.000        0.000
    20:        0.000
B:
     0:        0.000        0.000        0.000        0.000        0.000
     5:        0.000        0.000        0.000        0.000        0.000
    10:        0.000        0.000        0.000 300000000.00        0.000
    15:        0.000        0.000        0.000        0.000        0.000
    20:        0.000
C:
     0:        0.000        1.000        0.000        0.000     1076.000
     5:        0.000        0.000        0.000        0.000        0.000
    10:        0.000        0.000        0.000        0.000        0.000
    15:        0.000        0.000        0.000        0.000        0.000
    20:        0.000
D:
E:
     0:       19.000       11.000       26.000       27.000        6.000
     5:        6.000        6.000        6.000        6.000        6.000
    10:        6.000        6.000        6.000        6.000        6.000
    15:        6.000        6.000        6.000        6.000        6.000
    20:        6.000        6.000        6.000        6.000        6.000
    25:        6.000        6.000        6.000        6.000        6.000
    30:        6.000        6.000        6.000        6.000        6.000
    35:        6.000        6.000        6.000        6.000        6.000
    40:        6.000        6.000        6.000        6.000        6.000
    45:        6.000        6.000        6.000        6.000        6.000
    50:        6.000        6.000        6.000        6.000        6.000
    55:        6.000        6.000        6.000        6.000        6.000
    60:        6.000        6.000        6.000        6.000        6.000
    65:        6.000        6.000        6.000        6.000        6.000
    70:        6.000        6.000        6.000        6.000        6.000
    75:        6.000        6.000        6.000        6.000        6.000
    80:        6.000        6.000        6.000        6.000        6.000
    85:        6.000        6.000        6.000        6.000        6.000
    90:        6.000        6.000        6.000        6.000        6.000
    95:        6.000        6.000        6.000        6.000        6.000
   100:        6.000        6.000        6.000        6.000        6.000
   105:        6.000        6.000        6.000        6.000        6.000
   110:        6.000        6.000        6.000        6.000        6.000
   115:        6.000        6.000        6.000        6.000        6.000
   120:        6.000        6.000        6.000        6.000        6.000
   125:        6.000        6.000        6.000        6.000        6.000
   130:        6.000        6.000        6.000        6.000        6.000
   135:        6.000        6.000        6.000        6.000        6.000
   140:        6.000        6.000        6.000        6.000        6.000
   145:        6.000        6.000        6.000        6.000        6.000
   150:        6.000        6.000        6.000        6.000        6.000
   155:        6.000        6.000        6.000        6.000        6.000
   160:        6.000        6.000        6.000        6.000        6.000
   165:        6.000        6.000        6.000        6.000        6.000
   170:        6.000        6.000        6.000        6.000        6.000
   175:        6.000        6.000        6.000        6.000        6.000
   180:        6.000        6.000        6.000        6.000        6.000
   185:        6.000        6.000        6.000        6.000        6.000
   190:        6.000        6.000        6.000        6.000        6.000
   195:        6.000        6.000        6.000        6.000        6.000
   200:        6.000        6.000        6.000        6.000        6.000
   205:        6.000        6.000        6.000        6.000        6.000
   210:        6.000        6.000        6.000        6.000        6.000
   215:        6.000        6.000        6.000        6.000        6.000
   220:        6.000        6.000        6.000        6.000        6.000
   225:        6.000        6.000        6.000        6.000        6.000
   230:        6.000        6.000        6.000        6.000        6.000
   235:        6.000        6.000        6.000        6.000        6.000
   240:        6.000        6.000        6.000        6.000        6.000
   245:        6.000        6.000        6.000        6.000        6.000
   250:        6.000        6.000        6.000        6.000        6.000
   255:        6.000        6.000        6.000        6.000        6.000
   260:        6.000        6.000        6.000        6.000        6.000
   265:        6.000        6.000        6.000        6.000        6.000
   270:        6.000        6.000        6.000        6.000        6.000
   275:        6.000        6.000        6.000        6.000        6.000
   280:        6.000        6.000        6.000        6.000        6.000
   285:        6.000        6.000        6.000        6.000        6.000
   290:        6.000        6.000        6.000        6.000        6.000
   295:        6.000        6.000        6.000        6.000        6.000
   300:        6.000        6.000        6.000        6.000        6.000
   305:        6.000        6.000        6.000        6.000        6.000
   310:        6.000        6.000        6.000        6.000        6.000
   315:        6.000        6.000        6.000        6.000        6.000
   320:        6.000        6.000        6.000        6.000        6.000
   325:        6.000        6.000        6.000        6.000        6.000
   330:        6.000        6.000        6.000        6.000        6.000
   335:        6.000        6.000        6.000        6.000        6.000
   340:        6.000        6.000        6.000        6.000        6.000
   345:        6.000        6.000        6.000        6.000        6.000
   350:        6.000        6.000        6.000        6.000        6.000
   355:        6.000        6.000        6.000        6.000        6.000
   360:        6.000        6.000        6.000        6.000        6.000
   365:        6.000        6.000        6.000        6.000        6.000
   370:        6.000        6.000        6.000        6.000        6.000
   375:        6.000        6.000        6.000        6.000        6.000
   380:        6.000        6.000        6.000        6.000        6.000
   385:        6.000        6.000        6.000        6.000        6.000
   390:        6.000        6.000        6.000        6.000        6.000
   395:        6.000        6.000        6.000        6.000        6.000
   400:        6.000        6.000        6.000        6.000        6.000
   405:        6.000        6.000        6.000        6.000        6.000
   410:        6.000        6.000        6.000        6.000        6.000
   415:        6.000        6.000        6.000        6.000        6.000
   420:        6.000        6.000        6.000        6.000        6.000
   425:        6.000        6.000        6.000        6.000        6.000
   430:        6.000        6.000        6.000        6.000        6.000
   435:        6.000        6.000        6.000        6.000        6.000
   440:        6.000        6.000        6.000        6.000        6.000
   445:        6.000        6.000        6.000        6.000        6.000
   450:        6.000        6.000        6.000        6.000        6.000
   455:        6.000        6.000        6.000        6.000        6.000
   460:        6.000        6.000        6.000        6.000        6.000
   465:        6.000        6.000        6.000        6.000        6.000
   470:        6.000        6.000        6.000        6.000        6.000
   475:        6.000        6.000        6.000        6.000        6.000
   480:        6.000        6.000        6.000        6.000        6.000
   485:        6.000        6.000        6.000        6.000        6.000
   490:        6.000        6.000        6.000        6.000        6.000
   495:        6.000        6.000        6.000        6.000        6.000
   500:        6.000        6.000        6.000        6.000        6.000
   505:        6.000        6.000        6.000        6.000        6.000
   510:        6.000        6.000        6.000        6.000        6.000
   515:        6.000        6.000        6.000        6.000        6.000
   520:        6.000        6.000        6.000        6.000        6.000
   525:        6.000        6.000        6.000        6.000        6.000
   530:        6.000        6.000        6.000        6.000        6.000
   535:        6.000        6.000        6.000        6.000        6.000
   540:        6.000        6.000        6.000        6.000        6.000
   545:        6.000        6.000        6.000        6.000        6.000
   550:        6.000        6.000        6.000        6.000        6.000
   555:        6.000        6.000        6.000        6.000        6.000
   560:        6.000        6.000        6.000        6.000        6.000
   565:        6.000        6.000        6.000        6.000        6.000
   570:        6.000        6.000        6.000        6.000        6.000
   575:        6.000        6.000        6.000        6.000        6.000
   580:        6.000        6.000        6.000        6.000        6.000
   585:        6.000        6.000        6.000        6.000        6.000
   590:        6.000        6.000        6.000        6.000        6.000
   595:        6.000        6.000        6.000        6.000        6.000
   600:        6.000        6.000        6.000        6.000        6.000
   605:        6.000        6.000        6.000        6.000        6.000
   610:        6.000        6.000        6.000        6.000        6.000
   615:        6.000        6.000        6.000        6.000        6.000
   620:        6.000        6.000        6.000        6.000        6.000
   625:        6.000        6.000        6.000        6.000        6.000
   630:        6.000        6.000        6.000        6.000        6.000
   635:        6.000        6.000        6.000        6.000        6.000
   640:        6.000        6.000        6.000        6.000        6.000
   645:        6.000        6.000        6.000        6.000        6.000
   650:        6.000        6.000        6.000        6.000        6.000
   655:        6.000        6.000        6.000        6.000        6.000
   660:        6.000        6.000        6.000        6.000        6.000
   665:        6.000        6.000        6.000        6.000        6.000
   670:        6.000        6.000        6.000        6.000        6.000
   675:        6.000        6.000        6.000        6.000        6.000
   680:        6.000        6.000        6.000        6.000        6.000
   685:        6.000        6.000        6.000        6.000        6.000
   690:        6.000        6.000        6.000        6.000        6.000
   695:        6.000        6.000        6.000        6.000        6.000
   700:        6.000        6.000        6.000        6.000        6.000
   705:        6.000        6.000        6.000        6.000        6.000
   710:        6.000        6.000        6.000        6.000        6.000
   715:        6.000        6.000        6.000        6.000        6.000
   720:        6.000        6.000        6.000        6.000        6.000
   725:        6.000        6.000        6.000        6.000        6.000
   730:        6.000        6.000        6.000        6.000        6.000
   735:        6.000        6.000        6.000        6.000        6.000
   740:        6.000        6.000        6.000        6.000        6.000
   745:        6.000        6.000        6.000        6.000        6.000
   750:        6.000        6.000        6.000        6.000        6.000
   755:        6.000        6.000        6.000        6.000        6.000
   760:        6.000        6.000        6.000        6.000        6.000
   765:        6.000        6.000        6.000        6.000        6.000
   770:        6.000        6.000        6.000        6.000        6.000
   775:        6.000        6.000        6.000        6.000        6.000
   780:        6.000        6.000        6.000        6.000        6.000
   785:        6.000        6.000        6.000        6.000        6.000
   790:        6.000        6.000        6.000        6.000        6.000
   795:        6.000        6.000        6.000        6.000        6.000
   800:        6.000        6.000        6.000        6.000        6.000
   805:        6.000        6.000        6.000        6.000        6.000
   810:        6.000        6.000        6.000        6.000        6.000
   815:        6.000        6.000        6.000        6.000        6.000
   820:        6.000        6.000        6.000        6.000        6.000
   825:        6.000        6.000        6.000        6.000        6.000
   830:        6.000        6.000        6.000        6.000        6.000
   835:        6.000        6.000        6.000        6.000        6.000
   840:        6.000        6.000        6.000        6.000        6.000
   845:        6.000        6.000        6.000        6.000        6.000
   850:        6.000        6.000        6.000        6.000        6.000
   855:        6.000        6.000        6.000        6.000        6.000
   860:        6.000        6.000        6.000        6.000        6.000
   865:        6.000        6.000        6.000        6.000        6.000
   870:        6.000        6.000        6.000        6.000        6.000
   875:        6.000        6.000        6.000        6.000        6.000
   880:        6.000        6.000        6.000        6.000        6.000
   885:        6.000        6.000        6.000        6.000        6.000
   890:        6.000        6.000        6.000        6.000        6.000
   895:        6.000        6.000        6.000        6.000        6.000
   900:        6.000        6.000        6.000        6.000        6.000
   905:        6.000        6.000        6.000        6.000        6.000
   910:        6.000        6.000        6.000        6.000        6.000
   915:        6.000        6.000        6.000        6.000        6.000
   920:        6.000        6.000        6.000        6.000        6.000
   925:        6.000        6.000        6.000        6.000        6.000
   930:        6.000        6.000        6.000        6.000        6.000
   935:        6.000        6.000        6.000        6.000        6.000
   940:        6.000        6.000        6.000        6.000        6.000
   945:        6.000        6.000        6.000        6.000        6.000
   950:        6.000        6.000        6.000        6.000        6.000
   955:        6.000        6.000        6.000        6.000        6.000
   960:        6.000        6.000        6.000        6.000        6.000
   965:        6.000        6.000        6.000        6.000        6.000
   970:        6.000        6.000        6.000        6.000        6.000
   975:        6.000        6.000        6.000        6.000        6.000
   980:        6.000        6.000        6.000        6.000        6.000
   985:        6.000        6.000        6.000        6.000        6.000
   990:        6.000        6.000        6.000        6.000        6.000
   995:        6.000        6.000        6.000        6.000        6.000
  1000:        6.000        6.000        6.000        6.000        6.000
  1005:        6.000        6.000        6.000        6.000        6.000
  1010:        6.000        6.000        6.000        6.000        6.000
  1015:        6.000        6.000        6.000        6.000        6.000
  1020:        6.000        6.000        6.000        6.000        6.000
  1025:        6.000        6.000        6.000        6.000        6.000
  1030:        6.000        6.000        6.000        6.000        6.000
  1035:        6.000        6.000        6.000        6.000        6.000
  1040:        6.000        6.000        6.000        6.000        6.000
  1045:        6.000        6.000        6.000        6.000        6.000
  1050:        6.000        6.000        6.000        6.000        6.000
  1055:        6.000        6.000        6.000        6.000        6.000
  1060:        6.000        6.000        6.000        6.000        6.000
  1065:        6.000        6.000        6.000        6.000        6.000
  1070:        6.000        6.000        6.000        6.000        6.000
  1075:        6.000        6.000        6.000        6.000        6.000
  1080:      100.000
T:
     0:        0.000        0.000        0.000        0.000       10.500
     5:       26.670       27.970       28.120       28.310       28.460
    10:       73.810       74.280       75.090       75.460       76.060
    15:       76.100       76.620      192.360      192.480      242.100
    20:      270.630      271.230      271.500      271.650      274.400
    25:      274.550      438.620      440.740      440.760      443.130
    30:      443.270      517.160      517.720      683.780      683.990
    35:      686.420      690.950      691.410      692.090      715.940
    40:      716.680      717.550      717.640      719.930      866.380
    45:      866.530      889.700      891.720      891.790      896.660
    50:      933.820      954.550      983.170     1050.390     1151.080
    55:     1151.610     1180.140     1180.470     1180.610     1211.070
    60:     1241.510     1242.250     1242.330     1298.970     1328.090
    65:     1340.840     1385.700     1405.620     1446.070     1461.520
    70:     1473.570     1476.760     1607.290     1688.370     1688.930
    75:     1731.100     1746.400     1746.910     1813.170     1840.260
    80:     1840.460     1849.050     1849.350     1862.140     1871.730
    85:     1871.780     1880.090     1890.300     1891.890     1901.090
    90:     1924.250     1928.710     1929.330     1929.440     1960.490
    95:     1960.830     1981.570     1981.670     2010.080     2040.400
   100:     2041.630     2061.960     2062.050     2062.240     2062.900
   105:     2063.230     2105.270     2113.070     2128.810     2176.140
   110:     2289.190     2289.240     2289.290     2331.540     2331.770
   115:     2332.190     2338.880     2422.220     2447.140     2452.310
   120:     2464.060     2470.360     2508.310     2508.500     2540.220
   125:     2548.500     2555.510     2566.610     2571.090     2604.120
   130:     2655.240     2661.040     2676.920     2677.130     2686.420
   135:     2691.480     2706.100     2713.750     2718.690     2729.010
   140:     2739.010     2750.310     2783.160     2787.390     2807.170
   145:     2826.270     2830.700     2837.880     2842.020     2866.750
   150:     2872.010     2875.970     2879.590     2882.920     2888.260
   155:     2891.300     2897.300     2900.840     2908.640     2923.670
   160:     2929.800     2936.970     2941.080     2945.220     2980.100
   165:     2984.270     2988.190     2992.010     2996.130     2996.620
   170:     2996.810     3016.480     3032.560     3061.090     3070.680
   175:     3075.000     3078.790     3082.780     3086.590     3100.670
   180:     3103.820     3107.790     3116.630     3119.830     3123.760
   185:     3127.890     3147.650     3150.990     3153.940     3158.860
   190:     3162.390     3162.550     3165.970     3171.790     3175.290
   195:     3179.100     3182.170     3186.590     3193.510     3197.170
   200:     3200.680     3203.770     3213.160     3225.990     3226.100
   205:     3230.050     3238.580     3238.890     3239.110     3242.340
   210:     3245.980     3246.350     3249.910     3269.780     3273.680
   215:     3273.920     3277.460     3284.260     3287.910     3292.380
   220:     3295.690     3305.910     3315.620     3319.070     3322.610
   225:     3343.010     3346.470     3346.950     3355.990     3356.840
   230:     3385.770     3389.720     3393.420     3393.570     3394.000
   235:     3397.790     3420.320     3424.140     3424.250     3431.270
   240:     3459.010     3462.460     3466.000     3466.600     3475.370
   245:     3484.420     3484.460     3504.890     3508.880     3512.610
   250:     3516.680     3521.010     3524.480     3528.510     3545.080
   255:     3548.830     3552.410     3556.300     3560.360     3565.130
   260:     3568.840     3590.740     3590.840     3591.020     3594.070
   265:     3598.200     3620.480     3624.490     3628.780     3632.720
   270:     3647.800     3651.850     3652.050     3671.130     3675.240
   275:     3680.110     3683.490     3691.880     3692.090     3696.510
   280:     3700.290     3718.870     3722.660     3726.670     3744.010
   285:     3747.390     3750.600     3750.880     3754.090     3762.390
   290:     3791.450     3795.150     3798.940     3799.120     3812.180
   295:     3821.240     3836.980     3847.960     3851.350     3855.900
   300:     3864.700     3868.030     3872.130     3885.730     3897.330
   305:     3902.860     3903.310     3906.890     3927.040     3959.620
   310:     3964.930     3975.700     3988.060     3988.300     4009.500
   315:     4013.590     4017.680     4031.440     4035.360     4039.520
   320:     4043.300     4056.210     4056.310     4056.610     4065.400
   325:     4069.330     4075.390     4078.560     4095.090     4095.150
   330:     4098.810     4128.150     4131.780     4138.850     4138.930
   335:     4142.840     4151.350     4170.450     4175.460     4179.700
   340:     4183.120     4208.730     4211.530     4215.500     4219.890
   345:     4220.140     4233.110     4256.420     4260.290     4286.760
   350:     4290.910     4300.100     4301.420     4304.150     4304.300
   355:     4329.680     4334.020     4352.110     4355.540     4373.740
   360:     4377.990     4381.740     4386.370     4401.260     4404.970
   365:     4409.160     4412.610     4441.660     4459.260     4463.230
   370:     4482.870     4486.360     4501.220     4504.450     4508.890
   375:     4514.190     4526.200     4529.580     4529.910     4550.400
   380:     4553.960     4557.440     4571.750     4575.090     4587.730
   385:     4600.060     4607.090     4627.630     4631.610     4650.630
   390:     4654.310     4658.590     4662.440     4662.870     4673.080
   395:     4720.680     4721.070     4744.740     4748.090     4752.500
   400:     4755.440     4758.940     4762.450     4783.340     4786.970
   405:     4819.150     4822.790     4827.740     4885.740     4889.600
   410:     4900.650     4928.420     4928.620     4931.590     4931.770
   415:     4945.550     4945.730     4950.540     4956.470     5001.980
   420:     5017.510     5041.480     5045.290     5048.870     5052.830
   425:     5064.760     5076.350     5080.070     5099.240     5115.270
   430:     5119.040     5122.340     5122.590     5123.000     5138.100
   435:     5141.360     5158.500     5165.950     5166.210     5166.470
   440:     5178.510     5182.060     5186.560     5204.440     5207.970
   445:     5220.900     5241.950     5263.740     5272.230     5293.980
   450:     5303.840     5304.700     5304.920     5308.150     5308.240
   455:     5312.860     5325.300     5329.380     5333.890     5360.120
   460:     5368.980     5372.370     5376.390     5379.780     5385.300
   465:     5389.200     5392.050     5393.030     5395.560     5395.830
   470:     5396.280     5396.360     5400.730     5401.250     5408.440
   475:     5408.930     5417.780     5420.990     5425.240     5428.700
   480:     5433.100     5433.410     5437.090     5443.220     5446.350
   485:     5450.370     5462.230     5465.580     5481.080     5481.130
   490:     5485.020     5488.350     5492.030     5493.150     5493.830
   495:     5497.830     5508.820     5512.790     5520.150     5531.210
   500:     5534.260     5538.300     5543.050     5546.560     5568.000
   505:     5577.430     5580.600     5584.630     5588.790     5589.650
   510:     5594.350     5644.800     5648.460     5648.750     5652.580
   515:     5669.970     5698.930     5702.170     5712.240     5715.960
   520:     5726.680     5731.020     5734.370     5737.650     5758.360
   525:     5797.850     5802.120     5805.500     5809.490     5812.560
   530:     5815.750     5845.330     5848.440     5852.050     5855.900
   535:     5870.160     5873.050     5873.430     5884.800     5894.750
   540:     5901.130     5901.200     5915.680     5937.280     5940.480
   545:     6012.830     6015.800     6019.060     6036.600     6036.950
   550:     6054.210     6060.750     6075.030     6103.980     6127.220
   555:     6127.250     6147.940     6150.760     6169.020     6172.540
   560:     6191.240     6220.620     6224.200     6229.070     6232.540
   565:     6266.450     6270.140     6288.130     6306.790     6310.500
   570:     6314.710     6346.940     6359.010     6362.680     6366.730
   575:     6371.060     6389.160     6392.910     6400.410     6404.060
   580:     6432.570     6432.910     6441.770     6441.820     6457.350
   585:     6460.580     6475.620     6479.080     6488.590     6491.660
   590:     6494.390     6501.340     6522.090     6525.530     6529.140
   595:     6537.270     6541.980     6548.670     6553.050     6556.340
   600:     6559.690     6563.840     6567.570     6567.940     6569.010
   605:     6572.540     6575.340     6575.680     6579.500     6595.960
   610:     6596.370     6600.450     6606.050     6616.240     6620.440
   615:     6632.520     6636.030     6639.700     6644.360     6644.390
   620:     6648.400     6648.610     6648.690     6682.250     6689.190
   625:     6689.430     6712.260     6715.650     6719.670     6737.720
   630:     6746.260     6750.020     6754.030     6772.800     6787.590
   635:     6790.770     6798.950     6803.730     6816.270     6840.950
   640:     6858.840     6895.450     6914.510     6921.360     6921.820
   645:     6940.200     6943.420     6948.050     6964.850     6968.180
   650:     6991.640     6995.120     6999.960     7013.120     7017.000
   655:     7021.140     7025.250     7033.450     7062.380     7064.970
   660:     7072.670     7085.370     7088.560     7088.920     7092.900
   665:     7093.190     7093.410     7114.890     7118.510     7126.720
   670:     7126.870     7127.010     7140.480     7143.360     7151.040
   675:     7151.320     7155.660     7174.700     7178.280     7181.950
   680:     7182.860     7185.950     7186.440     7191.390     7197.120
   685:     7204.700     7204.830     7230.410     7233.570     7255.050
   690:     7255.460     7258.340     7266.780     7288.380     7291.460
   695:     7312.550     7315.740     7337.500     7348.050     7368.030
   700:     7371.030     7371.520     7380.760     7391.300     7394.750
   705:     7429.840     7430.080     7437.940     7442.060     7442.240
   710:     7456.680     7460.260     7464.320     7464.840     7488.430
   715:     7508.430     7512.420     7512.750     7578.220     7587.750
   720:     7614.660     7633.840     7647.670     7651.010     7686.300
   725:     7686.490     7697.420     7705.480     7711.980     7715.470
   730:     7715.690     7726.970     7727.010     7729.890     7734.240
   735:     7743.790     7778.160     7788.380     7799.290     7799.500
   740:     7814.380     7823.320     7826.440     7834.230     7834.410
   745:     7842.060     7890.370     7916.120     7924.210     7924.440
   750:     7940.450     7947.610     7947.830     7976.400     7998.930
   755:     8003.060     8023.060     8028.080     8032.470     8035.960
   760:     8046.880     8051.490     8056.240     8066.320     8070.550
   765:     8080.600     8094.480     8106.650     8115.360     8125.310
   770:     8139.650     8167.480     8167.970     8187.040     8199.500
   775:     8199.630     8249.280     8260.490     8260.550     8272.580
   780:     8286.600     8291.420     8301.230     8321.720     8339.030
   785:     8349.230     8354.170     8360.330     8364.000     8378.600
   790:     8386.930     8409.390     8412.780     8412.920     8413.000
   795:     8419.240     8429.220     8436.380     8448.510     8459.940
   800:     8460.140     8470.370     8492.850     8496.800     8502.770
   805:     8508.250     8514.190     8514.490     8520.740     8521.090
   810:     8533.270     8566.630     8586.420     8592.460     8615.930
   815:     8657.620     8662.600     8663.250     8678.220     8701.900
   820:     8702.200     8702.560     8739.870     8744.760     8764.980
   825:     8765.190     8769.400     8791.830     8851.440     8857.220
   830:     8866.060     8870.050     8870.230     8875.730     8884.540
   835:     8889.280     8890.120     8895.140     8899.840     8904.440
   840:     8908.780     8909.060     8914.490     8914.830     8924.470
   845:     8930.630     8936.750     8940.850     8941.060     8946.310
   850:     8950.770     8950.820     8955.900     8966.030     8971.660
   855:     8983.240     8993.280     8997.620     9004.760     9021.910
   860:     9027.080     9045.250     9052.010     9056.900     9064.070
   865:     9064.240     9070.180     9077.990     9082.400     9090.530
   870:     9090.720     9090.810     9100.200     9111.070     9124.070
   875:     9136.160     9136.270     9144.040     9161.220     9169.770
   880:     9177.990     9185.280     9191.410     9196.470     9207.300
   885:     9213.240     9219.860     9220.410     9224.520     9232.120
   890:     9237.390     9277.790     9281.770     9287.590     9294.310
   895:     9338.270     9344.000     9344.090     9350.190     9350.240
   900:     9362.130     9368.150     9372.160     9380.030     9393.860
   905:     9394.070     9398.290     9402.550     9408.500     9415.240
   910:     9424.450     9443.430     9451.080     9457.920     9463.170
   915:     9467.770     9473.300     9480.850     9486.610     9486.920
   920:     9492.920     9501.780     9507.020     9507.230     9514.460
   925:     9514.630     9519.740     9525.390     9525.530     9525.580
   930:     9537.890     9542.590     9548.050     9551.580     9552.110
   935:     9557.800     9557.950     9580.080     9584.330     9589.210
   940:     9604.690     9610.110     9614.810     9639.590     9643.290
   945:     9657.040     9660.560     9664.790     9686.470     9691.820
   950:     9699.610     9716.960     9720.150     9727.280     9749.590
   955:     9753.470     9758.240     9764.640     9791.380     9795.810
   960:     9825.340     9829.000     9834.030     9834.240     9852.760
   965:     9856.240     9886.580     9886.670     9893.400     9897.050
   970:     9897.370     9927.410     9932.570     9943.720     9947.880
   975:     9973.640    10000.440    10006.060    10026.100    10032.140
   980:    10047.780    10055.860    10066.610    10070.950    10082.610
   985:    10104.500    10117.100    10117.130    10117.210    10132.320
   990:    10132.420    10154.480    10167.250    10174.960    10185.780
   995:    10213.320    10224.940    10238.260    10242.250    10249.680
  1000:    10254.560    10262.190    10263.470    10270.550    10278.230
  1005:    10288.820    10294.590    10294.980    10303.450    10312.290
  1010:    10324.800    10334.810    10378.410    10387.050    10395.190
  1015:    10400.360    10413.960    10431.430    10444.850    10458.170
  1020:    10473.220    10492.570    10499.420    10507.790    10513.510
  1025:    10513.750    10518.840    10532.020    10532.540    10537.330
  1030:    10538.270    10564.160    10568.570    10569.520    10580.030
  1035:    10585.930    10598.070    10599.200    10603.620    10611.000
  1040:    10619.760    10627.780    10633.330    10639.370    10640.050
  1045:    10640.250    10642.310    10648.620    10649.860    10649.990
  1050:    10654.600    10656.460    10665.220    10676.040    10686.960
  1055:    10687.520    10696.100    10696.910    10702.740    10715.920
  1060:    10716.670    10721.080    10729.420    10735.330    10735.890
  1065:    10741.010    10741.300    10748.160    10748.500    10749.140
  1070:    10760.370    10760.940    10767.610    10777.580    10778.410
  1075:    10778.600    10783.340    10784.010    10784.370    10793.300
  1080:    10800.010
