File: C:\MED-PC IV\DATA\!2025-09-17_15h56m.Subject T20



Start Date: 09/17/25
End Date: 09/17/25
Subject: T20
Experiment: OralFentSA
Group: One
Box: 1
Start Time: 15:56:29
End Time: 18:56:36
MSN: Golden_Liq_SelfAdmin_EXT_LIT
F:       0.000
G:    1491.000
H:   10800.010
I:       0.000
J:       0.000
K:       0.000
L:       0.000
M:       0.000
N:       0.000
O:       0.000
P:       0.000
Q:       0.000
R:       0.000
S:       0.000
U:       0.000
V:       0.000
W:       0.000
X:       0.000
Y:       0.000
Z:       0.000
A:
     0:        0.000        0.000      180.000        4.000        0.000
     5:        5.000        0.000        5.000        0.000        0.000
    10:        1.000        0.000       10.000 30000000.000       21.000
    15:       23.000      640.000        0.000        0.000        0.000
    20:        0.000
B:
     0:        0.000        0.000        0.000        0.000        0.000
     5:        0.000        0.000        0.000        0.000        0.000
    10:        0.000        0.000     1000.000 3000000000.0        0.000
    15:        0.000        0.000        0.000        0.000        0.000
    20:        0.000
C:
     0:        0.000       12.000        0.000       11.000     1432.000
     5:    10741.150        1.880       10.000      795.760       79.576
    10:       11.000        0.000        0.000        0.000        0.000
    15:        0.000        0.000        0.000        0.000        0.000
    20:        0.000
D:
     0:       75.770       36.940      102.380       96.900       71.220
     5:       21.410       43.650        6.600      339.010        1.880
E:
     0:       19.000       11.000       26.000       27.000        6.000
     5:        6.000        6.000        6.000        6.000        6.000
    10:        6.000        6.000        6.000        6.000        6.000
    15:        6.000        6.000        6.000        6.000        6.000
    20:        6.000        6.000        6.000        6.000        6.000
    25:        6.000        2.000        4.000       22.000       24.000
    30:       19.000        6.000        6.000        6.000        6.000
    35:        6.000        6.000        6.000        6.000        6.000
    40:        6.000        6.000        6.000        6.000        6.000
    45:        6.000        6.000        6.000        6.000        6.000
    50:        6.000        6.000        6.000        6.000        6.000
    55:        6.000        6.000        6.000        6.000        6.000
    60:        6.000        6.000        2.000        4.000       22.000
    65:       24.000       19.000        2.000        4.000       22.000
    70:       24.000       19.000        6.000        6.000        6.000
    75:        6.000        6.000        6.000        6.000        6.000
    80:        6.000        6.000        6.000        6.000        6.000
    85:        6.000        6.000        6.000        6.000        6.000
    90:        6.000        6.000        6.000        6.000        6.000
    95:        6.000        6.000        6.000        6.000        6.000
   100:        6.000        6.000        6.000        6.000        6.000
   105:        6.000        6.000        6.000        6.000        6.000
   110:        6.000        6.000        6.000        6.000        6.000
   115:        6.000        6.000        6.000        6.000        6.000
   120:        6.000        6.000        6.000        6.000        6.000
   125:        6.000        6.000        6.000        6.000        6.000
   130:        6.000        6.000        2.000        4.000       22.000
   135:       24.000       19.000        6.000        6.000        6.000
   140:        6.000        6.000        6.000        6.000        6.000
   145:        6.000        6.000        6.000        6.000        6.000
   150:        6.000        6.000        2.000        4.000       22.000
   155:       24.000       19.000        6.000        6.000        6.000
   160:        6.000        6.000        6.000        6.000        6.000
   165:        6.000        6.000        6.000        6.000        6.000
   170:        6.000        6.000        6.000        6.000        6.000
   175:        6.000        6.000        6.000        6.000        6.000
   180:        6.000        6.000        6.000        6.000        6.000
   185:        6.000        6.000        6.000        6.000        6.000
   190:        6.000        6.000        2.000        4.000       22.000
   195:       24.000       19.000        6.000        6.000        6.000
   200:        6.000        6.000        6.000        6.000        6.000
   205:        6.000        6.000        6.000        6.000        6.000
   210:        6.000        6.000        6.000        6.000        6.000
   215:        6.000        6.000        6.000        6.000        6.000
   220:        6.000        6.000        6.000        6.000        6.000
   225:        6.000        6.000        6.000        6.000        6.000
   230:        6.000        6.000        6.000        6.000        6.000
   235:        6.000        6.000        6.000        6.000        6.000
   240:        6.000        6.000        6.000        6.000        6.000
   245:        6.000        6.000        6.000        6.000        6.000
   250:        6.000        6.000        6.000        6.000        6.000
   255:        6.000        6.000        6.000        6.000        6.000
   260:        6.000        6.000        6.000        6.000        6.000
   265:        6.000        6.000        6.000        6.000        6.000
   270:        6.000        6.000        6.000        6.000        6.000
   275:        6.000        6.000        6.000        6.000        6.000
   280:        6.000        6.000        6.000        6.000        6.000
   285:        6.000        6.000        6.000        6.000        6.000
   290:        6.000        6.000        6.000        6.000        6.000
   295:        6.000        6.000        6.000        6.000        6.000
   300:        6.000        6.000        6.000        6.000        6.000
   305:        6.000        6.000        6.000        6.000        6.000
   310:        6.000        6.000        6.000        6.000        6.000
   315:        6.000        6.000        6.000        6.000        6.000
   320:        6.000        6.000        6.000        6.000        6.000
   325:        6.000        6.000        6.000        6.000        6.000
   330:        6.000        6.000        6.000        6.000        6.000
   335:        6.000        6.000        6.000        6.000        6.000
   340:        6.000        6.000        6.000        6.000        6.000
   345:        6.000        6.000        6.000        6.000        6.000
   350:        6.000        6.000        6.000        6.000        2.000
   355:        4.000       22.000       24.000       19.000        6.000
   360:        6.000        6.000        2.000        4.000       22.000
   365:       24.000       19.000        6.000        6.000        6.000
   370:        6.000        6.000        6.000        6.000        6.000
   375:        6.000        6.000        6.000        6.000        6.000
   380:        6.000        6.000        6.000        6.000        6.000
   385:        6.000        6.000        6.000        6.000        6.000
   390:        6.000        6.000        6.000        6.000        6.000
   395:        6.000        6.000        6.000        6.000        6.000
   400:        6.000        6.000        6.000        6.000        6.000
   405:        6.000        6.000        6.000        6.000        6.000
   410:        6.000        6.000        6.000        6.000        6.000
   415:        6.000        6.000        6.000        6.000        6.000
   420:        6.000        6.000        6.000        6.000        6.000
   425:        6.000        6.000        6.000        6.000        6.000
   430:        6.000        6.000        6.000        6.000        6.000
   435:        6.000        6.000        6.000        6.000        6.000
   440:        6.000        6.000        6.000        6.000        6.000
   445:        6.000        6.000        6.000        6.000        6.000
   450:        6.000        6.000        6.000        6.000        6.000
   455:        6.000        6.000        6.000        6.000        6.000
   460:        6.000        6.000        6.000        6.000        6.000
   465:        6.000        6.000        6.000        6.000        6.000
   470:        6.000        6.000        6.000        6.000        6.000
   475:        6.000        6.000        6.000        6.000        6.000
   480:        6.000        6.000        6.000        6.000        6.000
   485:        6.000        6.000        6.000        6.000        6.000
   490:        6.000        6.000        6.000        6.000        6.000
   495:        6.000        6.000        6.000        6.000        6.000
   500:        6.000        6.000        6.000        6.000        6.000
   505:        6.000        6.000        6.000        6.000        6.000
   510:        6.000        6.000        6.000        6.000        6.000
   515:        6.000        6.000        6.000        6.000        6.000
   520:        6.000        6.000        6.000        6.000        6.000
   525:        6.000        6.000        6.000        6.000        6.000
   530:        6.000        6.000        6.000        6.000        6.000
   535:        6.000        6.000        6.000        6.000        6.000
   540:        6.000        6.000        6.000        6.000        6.000
   545:        6.000        6.000        6.000        6.000        6.000
   550:        6.000        6.000        6.000        6.000        6.000
   555:        6.000        6.000        6.000        6.000        6.000
   560:        6.000        6.000        6.000        6.000        6.000
   565:        6.000        6.000        6.000        6.000        6.000
   570:        6.000        6.000        6.000        6.000        6.000
   575:        6.000        6.000        6.000        6.000        6.000
   580:        6.000        6.000        6.000        6.000        6.000
   585:        6.000        6.000        6.000        6.000        6.000
   590:        6.000        6.000        6.000        6.000        6.000
   595:        6.000        6.000        6.000        6.000        6.000
   600:        6.000        6.000        6.000        6.000        6.000
   605:        6.000        6.000        6.000        6.000        6.000
   610:        6.000        6.000        6.000        6.000        6.000
   615:        6.000        6.000        6.000        6.000        6.000
   620:        6.000        6.000        6.000        6.000        6.000
   625:        6.000        6.000        6.000        6.000        6.000
   630:        6.000        6.000        6.000        6.000        6.000
   635:        6.000        6.000        6.000        6.000        6.000
   640:        6.000        6.000        6.000        6.000        6.000
   645:        6.000        6.000        6.000        6.000        6.000
   650:        6.000        6.000        6.000        6.000        6.000
   655:        6.000        6.000        6.000        6.000        6.000
   660:        6.000        6.000        6.000        6.000        6.000
   665:        6.000        6.000        6.000        6.000        6.000
   670:        6.000        6.000        6.000        6.000        6.000
   675:        6.000        6.000        6.000        6.000        6.000
   680:        6.000        6.000        6.000        6.000        6.000
   685:        6.000        6.000        6.000        6.000        6.000
   690:        6.000        6.000        6.000        6.000        6.000
   695:        6.000        6.000        6.000        6.000        6.000
   700:        6.000        6.000        6.000        6.000        6.000
   705:        6.000        6.000        6.000        6.000        6.000
   710:        6.000        6.000        6.000        6.000        6.000
   715:        6.000        6.000        6.000        6.000        6.000
   720:        6.000        6.000        6.000        6.000        6.000
   725:        6.000        6.000        6.000        6.000        6.000
   730:        6.000        6.000        6.000        6.000        6.000
   735:        6.000        6.000        6.000        6.000        6.000
   740:        6.000        6.000        6.000        6.000        6.000
   745:        6.000        6.000        6.000        6.000        6.000
   750:        6.000        6.000        6.000        6.000        6.000
   755:        6.000        6.000        6.000        6.000        6.000
   760:        6.000        6.000        6.000        6.000        6.000
   765:        6.000        6.000        6.000        6.000        6.000
   770:        6.000        6.000        6.000        6.000        6.000
   775:        6.000        6.000        6.000        6.000        6.000
   780:        6.000        6.000        6.000        6.000        6.000
   785:        6.000        6.000        6.000        6.000        6.000
   790:        6.000        6.000        6.000        6.000        6.000
   795:        6.000        6.000        6.000        6.000        6.000
   800:        6.000        6.000        6.000        6.000        6.000
   805:        6.000        6.000        6.000        6.000        6.000
   810:        6.000        6.000        6.000        6.000        6.000
   815:        6.000        6.000        6.000        6.000        6.000
   820:        6.000        6.000        6.000        6.000        6.000
   825:        6.000        6.000        6.000        6.000        6.000
   830:        6.000        6.000        6.000        6.000        6.000
   835:        6.000        6.000        6.000        6.000        6.000
   840:        6.000        6.000        6.000        6.000        6.000
   845:        6.000        6.000        6.000        6.000        6.000
   850:        6.000        6.000        6.000        6.000        6.000
   855:        6.000        6.000        6.000        6.000        6.000
   860:        6.000        6.000        6.000        6.000        6.000
   865:        6.000        6.000        6.000        6.000        6.000
   870:        6.000        6.000        6.000        6.000        6.000
   875:        6.000        6.000        6.000        6.000        6.000
   880:        6.000        6.000        6.000        6.000        6.000
   885:        6.000        6.000        6.000        6.000        6.000
   890:        6.000        6.000        6.000        6.000        6.000
   895:        6.000        6.000        6.000        6.000        6.000
   900:        6.000        6.000        6.000        6.000        6.000
   905:        6.000        6.000        6.000        6.000        6.000
   910:        6.000        6.000        6.000        6.000        6.000
   915:        6.000        6.000        6.000        6.000        6.000
   920:        6.000        6.000        6.000        6.000        6.000
   925:        6.000        6.000        6.000        6.000        6.000
   930:        6.000        6.000        6.000        6.000        6.000
   935:        6.000        6.000        6.000        6.000        6.000
   940:        6.000        6.000        6.000        6.000        6.000
   945:        6.000        6.000        6.000        6.000        6.000
   950:        6.000        6.000        6.000        6.000        6.000
   955:        6.000        6.000        6.000        6.000        6.000
   960:        6.000        6.000        6.000        6.000        6.000
   965:        6.000        6.000        6.000        6.000        6.000
   970:        6.000        6.000        6.000        6.000        6.000
   975:        6.000        6.000        6.000        6.000        6.000
   980:        6.000        6.000        6.000        6.000        6.000
   985:        6.000        6.000        6.000        6.000        6.000
   990:        6.000        6.000        6.000        6.000        6.000
   995:        6.000        6.000        6.000        6.000        6.000
  1000:        6.000        6.000        6.000        6.000        6.000
  1005:        6.000        6.000        6.000        6.000        6.000
  1010:        6.000        6.000        6.000        6.000        6.000
  1015:        6.000        6.000        6.000        6.000        6.000
  1020:        6.000        6.000        6.000        6.000        6.000
  1025:        6.000        6.000        6.000        6.000        6.000
  1030:        6.000        6.000        6.000        6.000        6.000
  1035:        6.000        6.000        6.000        6.000        6.000
  1040:        6.000        6.000        6.000        6.000        6.000
  1045:        6.000        6.000        6.000        6.000        6.000
  1050:        6.000        6.000        6.000        6.000        6.000
  1055:        6.000        6.000        6.000        6.000        6.000
  1060:        6.000        6.000        6.000        6.000        6.000
  1065:        6.000        6.000        6.000        6.000        6.000
  1070:        6.000        6.000        6.000        6.000        6.000
  1075:        6.000        6.000        6.000        6.000        6.000
  1080:        6.000        6.000        6.000        6.000        6.000
  1085:        6.000        6.000        6.000        6.000        6.000
  1090:        6.000        6.000        6.000        6.000        6.000
  1095:        6.000        6.000        6.000        6.000        6.000
  1100:        6.000        6.000        6.000        6.000        6.000
  1105:        6.000        6.000        6.000        6.000        6.000
  1110:        6.000        6.000        6.000        6.000        6.000
  1115:        6.000        6.000        6.000        6.000        6.000
  1120:        6.000        6.000        6.000        6.000        6.000
  1125:        6.000        6.000        6.000        6.000        6.000
  1130:        6.000        6.000        6.000        6.000        6.000
  1135:        6.000        6.000        6.000        6.000        6.000
  1140:        6.000        6.000        6.000        6.000        6.000
  1145:        6.000        6.000        6.000        6.000        6.000
  1150:        6.000        6.000        6.000        6.000        6.000
  1155:        6.000        6.000        6.000        6.000        6.000
  1160:        6.000        6.000        6.000        6.000        6.000
  1165:        6.000        6.000        6.000        6.000        6.000
  1170:        6.000        6.000        2.000        4.000       22.000
  1175:       24.000        6.000       19.000        6.000        6.000
  1180:        6.000        6.000        6.000        6.000        6.000
  1185:        6.000        6.000        6.000        6.000        6.000
  1190:        6.000        6.000        6.000        6.000        6.000
  1195:        6.000        6.000        6.000        6.000        6.000
  1200:        6.000        6.000        6.000        6.000        6.000
  1205:        6.000        6.000        6.000        6.000        6.000
  1210:        6.000        6.000        6.000        6.000        6.000
  1215:        6.000        6.000        6.000        6.000        6.000
  1220:        6.000        6.000        6.000        6.000        6.000
  1225:        6.000        6.000        6.000        6.000        6.000
  1230:        6.000        6.000        6.000        6.000        6.000
  1235:        6.000        6.000        6.000        6.000        6.000
  1240:        6.000        6.000        6.000        6.000        6.000
  1245:        6.000        6.000        6.000        6.000        6.000
  1250:        6.000        6.000        6.000        6.000        6.000
  1255:        6.000        6.000        6.000        6.000        6.000
  1260:        6.000        6.000        6.000        6.000        6.000
  1265:        6.000        6.000        6.000        6.000        6.000
  1270:        6.000        6.000        6.000        6.000        6.000
  1275:        6.000        6.000        6.000        6.000        6.000
  1280:        6.000        6.000        6.000        6.000        6.000
  1285:        6.000        6.000        6.000        6.000        6.000
  1290:        6.000        6.000        6.000        6.000        6.000
  1295:        6.000        6.000        6.000        6.000        6.000
  1300:        6.000        6.000        6.000        6.000        6.000
  1305:        6.000        6.000        6.000        6.000        6.000
  1310:        6.000        6.000        6.000        6.000        6.000
  1315:        6.000        6.000        6.000        6.000        6.000
  1320:        6.000        6.000        6.000        6.000        6.000
  1325:        6.000        6.000        6.000        6.000        6.000
  1330:        6.000        6.000        6.000        6.000        6.000
  1335:        6.000        6.000        6.000        6.000        6.000
  1340:        6.000        6.000        6.000        6.000        6.000
  1345:        6.000        6.000        6.000        6.000        6.000
  1350:        6.000        6.000        6.000        6.000        6.000
  1355:        6.000        6.000        6.000        6.000        6.000
  1360:        6.000        6.000        6.000        6.000        6.000
  1365:        6.000        6.000        6.000        6.000        6.000
  1370:        6.000        6.000        6.000        6.000        6.000
  1375:        6.000        6.000        6.000        6.000        6.000
  1380:        6.000        6.000        6.000        6.000        6.000
  1385:        6.000        6.000        6.000        6.000        6.000
  1390:        6.000        6.000        6.000        6.000        6.000
  1395:        6.000        6.000        6.000        6.000        6.000
  1400:        6.000        6.000        6.000        6.000        6.000
  1405:        6.000        6.000        6.000        6.000        6.000
  1410:        6.000        6.000        6.000        6.000        6.000
  1415:        6.000        6.000        6.000        6.000        6.000
  1420:        6.000        6.000        6.000        6.000        6.000
  1425:        6.000        6.000        6.000        6.000        6.000
  1430:        6.000        6.000        6.000        6.000        6.000
  1435:        6.000        6.000        6.000        6.000        6.000
  1440:        6.000        6.000        2.000        4.000       22.000
  1445:       24.000       19.000        6.000        6.000        6.000
  1450:        6.000        6.000        6.000        6.000        6.000
  1455:        6.000        6.000        6.000        6.000        6.000
  1460:        6.000        6.000        6.000        6.000        6.000
  1465:        6.000        6.000        6.000        6.000        6.000
  1470:        6.000        6.000        6.000        6.000        6.000
  1475:        6.000        6.000        6.000        6.000        6.000
  1480:        6.000        6.000        2.000        4.000       22.000
  1485:       24.000        6.000        6.000       19.000        6.000
  1490:        6.000      100.000
T:
     0:        0.000        0.000        0.000        0.000       88.020
     5:      124.180      186.290      186.870      206.570      272.380
    10:      272.680      276.000      390.120      419.990      442.640
    15:      448.350      449.650      458.150      459.760      461.820
    20:      482.460      483.900      534.290      559.750      594.170
    25:      594.700      643.420      643.420      643.420      643.430
    30:      653.420      719.200      720.480      740.890      834.900
    35:      848.780      851.010      974.590      974.640      975.160
    40:      992.790      996.400      998.060     1000.760     1001.600
    45:     1002.390     1005.280     1007.450     1008.810     1011.110
    50:     1013.350     1013.840     1015.460     1015.730     1036.290
    55:     1037.760     1081.020     1081.380     1269.700     1270.040
    60:     1270.160     1350.340     1415.820     1415.820     1415.820
    65:     1415.830     1425.820     1428.240     1428.240     1428.240
    70:     1428.250     1438.240     1465.190     1692.740     1693.350
    75:     1694.490     1694.630     1695.090     1702.240     1703.550
    80:     1703.940     1742.250     1794.610     1878.720     1879.220
    85:     1922.970     1923.350     1923.440     1923.490     1923.680
    90:     1935.510     1936.320     1936.410     1936.450     1948.600
    95:     1948.690     2099.120     2099.670     2136.010     2136.940
   100:     2136.980     2137.780     2137.920     2174.030     2174.490
   105:     2174.600     2177.490     2178.190     2183.000     2183.020
   110:     2199.020     2232.890     2233.010     2233.500     2367.740
   115:     2421.570     2421.640     2426.770     2426.810     2427.270
   120:     2427.760     2447.150     2448.780     2448.950     2449.030
   125:     2449.330     2462.250     2462.850     2462.900     2463.180
   130:     2463.240     2463.710     2501.330     2501.330     2501.330
   135:     2501.340     2511.330     2603.720     2606.560     2618.350
   140:     2619.760     2620.320     2624.810     2625.230     2625.460
   145:     2636.310     2728.060     2777.380     2862.810     2871.540
   150:     2877.590     2879.290     2900.440     2900.440     2900.440
   155:     2900.450     2910.440     2997.350     3056.560     3070.970
   160:     3154.800     3155.360     3156.260     3204.500     3206.230
   165:     3207.570     3207.800     3211.650     3219.570     3222.240
   170:     3224.380     3243.100     3294.220     3332.260     3332.680
   175:     3332.870     3446.720     3449.100     3449.120     3449.320
   180:     3451.540     3453.300     3453.360     3462.090     3465.440
   185:     3465.880     3466.360     3511.670     3541.410     3541.920
   190:     3542.410     3543.410     3636.730     3636.730     3636.730
   195:     3636.740     3646.730     3707.960     3726.370     3736.190
   200:     3739.790     3753.600     3756.830     3758.180     3765.850
   205:     3767.920     3768.940     3885.850     3888.050     3908.470
   210:     3909.700     3909.970     3910.160     3911.050     3911.590
   215:     4093.930     4103.060     4167.380     4188.920     4240.150
   220:     4247.750     4248.850     4249.060     4249.500     4249.720
   225:     4249.830     4249.950     4250.010     4250.170     4255.820
   230:     4261.580     4280.070     4280.810     4281.650     4281.760
   235:     4284.380     4306.380     4306.700     4326.490     4327.840
   240:     4328.450     4328.610     4328.730     4328.930     4329.010
   245:     4329.110     4329.180     4329.250     4329.370     4329.750
   250:     4329.930     4330.040     4330.340     4331.110     4333.730
   255:     4334.170     4334.770     4335.030     4335.070     4336.460
   260:     4341.050     4341.170     4341.830     4341.940     4342.150
   265:     4344.480     4344.880     4345.730     4345.940     4349.280
   270:     4349.370     4349.460     4349.560     4349.660     4349.750
   275:     4349.840     4349.930     4350.090     4350.180     4352.250
   280:     4352.460     4352.670     4352.840     4355.170     4359.340
   285:     4359.750     4359.860     4360.000     4361.940     4362.510
   290:     4386.770     4390.020     4392.140     4392.290     4392.480
   295:     4392.630     4392.740     4392.880     4392.970     4393.070
   300:     4393.150     4393.220     4393.340     4393.380     4393.500
   305:     4393.680     4393.710     4393.760     4393.890     4394.110
   310:     4394.340     4394.400     4394.450     4394.670     4396.190
   315:     4396.620     4396.700     4396.780     4397.050     4397.280
   320:     4397.690     4397.890     4399.240     4400.620     4400.840
   325:     4401.010     4401.160     4402.170     4404.060     4404.370
   330:     4404.570     4404.620     4426.560     4443.140     4451.730
   335:     4452.340     4452.560     4452.900     4453.820     4453.920
   340:     4454.060     4458.020     4458.950     4459.650     4459.790
   345:     4464.680     4467.390     4583.820     4658.480     4734.170
   350:     4763.610     4763.940     4765.270     4808.300     4961.590
   355:     4961.590     4961.590     4961.600     4971.590     4983.010
   360:     4992.160     5055.260     5103.980     5103.980     5103.980
   365:     5103.990     5113.980     5147.640     5150.030     5150.300
   370:     5150.400     5151.760     5154.930     5155.890     5306.150
   375:     5307.050     5439.080     5439.240     5563.680     5565.030
   380:     5587.300     5588.090     5592.640     5755.640     5775.530
   385:     5790.830     5861.620     5867.000     5867.580     5868.230
   390:     5869.100     5869.300     5869.360     5869.780     5870.340
   395:     5870.530     5870.750     5871.070     5871.240     5871.830
   400:     5872.460     5873.150     5873.380     5873.540     5873.710
   405:     5873.720     5873.810     5873.890     5874.020     5874.100
   410:     5874.190     5874.470     5874.780     5875.420     5875.960
   415:     5876.020     5876.250     5877.040     5877.600     5877.720
   420:     5910.390     5969.800     5986.580     5989.730     5999.760
   425:     6002.700     6020.190     6020.780     6021.980     6023.720
   430:     6025.840     6026.820     6027.730     6029.310     6029.520
   435:     6031.130     6033.720     6044.850     6046.690     6046.800
   440:     6047.150     6047.250     6047.360     6047.450     6047.570
   445:     6047.630     6047.740     6047.840     6047.930     6048.020
   450:     6048.220     6048.390     6048.530     6048.590     6048.770
   455:     6049.000     6049.270     6049.830     6061.800     6062.210
   460:     6063.960     6064.150     6064.290     6064.620     6064.830
   465:     6065.250     6065.400     6065.520     6066.610     6066.650
   470:     6067.030     6067.050     6067.270     6067.400     6067.640
   475:     6067.790     6067.870     6068.050     6068.850     6068.940
   480:     6072.160     6072.330     6072.590     6073.280     6076.690
   485:     6076.990     6077.180     6077.680     6081.410     6082.020
   490:     6084.450     6084.550     6085.160     6086.550     6117.790
   495:     6119.260     6214.910     6215.100     6215.520     6215.530
   500:     6220.820     6221.290     6222.500     6222.620     6313.950
   505:     6318.900     6352.370     6368.930     6378.500     6379.290
   510:     6379.420     6379.800     6380.080     6380.340     6381.440
   515:     6381.590     6381.720     6381.780     6381.840     6382.150
   520:     6383.570     6383.670     6383.910     6384.100     6385.030
   525:     6385.820     6386.620     6392.430     6394.590     6397.330
   530:     6397.410     6402.480     6403.240     6403.680     6404.610
   535:     6418.300     6420.310     6420.490     6420.740     6420.790
   540:     6421.030     6421.150     6421.300     6421.500     6426.770
   545:     6431.380     6432.640     6434.420     6434.570     6434.610
   550:     6435.540     6445.260     6445.480     6446.090     6446.120
   555:     6446.290     6446.550     6446.750     6446.970     6447.130
   560:     6447.160     6447.380     6447.440     6447.540     6447.710
   565:     6447.860     6448.040     6448.220     6448.610     6448.760
   570:     6449.080     6449.400     6449.580     6450.020     6450.240
   575:     6450.410     6450.800     6450.990     6451.010     6451.180
   580:     6452.500     6452.680     6456.060     6456.470     6456.770
   585:     6456.810     6456.930     6457.090     6457.130     6457.170
   590:     6457.460     6457.620     6457.770     6458.380     6458.530
   595:     6458.750     6458.800     6458.950     6459.160     6459.230
   600:     6459.320     6459.390     6459.410     6459.610     6459.650
   605:     6459.850     6459.990     6460.590     6460.770     6460.930
   610:     6461.640     6461.850     6465.480     6465.750     6466.980
   615:     6467.900     6481.880     6485.390     6485.850     6490.580
   620:     6490.750     6491.710     6492.760     6492.920     6497.640
   625:     6501.330     6503.840     6508.040     6508.120     6508.410
   630:     6508.670     6509.680     6515.070     6522.770     6524.490
   635:     6525.290     6525.800     6525.880     6526.120     6526.390
   640:     6526.560     6526.730     6527.010     6527.080     6527.260
   645:     6528.600     6528.650     6528.770     6530.910     6530.980
   650:     6531.150     6533.150     6533.190     6543.640     6543.960
   655:     6544.080     6544.250     6544.340     6544.450     6547.650
   660:     6557.560     6558.350     6562.300     6563.360     6563.700
   665:     6565.440     6567.490     6568.510     6568.580     6569.230
   670:     6612.290     6619.660     6625.980     6626.660     6627.280
   675:     6627.510     6627.610     6628.230     6629.530     6629.560
   680:     6629.600     6629.920     6632.520     6632.720     6632.860
   685:     6634.210     6634.500     6637.100     6638.080     6638.430
   690:     6638.590     6639.880     6641.020     6641.630     6641.840
   695:     6641.890     6641.970     6642.610     6642.750     6642.930
   700:     6643.130     6643.290     6680.490     6681.140     6686.040
   705:     6687.920     6698.770     6723.300     6724.810     6725.750
   710:     6725.960     6726.060     6735.900     6745.280     6745.990
   715:     6750.790     6753.340     6817.190     6829.510     6830.250
   720:     6831.970     6834.790     6834.850     6834.900     6844.210
   725:     6844.300     6845.750     6846.300     6846.410     6846.430
   730:     6846.480     6847.510     6848.090     6881.690     6881.990
   735:     6882.160     6884.140     6901.920     6901.990     6902.720
   740:     6903.810     6905.300     6905.470     6905.680     6905.880
   745:     6906.060     6906.230     6906.440     6906.860     6907.080
   750:     6907.260     6907.460     6907.630     6908.660     6909.970
   755:     6910.290     6910.440     6911.780     6911.960     6912.230
   760:     6915.290     6966.180     6966.670     6968.560     6968.860
   765:     6968.950     7278.830     7279.010     7279.070     7279.130
   770:     7279.250     7279.370     7280.290     7280.340     7280.710
   775:     7281.340     7281.660     7282.500     7287.740     7289.170
   780:     7304.870     7305.790     7336.560     7340.530     7341.960
   785:     7366.760     7368.080     7374.830     7423.290     7485.360
   790:     7485.900     7486.290     7487.050     7487.130     7488.130
   795:     7488.400     7489.220     7493.180     7496.740     7510.100
   800:     7516.870     7552.930     7558.270     7558.830     7559.880
   805:     7568.230     7681.790     7683.080     7683.280     7683.470
   810:     7683.660     7683.870     7684.110     7684.340     7686.450
   815:     7686.560     7686.680     7686.780     7686.930     7687.040
   820:     7687.090     7687.200     7687.470     7688.200     7688.330
   825:     7688.480     7689.250     7689.310     7695.170     7695.460
   830:     7696.560     7697.150     7698.090     7698.250     7698.910
   835:     7703.530     7705.050     7705.580     7706.240     7706.310
   840:     7707.190     7707.690     7708.040     7708.290     7708.740
   845:     7708.810     7709.100     7709.230     7710.200     7712.180
   850:     7712.260     7712.390     7712.590     7712.660     7712.800
   855:     7715.410     7715.440     7715.580     7715.730     7715.850
   860:     7715.970     7716.110     7716.840     7716.980     7717.150
   865:     7717.250     7717.380     7717.990     7719.160     7719.340
   870:     7719.500     7719.620     7719.840     7719.950     7720.030
   875:     7720.100     7720.160     7722.260     7722.310     7722.530
   880:     7722.670     7722.830     7722.930     7723.550     7723.670
   885:     7723.830     7724.030     7724.060     7724.170     7724.330
   890:     7724.470     7724.570     7724.650     7725.550     7725.760
   895:     7726.030     7726.230     7726.380     7726.510     7727.410
   900:     7727.710     7727.780     7727.990     7728.330     7728.430
   905:     7729.250     7729.420     7729.980     7730.390     7731.510
   910:     7731.560     7735.320     7735.330     7735.800     7736.800
   915:     7736.850     7736.880     7737.330     7737.490     7737.750
   920:     7738.190     7738.370     7738.460     7738.650     7738.910
   925:     7739.360     7739.420     7739.430     7739.450     7739.680
   930:     7739.880     7739.960     7740.150     7740.630     7740.830
   935:     7740.980     7741.170     7741.710     7742.500     7742.880
   940:     7743.090     7743.250     7743.430     7743.790     7744.090
   945:     7744.250     7744.400     7744.520     7744.590     7745.060
   950:     7745.650     7745.840     7745.960     7746.160     7746.200
   955:     7746.270     7746.370     7746.540     7746.620     7746.730
   960:     7746.940     7747.080     7747.100     7747.270     7747.660
   965:     7748.380     7748.880     7748.900     7748.920     7749.350
   970:     7749.480     7751.460     7752.620     7752.970     7753.270
   975:     7753.290     7753.340     7753.450     7754.560     7755.350
   980:     7755.440     7755.690     7755.760     7756.390     7756.470
   985:     7756.510     7756.860     7757.000     7757.210     7757.420
   990:     7757.440     7757.600     7757.740     7757.930     7758.120
   995:     7758.280     7761.580     7762.140     7762.370     7762.410
  1000:     7762.540     7762.700     7762.890     7763.080     7763.180
  1005:     7763.270     7763.350     7763.600     7763.720     7763.930
  1010:     7763.980     7765.330     7765.450     7765.570     7765.830
  1015:     7766.560     7768.920     7769.200     7769.320     7770.340
  1020:     7770.400     7770.480     7770.570     7770.650     7770.730
  1025:     7770.830     7770.970     7771.070     7771.850     7771.910
  1030:     7772.070     7772.270     7772.440     7772.620     7773.530
  1035:     7773.730     7773.860     7773.920     7774.000     7774.080
  1040:     7775.210     7775.270     7775.620     7776.520     7776.590
  1045:     7776.690     7776.780     7777.110     7777.320     7780.090
  1050:     7780.380     7781.850     7781.980     7783.680     7783.840
  1055:     7783.870     7784.020     7784.290     7784.370     7784.470
  1060:     7784.570     7784.680     7784.760     7784.950     7785.050
  1065:     7785.220     7785.470     7785.900     7786.280     7786.400
  1070:     7786.540     7786.740     7789.680     7789.900     7790.330
  1075:     7790.580     7790.750     7790.860     7791.060     7791.530
  1080:     7792.210     7792.230     7792.400     7792.820     7792.920
  1085:     7792.930     7793.180     7793.510     7793.660     7793.920
  1090:     7793.960     7794.030     7794.140     7794.260     7794.370
  1095:     7794.430     7794.440     7794.480     7797.070     7797.870
  1100:     7798.330     7798.380     7798.780     7799.040     7799.140
  1105:     7799.160     7799.380     7799.540     7800.060     7800.490
  1110:     7800.680     7800.750     7800.810     7800.830     7800.920
  1115:     7801.030     7801.150     7801.170     7801.240     7801.320
  1120:     7801.790     7804.020     7804.190     7804.370     7804.440
  1125:     7804.490     7805.280     7805.450     7805.650     7806.020
  1130:     7806.200     7806.390     7806.590     7807.610     7807.850
  1135:     7808.030     7808.380     7808.600     7808.890     7809.000
  1140:     7809.090     7809.230     7809.470     7809.740     7811.610
  1145:     7811.780     7812.430     7812.610     7812.710     7812.820
  1150:     7817.640     7817.680     7817.830     7818.030     7818.220
  1155:     7843.410     7852.080     7853.050     7853.220     7964.500
  1160:     7968.510     7969.080     8029.940     8032.680     8032.890
  1165:     8033.420     8033.720     8035.710     8035.800     8036.280
  1170:     8102.810     8147.220     8163.020     8163.020     8163.020
  1175:     8163.030     8169.630     8173.020     8206.530     8241.770
  1180:     8249.230     8250.030     8250.390     8253.940     8268.390
  1185:     8277.600     8277.750     8279.530     8279.880     8280.320
  1190:     8281.180     8281.520     8281.600     8286.230     8287.770
  1195:     8294.950     8295.170     8295.530     8295.570     8295.610
  1200:     8295.940     8295.970     8296.150     8296.230     8296.780
  1205:     8297.030     8297.350     8298.250     8298.450     8299.360
  1210:     8300.270     8300.490     8301.340     8301.500     8301.650
  1215:     8301.900     8304.470     8304.570     8304.630     8304.790
  1220:     8304.850     8313.020     8314.090     8316.910     8316.940
  1225:     8317.250     8317.390     8318.750     8321.110     8326.200
  1230:     8346.230     8346.720     8346.820     8347.100     8359.050
  1235:     8359.190     8359.250     8359.350     8359.560     8359.650
  1240:     8359.840     8359.930     8360.020     8360.130     8360.190
  1245:     8360.310     8360.400     8360.540     8360.840     8360.860
  1250:     8361.270     8361.470     8361.600     8361.690     8361.740
  1255:     8361.860     8362.070     8362.190     8362.280     8362.920
  1260:     8364.070     8366.290     8366.400     8366.440     8366.520
  1265:     8366.610     8366.840     8366.890     8367.040     8367.180
  1270:     8367.290     8367.380     8367.500     8367.680     8367.820
  1275:     8367.850     8367.960     8368.010     8368.100     8368.220
  1280:     8369.440     8369.540     8369.640     8369.780     8370.910
  1285:     8372.580     8375.080     8375.140     8375.360     8375.440
  1290:     8375.490     8375.550     8387.690     8387.900     8387.980
  1295:     8388.250     8388.370     8388.510     8388.590     8398.480
  1300:     8398.620     8415.160     8415.430     8415.610     8415.820
  1305:     8416.020     8416.450     8416.670     8419.680     8420.030
  1310:     8431.840     8434.040     8466.160     8467.650     8468.430
  1315:     8468.970     8469.440     8469.520     8469.720     8470.290
  1320:     8470.470     8471.080     8497.860     8507.580     8532.100
  1325:     8532.190     8532.220     8532.570     8670.540     8676.070
  1330:     8677.000     8677.420     8678.240     8679.400     8679.450
  1335:     8892.100     8893.360     8893.900     8893.930     8893.950
  1340:     8894.330     8894.430     8900.730     8901.860     8902.190
  1345:     8902.690     8903.520     8906.090     8906.930     8907.130
  1350:     8907.360     8907.610     8907.800     8907.840     8907.940
  1355:     8908.180     8908.240     8908.320     8908.420     8908.590
  1360:     8908.700     8908.780     8909.020     8909.440     8909.680
  1365:     8910.070     8910.250     8911.520     8911.730     8912.350
  1370:     8912.570     8912.760     8913.000     8913.170     8913.190
  1375:     8913.430     8913.460     8913.680     8913.720     8914.000
  1380:     8914.430     8914.460     8914.550     8914.580     8914.660
  1385:     8914.860     8915.080     8915.330     8917.420     8917.630
  1390:     8924.040     8924.410     8930.730     8944.100     9010.760
  1395:     9010.880     9017.180     9017.360     9017.570     9017.640
  1400:     9017.780     9017.970     9018.180     9018.410     9018.630
  1405:     9018.850     9019.100     9019.320     9019.550     9020.040
  1410:     9020.210     9020.300     9020.540     9020.850     9023.430
  1415:     9028.740     9028.960     9029.180     9048.100     9050.350
  1420:     9050.500     9054.780     9072.470     9105.920     9122.430
  1425:     9122.720     9123.100     9238.350     9238.410     9239.680
  1430:     9257.790     9288.980     9289.290     9289.340     9289.400
  1435:     9289.680     9290.020     9294.820     9295.140     9305.490
  1440:     9399.810     9402.670     9425.470     9425.470     9425.470
  1445:     9425.480     9435.470     9764.490     9774.450     9865.630
  1450:     9867.200     9867.230     9867.430     9867.840     9966.030
  1455:     9967.080    10073.630    10073.960    10089.670    10089.930
  1460:    10116.990    10117.290    10156.150    10221.150    10221.510
  1465:    10309.280    10343.210    10345.670    10346.810    10428.040
  1470:    10449.750    10460.710    10519.010    10519.140    10545.300
  1475:    10579.440    10580.530    10581.130    10584.150    10587.230
  1480:    10632.670    10736.320    10741.140    10741.140    10741.140
  1485:    10741.150    10743.030    10744.220    10751.140    10784.290
  1490:    10799.380    10800.010
