File: C:\MED-PC IV\DATA\!2025-05-29_12h42m.Subject T10



Start Date: 05/29/25
End Date: 05/29/25
Subject: T10
Experiment: OralFentSA
Group: One
Box: 4
Start Time: 12:42:12
End Time: 15:42:16
MSN: Golden_Liq_SelfAdmin
F:       0.000
G:    1507.000
H:   10800.010
I:       0.000
J:       0.000
K:       0.000
L:       0.000
M:       0.000
N:       0.000
O:       0.000
P:       0.000
Q:       0.000
R:       0.000
S:       0.000
U:       0.000
V:       0.000
W:       0.000
X:       0.000
Y:       0.000
Z:       0.000
A:
     0:        0.000        0.000      180.000        4.000        0.000
     5:        5.000        0.000        5.000        0.000        0.000
    10:        1.000        0.000       10.000  3000000.000       25.000
    15:       13.000      640.000        0.000        0.000        0.000
    20:        0.000
B:
     0:        0.000        0.000        0.000      400.000        0.000
     5:      500.000        0.000      500.000        0.000        0.000
    10:        0.000        0.000     1000.000 300000000.00        0.000
    15:        0.000        0.000        0.000        0.000        0.000
    20:        0.000
C:
     0:       45.000       46.000        0.000      125.000      684.000
     5:     8186.710        9.930       34.000     1602.170       47.123
    10:      125.000       29.000        0.000        0.000        0.000
    15:        0.000        0.000        0.000        0.000        0.000
    20:        0.000
D:
     0:       29.930       37.780        1.350      146.260       82.220
     5:        9.220       13.450       23.540       19.620       18.570
    10:      247.040       12.840        1.180        9.610        2.590
    15:      325.400       32.560        3.090        0.450       52.930
    20:        9.560        1.220       80.660        1.020       10.230
    25:        9.220        4.410      364.400        3.120       14.180
    30:        3.370       13.510        7.710        9.930
E:
     0:       19.000       11.000       26.000       27.000        2.000
     5:        4.000       22.000       24.000       12.000       13.000
    10:        8.000        5.000       17.000       18.000       14.000
    15:       10.000       19.000       11.000        6.000        6.000
    20:        6.000        6.000        2.000        4.000       22.000
    25:       24.000       12.000       13.000        8.000        5.000
    30:       17.000       18.000       14.000       10.000       19.000
    35:       11.000        2.000        4.000       22.000       24.000
    40:       12.000       13.000        8.000        5.000       17.000
    45:       21.000       22.000       18.000       21.000       22.000
    50:       14.000       10.000       19.000       11.000        6.000
    55:        2.000        4.000       22.000       24.000       12.000
    60:       13.000        8.000        5.000       17.000        6.000
    65:       18.000        6.000       14.000       10.000       23.000
    70:       19.000       11.000       23.000        6.000        6.000
    75:        6.000        6.000        6.000        6.000        6.000
    80:        6.000        6.000        6.000        6.000        6.000
    85:        2.000        4.000       22.000       24.000       12.000
    90:       13.000        8.000        5.000       17.000       18.000
    95:       14.000       10.000       19.000       11.000        6.000
   100:        6.000        6.000        6.000        6.000        6.000
   105:        6.000        6.000        6.000        6.000        6.000
   110:        6.000       23.000       23.000        2.000        4.000
   115:       22.000       24.000       12.000       13.000        8.000
   120:        5.000       17.000       18.000       14.000       10.000
   125:       19.000       11.000        6.000        6.000        6.000
   130:        6.000        6.000        6.000        6.000        6.000
   135:        6.000       23.000       23.000       23.000        6.000
   140:        2.000        4.000       22.000       24.000       12.000
   145:       13.000        8.000        5.000       17.000       21.000
   150:       22.000       18.000       14.000       10.000       21.000
   155:       22.000        6.000       19.000       11.000        6.000
   160:        6.000        6.000        2.000        4.000       22.000
   165:       24.000       12.000       13.000        8.000        5.000
   170:       17.000       21.000       22.000       18.000       14.000
   175:       10.000       19.000       11.000        6.000        6.000
   180:        6.000        6.000       23.000       23.000       23.000
   185:        6.000        2.000        4.000       22.000       24.000
   190:       12.000       13.000        8.000        5.000       17.000
   195:       18.000       14.000       10.000       19.000       11.000
   200:        6.000        6.000        6.000        6.000        6.000
   205:        6.000        6.000        6.000        6.000        6.000
   210:        6.000        6.000        6.000        6.000        6.000
   215:        6.000        6.000        6.000        6.000        6.000
   220:        6.000        6.000        6.000        6.000        6.000
   225:        6.000        6.000        6.000        6.000        6.000
   230:        6.000        6.000        6.000        6.000        6.000
   235:        6.000        6.000        6.000        6.000        6.000
   240:        6.000        6.000        6.000        6.000        6.000
   245:        6.000        6.000        6.000        6.000        6.000
   250:        6.000        6.000        6.000        6.000        6.000
   255:        6.000        6.000        6.000        6.000        6.000
   260:        6.000        6.000        6.000        6.000        6.000
   265:        6.000        6.000        6.000        6.000       23.000
   270:        2.000        4.000       22.000       24.000       12.000
   275:       13.000        8.000        5.000       17.000       18.000
   280:       14.000       10.000       19.000       11.000        2.000
   285:        4.000       22.000       24.000       12.000       13.000
   290:        8.000        5.000       17.000       18.000       14.000
   295:       10.000       21.000       22.000       21.000       22.000
   300:       21.000       22.000       19.000       11.000        6.000
   305:        6.000        6.000        6.000        6.000        6.000
   310:        6.000        6.000        6.000        2.000        4.000
   315:       22.000       24.000       12.000       13.000        8.000
   320:        5.000       17.000       18.000       14.000       10.000
   325:       19.000       11.000        6.000        6.000        6.000
   330:        6.000        6.000        6.000        6.000        6.000
   335:        6.000        6.000        6.000        6.000        6.000
   340:        6.000        6.000        6.000        6.000        6.000
   345:        6.000        6.000        6.000        6.000        6.000
   350:        6.000        6.000        6.000        6.000        6.000
   355:        6.000        6.000        6.000        6.000        6.000
   360:        6.000        6.000        6.000        6.000        6.000
   365:        6.000        6.000        6.000        6.000        6.000
   370:        6.000        6.000        6.000        6.000        6.000
   375:        6.000        6.000        6.000        6.000        6.000
   380:        6.000        6.000        6.000        6.000        6.000
   385:        6.000        6.000        6.000        6.000        6.000
   390:        6.000        6.000        6.000        6.000        6.000
   395:        6.000        6.000        6.000        6.000        6.000
   400:        6.000        6.000        6.000        6.000        6.000
   405:        6.000        6.000        6.000        6.000        6.000
   410:        6.000        6.000        6.000        6.000        6.000
   415:        2.000        4.000       22.000       24.000       12.000
   420:       13.000        8.000        5.000       17.000       21.000
   425:       22.000       21.000       22.000       21.000       22.000
   430:       18.000       14.000       10.000       19.000       11.000
   435:        2.000        4.000       22.000       24.000       12.000
   440:       13.000        8.000        5.000       17.000       18.000
   445:       14.000       10.000       19.000       11.000        6.000
   450:        2.000        4.000       22.000       24.000       12.000
   455:       13.000        8.000        5.000       17.000       18.000
   460:       14.000       10.000       19.000       11.000        6.000
   465:        6.000        6.000        6.000        2.000        4.000
   470:       22.000       24.000       12.000       13.000        8.000
   475:        5.000       17.000       18.000       14.000       10.000
   480:       19.000       11.000        2.000        4.000       22.000
   485:       24.000       12.000       13.000        8.000        5.000
   490:       17.000        6.000        6.000       18.000       14.000
   495:       10.000       19.000       11.000        6.000        6.000
   500:        6.000        6.000        6.000        6.000        6.000
   505:        6.000        6.000        2.000        4.000       22.000
   510:       24.000       12.000       13.000        8.000        5.000
   515:       17.000       18.000       14.000       10.000       19.000
   520:       11.000        2.000        4.000       22.000       24.000
   525:       12.000       13.000        8.000        5.000       17.000
   530:       21.000       22.000       18.000       14.000       10.000
   535:       19.000       11.000        2.000        4.000       22.000
   540:       24.000       12.000       13.000        8.000        5.000
   545:       17.000       21.000       22.000       18.000       14.000
   550:       10.000        6.000       19.000       11.000        6.000
   555:        6.000        6.000        6.000        6.000        6.000
   560:        6.000        6.000        6.000        6.000        6.000
   565:        6.000        6.000        6.000        6.000        6.000
   570:        6.000        6.000        6.000        6.000        6.000
   575:        6.000        6.000        6.000        6.000        6.000
   580:        6.000        6.000        6.000        6.000        6.000
   585:        6.000        6.000        6.000        6.000        6.000
   590:        6.000        6.000        6.000        6.000        6.000
   595:        6.000        6.000        6.000       23.000       23.000
   600:       23.000        6.000        6.000        6.000        6.000
   605:        6.000        6.000        2.000        4.000       22.000
   610:       24.000       12.000       13.000        8.000        5.000
   615:       17.000        6.000       18.000       14.000       10.000
   620:       19.000       11.000        2.000        4.000       22.000
   625:       24.000       12.000       13.000        8.000        5.000
   630:       17.000       18.000       14.000       10.000       19.000
   635:       11.000        6.000        6.000        6.000        6.000
   640:        6.000        6.000        6.000        6.000        6.000
   645:        6.000        6.000        6.000        6.000        6.000
   650:        6.000        6.000        6.000        6.000        6.000
   655:        6.000        6.000        6.000        6.000        6.000
   660:        6.000        6.000        6.000        6.000        6.000
   665:        6.000        6.000        6.000        6.000        6.000
   670:        2.000        4.000       22.000       24.000       12.000
   675:       13.000        8.000        5.000       17.000       18.000
   680:       14.000       10.000       19.000       11.000        6.000
   685:        6.000        6.000        6.000        6.000        6.000
   690:        2.000        4.000       22.000       24.000       12.000
   695:       13.000        8.000        5.000       17.000        6.000
   700:        6.000       18.000       14.000       10.000       19.000
   705:       11.000        6.000        6.000        6.000        6.000
   710:        6.000        6.000        6.000        6.000        6.000
   715:        6.000        2.000        4.000       22.000       24.000
   720:       12.000       13.000        8.000        5.000       17.000
   725:        6.000       18.000       14.000       10.000       19.000
   730:       11.000        6.000        6.000        6.000        6.000
   735:        2.000        4.000       22.000       24.000       12.000
   740:       13.000        8.000        5.000       17.000       18.000
   745:       14.000       10.000       21.000       22.000       19.000
   750:       11.000        6.000        6.000        6.000        6.000
   755:        6.000        6.000        6.000        6.000        6.000
   760:        6.000        6.000        2.000        4.000       22.000
   765:       24.000       12.000       13.000        8.000        5.000
   770:       17.000       21.000       22.000       18.000       21.000
   775:       22.000       14.000       10.000       21.000       22.000
   780:        6.000        6.000       19.000       11.000        6.000
   785:        6.000        2.000        4.000       22.000       24.000
   790:       12.000       13.000        8.000        5.000       17.000
   795:       21.000       22.000        6.000       18.000       14.000
   800:       10.000       23.000       23.000       19.000       11.000
   805:       23.000        6.000        6.000        6.000        2.000
   810:        4.000       22.000       24.000       12.000       13.000
   815:        8.000        5.000       17.000       21.000       22.000
   820:       21.000       22.000       21.000       22.000       21.000
   825:       22.000       21.000       22.000       21.000       22.000
   830:       21.000       22.000       18.000       21.000       22.000
   835:       21.000       22.000       21.000       22.000       21.000
   840:       22.000       14.000       10.000       21.000       22.000
   845:       21.000       22.000       19.000       11.000        2.000
   850:        4.000       22.000       24.000       12.000       13.000
   855:        8.000        5.000       17.000       21.000       22.000
   860:       21.000       22.000       18.000       14.000       10.000
   865:       21.000       22.000       21.000       22.000       21.000
   870:       22.000       19.000       11.000        2.000        4.000
   875:       22.000       24.000       12.000       13.000        8.000
   880:        5.000       17.000       21.000       22.000       21.000
   885:       22.000       21.000       22.000       21.000       22.000
   890:       18.000       14.000       10.000       21.000       22.000
   895:       19.000       11.000        6.000        6.000        6.000
   900:        6.000        2.000        4.000       22.000       24.000
   905:       12.000       13.000        8.000        5.000       17.000
   910:       21.000       22.000        6.000        6.000        6.000
   915:        6.000       18.000        6.000       14.000       10.000
   920:        6.000        6.000        6.000        6.000        6.000
   925:        6.000        6.000       19.000       11.000        6.000
   930:        6.000        6.000        6.000        6.000        6.000
   935:        6.000        6.000        6.000        6.000        6.000
   940:        6.000        6.000        6.000        6.000        6.000
   945:        6.000        6.000        6.000        6.000        6.000
   950:        6.000        6.000        6.000        6.000        6.000
   955:        6.000        6.000        6.000        6.000        6.000
   960:        6.000        6.000        6.000        6.000        6.000
   965:        6.000        6.000        6.000        6.000        6.000
   970:        6.000        6.000        6.000        6.000        6.000
   975:        6.000        6.000        6.000        6.000        6.000
   980:        6.000        6.000        6.000        6.000        6.000
   985:        6.000        6.000        6.000        6.000        6.000
   990:        6.000        6.000        6.000        6.000        6.000
   995:        6.000        6.000        6.000        6.000        6.000
  1000:       23.000        6.000        2.000        4.000       22.000
  1005:       24.000       12.000       13.000        8.000        5.000
  1010:       17.000       21.000       22.000       18.000       14.000
  1015:       10.000       19.000       11.000        6.000        6.000
  1020:        6.000        2.000        4.000       22.000       24.000
  1025:       12.000       13.000        8.000        5.000       17.000
  1030:       18.000       14.000       10.000        6.000       19.000
  1035:       11.000        6.000        6.000        6.000        6.000
  1040:        6.000        6.000        6.000        6.000        6.000
  1045:        6.000        6.000        6.000        6.000        2.000
  1050:        4.000       22.000       24.000       12.000       13.000
  1055:        8.000        5.000       17.000       21.000       22.000
  1060:       18.000        6.000        6.000        6.000        6.000
  1065:       14.000       10.000        6.000       19.000       11.000
  1070:        6.000        2.000        4.000       22.000       24.000
  1075:       12.000       13.000        8.000        5.000       17.000
  1080:       21.000       22.000       21.000       22.000       18.000
  1085:       14.000       10.000       19.000       11.000        2.000
  1090:        4.000       22.000       24.000       12.000       13.000
  1095:        8.000        5.000       17.000       18.000       14.000
  1100:       10.000       19.000       11.000        6.000        6.000
  1105:        6.000        6.000        6.000        6.000        6.000
  1110:        6.000        6.000        6.000        6.000        6.000
  1115:        6.000        6.000        6.000        6.000        6.000
  1120:        6.000        6.000        6.000        6.000        6.000
  1125:        6.000        6.000        6.000        6.000        6.000
  1130:        6.000        6.000        6.000        6.000        6.000
  1135:        6.000        6.000        6.000        6.000        6.000
  1140:        6.000        6.000        6.000        6.000        6.000
  1145:        6.000        6.000        6.000        6.000        6.000
  1150:        6.000        6.000        6.000        6.000        6.000
  1155:        6.000        6.000        6.000        6.000        6.000
  1160:        6.000        6.000        6.000        6.000        6.000
  1165:        6.000        2.000        4.000       22.000       24.000
  1170:       12.000       13.000        8.000        5.000       17.000
  1175:       21.000       22.000        6.000        6.000        6.000
  1180:        6.000        6.000       18.000       14.000       10.000
  1185:        6.000        6.000       19.000       11.000        2.000
  1190:        4.000       22.000       24.000       12.000       13.000
  1195:        8.000        5.000       17.000       21.000       22.000
  1200:       18.000       14.000       10.000       21.000       22.000
  1205:       21.000       22.000       21.000       22.000       19.000
  1210:       11.000        6.000        2.000        4.000       22.000
  1215:       24.000       12.000       13.000        8.000        5.000
  1220:       17.000       18.000       21.000       22.000       14.000
  1225:       10.000       21.000       22.000       19.000       11.000
  1230:        2.000        4.000       22.000       24.000       12.000
  1235:       13.000        8.000        5.000       17.000        6.000
  1240:        6.000       18.000       14.000       10.000       21.000
  1245:       22.000       21.000       22.000       21.000       22.000
  1250:       21.000       22.000       21.000       22.000       19.000
  1255:       11.000        2.000        4.000       22.000       24.000
  1260:       12.000       13.000        8.000        5.000       17.000
  1265:       18.000       14.000       10.000       21.000       22.000
  1270:       21.000       22.000       19.000       11.000        6.000
  1275:        2.000        4.000       22.000       24.000       12.000
  1280:       13.000        8.000        5.000       17.000       21.000
  1285:       22.000       21.000       22.000       18.000       14.000
  1290:       10.000       21.000       22.000       21.000       22.000
  1295:       21.000       22.000       21.000       22.000       21.000
  1300:       22.000       21.000       22.000       21.000       22.000
  1305:       19.000       11.000        2.000        4.000       22.000
  1310:       24.000       12.000       13.000        8.000        5.000
  1315:       17.000       21.000       22.000       21.000       22.000
  1320:       21.000       22.000       18.000       14.000       10.000
  1325:        6.000       19.000       11.000        6.000        6.000
  1330:        6.000        6.000        6.000       23.000       23.000
  1335:       23.000       23.000       23.000       23.000       23.000
  1340:       23.000       23.000       23.000        6.000       23.000
  1345:        6.000        6.000        6.000        6.000        6.000
  1350:        6.000        6.000        6.000        6.000        2.000
  1355:        4.000       22.000       24.000       12.000       13.000
  1360:        8.000        5.000       17.000       21.000       22.000
  1365:       21.000       22.000       21.000       22.000       21.000
  1370:       22.000       21.000       22.000       18.000       21.000
  1375:       22.000       14.000       10.000       21.000       22.000
  1380:       21.000       22.000        6.000       19.000       11.000
  1385:        6.000        6.000        6.000        6.000        6.000
  1390:        6.000        6.000        6.000        6.000        6.000
  1395:        6.000        6.000        6.000        6.000        6.000
  1400:        6.000        6.000        6.000        6.000        6.000
  1405:        6.000        6.000        6.000        6.000        6.000
  1410:        6.000        6.000        6.000        6.000        6.000
  1415:        6.000        6.000        6.000        6.000        6.000
  1420:        6.000        6.000        6.000        6.000        6.000
  1425:        6.000        6.000        6.000        6.000        6.000
  1430:        6.000        6.000        6.000        6.000        6.000
  1435:        6.000        6.000        6.000        6.000        6.000
  1440:        6.000        6.000        6.000        6.000        6.000
  1445:        6.000        6.000        6.000        6.000        6.000
  1450:        6.000        6.000        6.000        6.000        6.000
  1455:        6.000        6.000        6.000        6.000        6.000
  1460:        6.000        6.000        6.000        6.000        6.000
  1465:        6.000        6.000        6.000        6.000        6.000
  1470:        6.000        6.000        6.000        6.000        6.000
  1475:        6.000        6.000        6.000        6.000        6.000
  1480:        6.000        6.000        6.000        6.000        6.000
  1485:        6.000        6.000        6.000        6.000        6.000
  1490:        6.000        6.000        6.000        6.000        6.000
  1495:        6.000        6.000        6.000        6.000        6.000
  1500:        6.000        6.000        6.000        6.000        6.000
  1505:        6.000        6.000      100.000
T:
     0:        0.000        0.000        0.000        0.000       43.220
     5:       43.220       43.220       43.230       43.230       43.230
    10:       43.230       43.230       43.230       47.230       48.230
    15:       48.230       53.220       53.230       73.160       74.890
    20:       85.060      114.460      146.750      146.750      146.750
    25:      146.760      146.760      146.760      146.760      146.760
    30:      146.760      150.760      151.760      151.760      156.750
    35:      156.760      182.830      182.830      182.830      182.840
    40:      182.840      182.840      182.840      182.840      182.840
    45:      183.110      183.110      186.840      187.350      187.350
    50:      187.840      187.840      192.830      192.840      220.620
    55:      232.050      232.050      232.050      232.060      232.060
    60:      232.060      232.060      232.060      232.060      233.410
    65:      236.060      236.570      237.060      237.060      239.100
    70:      242.050      242.060      269.110      368.120      368.220
    75:      368.240      368.500      368.740      368.970      370.190
    80:      377.560      411.090      415.940      424.450      424.670
    85:      426.050      426.050      426.050      426.060      426.060
    90:      426.060      426.060      426.060      426.060      430.060
    95:      431.060      431.060      436.050      436.060      572.320
   100:      590.900      591.850      592.520      593.130      593.370
   105:      593.820      594.220      594.400      594.680      608.440
   110:      612.320      648.650      649.100      697.520      697.520
   115:      697.520      697.530      697.530      697.530      697.530
   120:      697.530      697.530      701.530      702.530      702.530
   125:      707.520      707.530      779.750      794.170      796.030
   130:      796.120      796.740      796.810      797.880      798.220
   135:      798.830      809.140      829.390      830.260      839.650
   140:      864.490      864.490      864.490      864.500      864.500
   145:      864.500      864.500      864.500      864.500      867.710
   150:      867.710      868.500      869.500      869.500      872.010
   155:      872.010      873.720      874.490      874.500      876.500
   160:      876.750      891.400     1052.160     1052.160     1052.160
   165:     1052.170     1052.170     1052.170     1052.170     1052.170
   170:     1052.170     1052.860     1052.860     1056.170     1057.170
   175:     1057.170     1062.160     1062.170     1065.620     1066.470
   180:     1067.140     1082.620     1097.830     1099.930     1102.490
   185:     1108.300     1122.880     1122.880     1122.880     1122.890
   190:     1122.890     1122.890     1122.890     1122.890     1122.890
   195:     1126.890     1127.890     1127.890     1132.880     1132.890
   200:     1146.430     1147.220     1147.340     1148.020     1148.060
   205:     1148.140     1148.220     1149.280     1150.200     1150.780
   210:     1150.900     1151.010     1151.430     1151.960     1152.720
   215:     1153.130     1153.560     1153.800     1155.270     1155.720
   220:     1156.820     1156.960     1157.870     1158.210     1158.280
   225:     1158.440     1159.030     1159.210     1159.610     1159.770
   230:     1159.810     1159.880     1160.260     1160.670     1160.720
   235:     1160.790     1160.870     1161.810     1162.060     1173.610
   240:     1173.990     1174.060     1175.360     1176.160     1176.180
   245:     1176.340     1176.550     1176.760     1176.830     1177.260
   250:     1251.270     1318.770     1319.600     1321.150     1321.990
   255:     1322.790     1323.980     1324.400     1324.880     1324.900
   260:     1324.950     1324.960     1325.010     1325.020     1325.910
   265:     1331.010     1331.880     1332.710     1332.880     1384.290
   270:     1389.260     1389.260     1389.260     1389.270     1389.270
   275:     1389.270     1389.270     1389.270     1389.270     1393.270
   280:     1394.270     1394.270     1399.260     1399.270     1399.740
   285:     1399.740     1399.740     1399.750     1399.750     1399.750
   290:     1399.750     1399.750     1399.750     1403.750     1404.750
   295:     1404.750     1404.830     1404.830     1405.260     1405.260
   300:     1406.870     1406.870     1409.740     1409.750     1419.370
   305:     1421.520     1422.450     1422.780     1429.230     1429.940
   310:     1431.790     1432.060     1483.290     1768.200     1768.200
   315:     1768.200     1768.210     1768.210     1768.210     1768.210
   320:     1768.210     1768.210     1772.210     1773.210     1773.210
   325:     1778.200     1778.210     1786.780     1787.950     1788.030
   330:     1788.100     1788.690     1788.840     1790.130     1790.240
   335:     1790.470     1811.590     1811.970     1812.020     1812.080
   340:     1812.240     1813.030     1813.080     1813.130     1813.530
   345:     1813.580     1817.670     1818.570     1818.750     1819.130
   350:     1819.190     1864.370     1864.710     1865.350     1983.810
   355:     1983.950     1985.440     1985.600     1986.000     1986.550
   360:     1987.020     1988.650     1988.740     1988.800     1989.190
   365:     1989.410     1990.190     1991.170     1991.200     1991.530
   370:     1991.750     1992.640     1992.690     1992.810     1999.960
   375:     2004.850     2005.290     2009.190     2010.890     2011.470
   380:     2011.540     2012.310     2012.860     2040.190     2040.960
   385:     2041.190     2041.310     2042.120     2054.780     2055.780
   390:     2056.220     2056.740     2057.380     2058.100     2060.320
   395:     2072.670     2073.350     2073.940     2074.370     2074.730
   400:     2074.880     2074.990     2075.100     2075.360     2075.740
   405:     2076.900     2077.770     2077.970     2078.060     2078.790
   410:     2079.590     2080.110     2080.860     2081.240     2082.190
   415:     2093.190     2093.190     2093.190     2093.200     2093.200
   420:     2093.200     2093.200     2093.200     2093.200     2093.970
   425:     2093.970     2094.440     2094.440     2094.600     2094.600
   430:     2097.200     2098.200     2098.200     2103.190     2103.200
   435:     2118.350     2118.350     2118.350     2118.360     2118.360
   440:     2118.360     2118.360     2118.360     2118.360     2122.360
   445:     2123.360     2123.360     2128.350     2128.360     2365.400
   450:     2498.790     2498.790     2498.790     2498.800     2498.800
   455:     2498.800     2498.800     2498.800     2498.800     2502.800
   460:     2503.800     2503.800     2508.790     2508.800     2511.640
   465:     2512.210     2512.790     2513.080     2515.600     2515.600
   470:     2515.600     2515.610     2515.610     2515.610     2515.610
   475:     2515.610     2515.610     2519.610     2520.610     2520.610
   480:     2525.600     2525.610     2562.420     2562.420     2562.420
   485:     2562.430     2562.430     2562.430     2562.430     2562.430
   490:     2562.430     2563.610     2565.330     2566.430     2567.430
   495:     2567.430     2572.420     2572.430     2572.770     2572.950
   500:     2599.090     2623.870     2624.090     2675.750     2675.980
   505:     2676.280     2677.190     2697.490     2697.490     2697.490
   510:     2697.500     2697.500     2697.500     2697.500     2697.500
   515:     2697.500     2701.500     2702.500     2702.500     2707.490
   520:     2707.500     2707.650     2707.650     2707.650     2707.660
   525:     2707.660     2707.660     2707.660     2707.660     2707.660
   530:     2710.900     2710.900     2711.660     2712.660     2712.660
   535:     2717.650     2717.660     2718.650     2718.650     2718.650
   540:     2718.660     2718.660     2718.660     2718.660     2718.660
   545:     2718.660     2721.550     2721.550     2722.660     2723.660
   550:     2723.660     2728.270     2728.650     2728.660     2730.730
   555:     2731.150     2732.410     2732.870     2732.910     2732.980
   560:     2733.310     2733.750     2734.230     2734.320     2734.920
   565:     2735.520     2735.730     2736.520     2737.040     2737.160
   570:     2737.210     2737.280     2737.560     2737.590     2737.720
   575:     2738.030     2739.010     2739.060     2739.260     2739.640
   580:     2739.710     2740.870     2741.230     2742.050     2742.640
   585:     2743.460     2743.870     2743.880     2744.380     2744.530
   590:     2744.790     2745.450     2757.040     2757.210     2757.380
   595:     2758.460     2759.000     2759.020     2766.050     2766.770
   600:     2767.220     2798.180     2799.170     2799.500     2799.610
   605:     2799.720     2800.090     2901.610     2901.610     2901.610
   610:     2901.620     2901.620     2901.620     2901.620     2901.620
   615:     2901.620     2904.210     2905.620     2906.620     2906.620
   620:     2911.610     2911.620     3081.560     3081.560     3081.560
   625:     3081.570     3081.570     3081.570     3081.570     3081.570
   630:     3081.570     3085.570     3086.570     3086.570     3091.560
   635:     3091.570     3406.970     3407.040     3408.670     3413.880
   640:     3414.390     3415.210     3415.360     3415.440     3415.500
   645:     3416.220     3417.560     3418.090     3418.760     3419.650
   650:     3419.730     3420.680     3420.760     3424.950     3426.450
   655:     3428.420     3428.540     3428.910     3429.490     3433.840
   660:     3434.230     3434.730     3438.680     3438.720     3438.890
   665:     3439.230     3439.750     3443.880     3505.010     3522.340
   670:     3528.040     3528.040     3528.040     3528.050     3528.050
   675:     3528.050     3528.050     3528.050     3528.050     3532.050
   680:     3533.050     3533.050     3538.040     3538.050     3560.610
   685:     3561.070     3561.300     3561.380     3568.440     3570.380
   690:     3587.360     3587.360     3587.360     3587.370     3587.370
   695:     3587.370     3587.370     3587.370     3587.370     3590.460
   700:     3590.610     3591.370     3592.370     3592.370     3597.360
   705:     3597.370     3597.900     3599.400     3599.550     3712.390
   710:     3713.480     3713.690     3713.750     3716.770     3717.170
   715:     3717.400     3756.340     3756.340     3756.340     3756.350
   720:     3756.350     3756.350     3756.350     3756.350     3756.350
   725:     3756.800     3760.350     3761.350     3761.350     3766.340
   730:     3766.350     3847.410     3849.280     3849.410     3849.750
   735:     3864.650     3864.650     3864.650     3864.660     3864.660
   740:     3864.660     3864.660     3864.660     3864.660     3868.660
   745:     3869.660     3869.660     3869.730     3869.730     3874.650
   750:     3874.660     3917.590     4131.930     4134.120     4440.070
   755:     4440.520     4440.560     4440.590     4440.660     4443.700
   760:     4820.700     4840.680     4868.940     4868.940     4868.940
   765:     4868.950     4868.950     4868.950     4868.950     4868.950
   770:     4868.950     4871.210     4871.210     4872.950     4873.180
   775:     4873.180     4873.950     4873.950     4877.030     4877.030
   780:     4878.510     4878.930     4878.940     4878.950     4879.370
   785:     4898.440     4900.170     4900.170     4900.170     4900.180
   790:     4900.180     4900.180     4900.180     4900.180     4900.180
   795:     4900.720     4900.720     4901.400     4904.180     4905.180
   800:     4905.180     4908.080     4908.430     4910.170     4910.180
   805:     4910.960     4954.030     4960.990     4976.410     4983.430
   810:     4983.430     4983.430     4983.440     4983.440     4983.440
   815:     4983.440     4983.440     4983.440     4983.620     4983.620
   820:     4983.860     4983.860     4984.210     4984.210     4987.110
   825:     4987.110     4987.160     4987.160     4987.270     4987.270
   830:     4987.400     4987.400     4987.440     4987.690     4987.690
   835:     4988.220     4988.220     4988.250     4988.250     4988.290
   840:     4988.290     4988.440     4988.440     4991.690     4991.690
   845:     4993.180     4993.180     4993.430     4993.440     4995.890
   850:     4995.890     4995.890     4995.900     4995.900     4995.900
   855:     4995.900     4995.900     4995.900     4998.540     4998.540
   860:     4999.080     4999.080     4999.900     5000.900     5000.900
   865:     5004.620     5004.620     5004.650     5004.650     5004.680
   870:     5004.680     5005.890     5005.900     5007.960     5007.960
   875:     5007.960     5007.970     5007.970     5007.970     5007.970
   880:     5007.970     5007.970     5008.040     5008.040     5008.850
   885:     5008.850     5009.210     5009.210     5009.300     5009.300
   890:     5011.970     5012.970     5012.970     5014.820     5014.820
   895:     5017.960     5017.970     5088.630     5090.030     5092.080
   900:     5094.610     5097.250     5097.250     5097.250     5097.260
   905:     5097.260     5097.260     5097.260     5097.260     5097.260
   910:     5097.540     5097.540     5098.280     5098.920     5099.700
   915:     5100.910     5101.260     5101.640     5102.260     5102.260
   920:     5103.230     5103.290     5104.470     5105.240     5106.230
   925:     5106.780     5107.190     5107.250     5107.260     5108.130
   930:     5108.190     5108.420     5108.880     5109.450     5109.540
   935:     5111.000     5111.190     5111.800     5112.610     5113.560
   940:     5114.140     5114.650     5114.730     5115.930     5115.970
   945:     5116.260     5116.500     5116.570     5116.870     5117.740
   950:     5118.070     5118.730     5119.420     5124.340     5125.200
   955:     5125.390     5125.650     5127.220     5127.260     5127.300
   960:     5127.410     5127.450     5127.680     5127.800     5128.080
   965:     5128.190     5128.750     5128.940     5129.020     5129.520
   970:     5129.610     5130.720     5134.650     5135.010     5135.230
   975:     5135.420     5135.490     5135.650     5136.440     5136.510
   980:     5138.110     5138.690     5139.020     5139.210     5140.970
   985:     5152.100     5155.240     5155.250     5156.510     5156.560
   990:     5187.920     5203.840     5204.310     5235.000     5235.670
   995:     5236.590     5236.760     5266.290     5266.720     5267.780
  1000:     5302.780     5321.490     5894.030     5894.030     5894.030
  1005:     5894.040     5894.040     5894.040     5894.040     5894.040
  1010:     5894.040     5894.700     5894.700     5898.040     5899.040
  1015:     5899.040     5904.030     5904.040     5904.270     5937.320
  1020:     5943.920     5956.490     5956.490     5956.490     5956.500
  1025:     5956.500     5956.500     5956.500     5956.500     5956.500
  1030:     5960.500     5961.500     5961.500     5965.720     5966.490
  1035:     5966.500     6005.510     6008.780     6008.860     6009.010
  1040:     6009.560     6020.200     6038.950     6039.200     6039.320
  1045:     6040.180     6040.300     6053.720     6106.180     6134.370
  1050:     6134.370     6134.370     6134.380     6134.380     6134.380
  1055:     6134.380     6134.380     6134.380     6135.250     6135.250
  1060:     6138.380     6138.790     6139.050     6139.140     6139.350
  1065:     6139.380     6139.380     6143.030     6144.370     6144.380
  1070:     6177.100     6182.960     6182.960     6182.960     6182.970
  1075:     6182.970     6182.970     6182.970     6182.970     6182.970
  1080:     6183.040     6183.040     6184.210     6184.210     6186.970
  1085:     6187.970     6187.970     6192.960     6192.970     6193.240
  1090:     6193.240     6193.240     6193.250     6193.250     6193.250
  1095:     6193.250     6193.250     6193.250     6197.250     6198.250
  1100:     6198.250     6203.240     6203.250     6557.650     6560.740
  1105:     6588.660     6591.530     6592.440     6593.730     6595.380
  1110:     6595.560     6595.920     6599.700     6602.240     6602.410
  1115:     6605.570     6606.910     6607.210     6610.990     6615.370
  1120:     6618.750     6620.830     6627.640     6628.170     6628.330
  1125:     6628.750     6632.580     6633.080     6633.100     6635.380
  1130:     6637.200     6637.280     6639.640     6646.950     6649.150
  1135:     6984.700     6986.570     6986.780     6987.930     6991.080
  1140:     6994.600     7045.670     7055.020     7055.200     7087.350
  1145:     7087.940     7088.230     7095.250     7095.270     7095.310
  1150:     7341.760     7342.980     7347.240     7348.160     7348.800
  1155:     7348.850     7348.980     7349.700     7349.950     7353.840
  1160:     7497.840     7497.960     7500.740     7501.430     7503.460
  1165:     7503.540     7507.800     7507.800     7507.800     7507.810
  1170:     7507.810     7507.810     7507.810     7507.810     7507.810
  1175:     7508.320     7508.320     7510.930     7511.280     7511.410
  1180:     7511.540     7511.800     7511.810     7512.810     7512.810
  1185:     7514.180     7514.240     7517.800     7517.810     7519.190
  1190:     7519.190     7519.190     7519.200     7519.200     7519.200
  1195:     7519.200     7519.200     7519.200     7520.350     7520.350
  1200:     7523.200     7524.200     7524.200     7524.210     7524.210
  1205:     7525.140     7525.140     7528.920     7528.920     7529.190
  1210:     7529.200     7533.380     7534.430     7534.430     7534.430
  1215:     7534.440     7534.440     7534.440     7534.440     7534.440
  1220:     7534.440     7538.440     7539.100     7539.100     7539.440
  1225:     7539.440     7542.180     7542.180     7544.430     7544.440
  1230:     7545.560     7545.560     7545.560     7545.570     7545.570
  1235:     7545.570     7545.570     7545.570     7545.570     7548.940
  1240:     7549.090     7549.570     7550.570     7550.570     7550.600
  1245:     7550.600     7552.310     7552.310     7552.650     7552.650
  1250:     7553.280     7553.280     7554.590     7554.590     7555.560
  1255:     7555.570     7556.820     7556.820     7556.820     7556.830
  1260:     7556.830     7556.830     7556.830     7556.830     7556.830
  1265:     7560.830     7561.830     7561.830     7565.410     7565.410
  1270:     7566.380     7566.380     7566.820     7566.830     7570.340
  1275:     7571.850     7571.850     7571.850     7571.860     7571.860
  1280:     7571.860     7571.860     7571.860     7571.860     7572.890
  1285:     7572.890     7574.860     7574.860     7575.860     7576.860
  1290:     7576.860     7578.040     7578.040     7578.080     7578.080
  1295:     7578.120     7578.120     7578.180     7578.180     7579.480
  1300:     7579.480     7579.610     7579.610     7579.870     7579.870
  1305:     7581.850     7581.860     7582.580     7582.580     7582.580
  1310:     7582.590     7582.590     7582.590     7582.590     7582.590
  1315:     7582.590     7582.620     7582.620     7582.830     7582.830
  1320:     7583.700     7583.700     7586.590     7587.590     7587.590
  1325:     7590.300     7592.580     7592.590     7650.740     7700.660
  1330:     7705.820     7726.820     7729.130     7752.470     7764.740
  1335:     7769.110     7769.570     7769.910     7785.600     7787.100
  1340:     7800.970     7811.990     7820.090     7862.340     7898.560
  1345:     7905.320     8048.520     8137.070     8137.600     8138.070
  1350:     8138.600     8139.800     8184.700     8184.880     8186.700
  1355:     8186.700     8186.700     8186.710     8186.710     8186.710
  1360:     8186.710     8186.710     8186.710     8186.760     8186.760
  1365:     8186.770     8186.770     8186.870     8186.870     8187.460
  1370:     8187.460     8190.160     8190.160     8190.710     8191.160
  1375:     8191.160     8191.710     8191.710     8192.700     8192.700
  1380:     8193.900     8193.900     8196.640     8196.700     8196.710
  1385:     8209.920     8215.700     8555.430     8556.290     8582.360
  1390:     8598.160     8608.910     8609.270     8610.090     8611.060
  1395:     8612.000     8612.730     8616.470     8719.570     8730.600
  1400:     8732.130     8733.240     8733.540     8735.440     8736.470
  1405:     8737.810     8744.430     8751.130     8752.180     8752.380
  1410:     8752.540     8752.660     8752.950     8753.210     8754.180
  1415:     8758.460     8759.970     8760.600     8761.540     8763.180
  1420:     8763.300     8763.740     8766.830     8767.060     8768.050
  1425:     8784.510     8785.870     8788.600     8788.690     8789.230
  1430:     8789.650     8810.370     8824.870     8826.030     8826.240
  1435:     8830.680     8926.880     8927.480     9028.280     9094.360
  1440:     9141.990     9188.690     9219.170     9368.500     9383.210
  1445:     9504.530     9603.300     9603.490     9603.580     9603.830
  1450:     9742.880     9805.050     9806.160     9840.730     9841.530
  1455:     9841.700     9841.920     9842.540     9846.110     9846.720
  1460:     9846.910     9847.520     9847.670     9847.900     9853.130
  1465:     9853.220     9893.020     9894.130     9895.250     9898.400
  1470:     9912.600     9931.160     9933.910     9936.110     9938.180
  1475:     9938.600     9939.100     9939.210     9940.330     9940.400
  1480:     9941.690     9941.790     9942.100     9943.090     9943.980
  1485:     9944.150     9944.710    10004.170    10004.380    10004.420
  1490:    10006.960    10007.320    10007.420    10010.660    10010.690
  1495:    10018.160    10018.700    10153.710    10162.700    10254.300
  1500:    10515.010    10571.160    10575.310    10709.080    10709.470
  1505:    10709.500    10710.000    10800.010
