File: C:\MED-PC IV\DATA\!2025-08-26_12h52m.Subject T19



Start Date: 08/26/25
End Date: 08/26/25
Subject: T19
Experiment: OralFentSA
Group: One
Box: 7
Start Time: 12:52:00
End Time: 15:52:20
MSN: Golden_Liq_SelfAdmin_LIT
F:       0.000
G:     894.000
H:   10800.010
I:       0.000
J:       0.000
K:       0.000
L:       0.000
M:       0.000
N:       0.000
O:       0.000
P:       0.000
Q:       0.000
R:       0.000
S:       0.000
U:       0.000
V:       0.000
W:       0.000
X:       0.000
Y:       0.000
Z:       0.000
A:
     0:        0.000        0.000      180.000        4.000        0.000
     5:        5.000        0.000        5.000        0.000        0.000
    10:        1.000        0.000       10.000 30000000.000       21.000
    15:        7.000      320.000        0.000        0.000        0.000
    20:        0.000
B:
     0:        0.000        0.000        0.000      400.000        0.000
     5:      500.000        0.000      500.000        0.000        0.000
    10:        0.000        0.000     1000.000 3000000000.0        0.000
    15:        0.000        0.000        0.000        0.000        0.000
    20:        0.000
C:
     0:        6.000        7.000        0.000       10.000      799.000
     5:     9213.740        3.710        4.000       13.780        3.445
    10:       10.000       11.000        0.000        0.000        0.000
    15:        0.000        0.000        0.000        0.000        0.000
    20:        0.000
D:
     0:        5.610        1.790        2.670        3.710
E:
     0:       19.000       11.000       26.000       27.000        6.000
     5:        6.000        6.000        6.000        6.000        6.000
    10:        6.000        6.000        6.000        6.000        6.000
    15:        6.000        6.000        6.000        6.000        6.000
    20:        6.000        6.000        6.000        6.000        6.000
    25:        6.000        6.000        6.000        6.000        6.000
    30:        6.000        6.000        6.000        6.000        6.000
    35:        6.000        6.000        6.000        6.000        6.000
    40:        6.000        6.000        6.000        6.000        6.000
    45:        6.000        6.000        6.000        6.000        6.000
    50:        6.000        6.000        6.000        6.000        6.000
    55:        6.000        6.000        6.000        6.000        6.000
    60:        6.000        6.000        6.000        6.000        6.000
    65:        6.000        6.000        6.000        6.000        6.000
    70:        6.000        6.000        6.000        6.000        6.000
    75:        6.000        6.000        6.000        6.000        6.000
    80:        6.000        6.000        6.000        6.000        6.000
    85:        6.000        6.000        6.000        6.000        6.000
    90:        6.000        6.000        6.000        6.000        6.000
    95:        6.000        6.000        6.000        6.000        6.000
   100:        6.000        6.000        6.000        6.000        6.000
   105:        6.000        6.000        6.000        6.000        6.000
   110:        6.000        6.000        6.000        6.000        6.000
   115:        6.000        6.000        6.000        6.000        6.000
   120:        6.000        6.000        6.000        6.000        6.000
   125:        6.000        6.000        6.000        6.000        6.000
   130:        6.000        6.000        6.000        6.000        6.000
   135:        6.000        6.000        6.000        6.000        6.000
   140:        6.000        6.000        6.000        6.000        6.000
   145:        6.000        6.000        6.000        6.000        6.000
   150:        6.000        6.000        6.000        6.000        6.000
   155:        6.000        6.000        6.000        6.000        6.000
   160:        6.000        6.000        6.000        6.000        6.000
   165:        6.000        6.000        6.000        6.000        6.000
   170:        6.000        6.000        6.000        6.000        6.000
   175:        6.000        6.000        6.000        6.000        6.000
   180:        6.000        6.000        6.000        6.000        6.000
   185:        6.000        6.000        6.000        6.000        6.000
   190:        6.000        6.000        6.000        6.000        6.000
   195:        6.000        6.000        6.000        6.000        6.000
   200:        6.000        6.000        6.000        6.000        6.000
   205:        6.000        6.000        6.000        6.000        6.000
   210:        6.000        6.000        6.000        6.000        6.000
   215:        6.000        6.000        6.000        6.000        6.000
   220:        6.000        6.000        6.000        6.000        6.000
   225:        6.000        6.000        6.000        6.000        6.000
   230:        6.000        6.000        6.000        6.000        6.000
   235:        6.000        6.000        6.000        6.000        6.000
   240:        6.000        6.000        6.000        6.000        6.000
   245:        6.000        6.000        6.000        6.000        6.000
   250:        6.000        6.000        6.000        6.000        6.000
   255:        6.000        6.000        6.000        6.000        6.000
   260:        6.000        6.000        6.000        6.000        6.000
   265:        6.000        6.000        6.000        6.000        6.000
   270:        6.000        6.000        6.000        6.000        6.000
   275:        6.000        6.000        6.000        6.000        6.000
   280:        6.000        6.000        6.000        6.000        6.000
   285:        6.000        6.000        6.000        6.000        6.000
   290:        6.000        6.000        6.000        6.000        6.000
   295:        6.000        6.000        6.000        6.000        6.000
   300:        6.000        6.000        6.000        6.000        6.000
   305:        6.000        6.000        6.000        6.000        6.000
   310:        6.000        6.000        6.000        6.000        6.000
   315:        6.000        6.000        6.000        6.000        6.000
   320:        6.000        6.000        6.000        6.000        6.000
   325:        6.000        6.000        6.000        6.000        6.000
   330:        6.000        6.000        6.000        6.000        6.000
   335:        6.000        6.000        6.000        6.000        6.000
   340:        6.000        6.000        6.000        6.000        6.000
   345:        6.000        6.000        6.000        6.000        6.000
   350:        6.000        6.000        6.000        6.000        6.000
   355:        6.000        6.000        6.000        6.000        6.000
   360:        6.000        6.000        6.000        6.000        6.000
   365:        6.000        6.000        6.000        6.000        6.000
   370:        6.000        6.000        6.000        6.000        6.000
   375:        6.000        6.000        6.000        6.000        6.000
   380:        6.000        6.000        6.000        6.000        6.000
   385:        6.000        6.000        6.000        6.000        6.000
   390:        6.000        6.000        6.000        6.000        6.000
   395:        6.000        6.000        6.000        6.000        6.000
   400:        6.000        6.000        6.000        6.000        6.000
   405:        6.000        6.000        6.000        6.000        6.000
   410:        6.000        6.000        6.000        6.000        6.000
   415:        6.000        6.000        6.000        6.000        6.000
   420:        6.000        6.000        6.000        6.000        6.000
   425:        6.000        6.000        6.000        6.000        6.000
   430:        6.000        6.000        6.000        6.000        6.000
   435:        6.000        6.000        6.000        6.000        6.000
   440:        6.000        6.000        6.000        6.000        6.000
   445:        6.000        6.000        6.000        6.000        6.000
   450:        6.000        6.000        6.000        6.000       23.000
   455:       23.000        6.000        6.000        6.000        6.000
   460:        6.000        6.000        6.000        6.000        6.000
   465:        6.000        6.000        6.000        6.000        6.000
   470:        6.000        6.000        6.000        6.000        6.000
   475:        6.000        6.000        6.000        6.000        6.000
   480:        6.000        6.000        6.000        6.000        6.000
   485:        6.000        6.000        6.000        6.000        6.000
   490:        6.000        6.000        6.000        6.000        6.000
   495:        6.000        6.000        6.000        6.000        6.000
   500:        6.000        6.000        6.000        6.000        6.000
   505:        6.000        6.000        6.000        6.000        6.000
   510:        6.000        6.000        6.000        6.000        6.000
   515:        6.000        6.000        6.000        6.000       23.000
   520:       23.000       23.000        6.000        6.000        6.000
   525:        6.000        6.000        6.000        6.000        6.000
   530:        6.000        6.000        6.000        6.000        6.000
   535:        6.000        6.000        6.000        6.000        6.000
   540:        6.000        6.000        6.000        6.000        6.000
   545:        6.000        6.000        6.000        6.000        6.000
   550:        6.000        6.000        6.000        6.000        6.000
   555:       23.000       23.000        6.000        6.000        6.000
   560:        6.000        6.000        6.000        6.000        6.000
   565:        6.000        6.000        6.000        6.000        6.000
   570:        6.000        6.000        6.000        6.000        6.000
   575:        6.000        6.000        6.000        6.000        6.000
   580:        6.000        6.000        6.000        6.000        6.000
   585:        6.000        6.000        6.000        6.000        6.000
   590:        6.000        6.000        6.000        6.000        6.000
   595:        6.000        6.000        6.000        6.000        6.000
   600:        6.000        6.000        6.000        6.000        6.000
   605:       23.000       23.000        6.000        6.000        6.000
   610:        2.000        4.000       22.000       24.000       13.000
   615:        8.000        5.000       17.000       21.000       22.000
   620:       18.000       14.000       10.000        6.000        6.000
   625:       19.000        6.000        6.000        6.000        6.000
   630:        6.000        6.000        6.000        6.000        6.000
   635:        6.000        6.000        6.000        6.000        6.000
   640:        6.000        6.000        6.000        6.000        6.000
   645:        6.000        6.000        6.000        6.000        6.000
   650:        6.000        6.000        6.000        6.000        6.000
   655:        6.000        6.000        6.000        6.000        6.000
   660:        6.000        6.000        6.000        6.000        6.000
   665:        6.000        6.000        6.000        6.000        6.000
   670:        6.000        6.000        6.000        6.000        6.000
   675:        6.000        6.000        6.000        6.000        6.000
   680:        6.000        6.000        6.000        6.000        6.000
   685:        6.000        6.000        6.000        6.000        6.000
   690:        6.000        6.000        6.000        6.000        6.000
   695:        6.000        6.000        6.000        6.000        6.000
   700:        6.000        6.000        6.000        6.000        6.000
   705:        6.000       23.000       23.000        6.000        6.000
   710:        6.000        6.000        6.000        6.000        6.000
   715:        6.000        6.000        6.000        6.000        2.000
   720:        4.000       22.000       24.000       13.000        8.000
   725:        5.000       17.000       18.000       21.000       22.000
   730:       14.000       10.000       19.000        2.000        4.000
   735:       22.000       24.000       13.000        8.000        5.000
   740:       17.000        6.000       18.000       14.000       10.000
   745:        6.000        6.000        6.000        6.000        6.000
   750:        6.000       19.000        6.000        6.000        6.000
   755:        6.000        6.000        6.000        6.000        6.000
   760:        2.000        4.000       22.000       24.000       13.000
   765:        8.000        5.000       17.000       21.000       22.000
   770:       18.000       14.000       10.000       21.000       22.000
   775:       19.000        2.000        4.000       22.000       24.000
   780:       13.000        8.000        5.000       17.000        6.000
   785:       18.000       14.000       10.000        6.000        6.000
   790:       19.000        6.000        6.000        6.000        6.000
   795:        6.000        6.000        6.000        6.000        6.000
   800:        6.000        6.000        6.000        6.000        6.000
   805:        6.000        6.000        6.000        6.000        6.000
   810:        6.000        6.000        6.000        6.000        6.000
   815:        6.000        6.000        6.000        2.000        4.000
   820:       22.000       24.000       13.000        8.000        5.000
   825:       17.000        6.000       18.000       14.000       10.000
   830:        6.000        6.000       19.000        6.000        6.000
   835:        6.000        6.000        6.000        6.000        6.000
   840:        6.000        6.000        6.000        6.000        6.000
   845:        6.000        6.000        6.000        6.000        6.000
   850:        6.000        6.000        6.000        6.000        6.000
   855:        6.000        6.000        6.000        6.000        6.000
   860:        6.000        6.000        6.000        6.000        6.000
   865:        6.000        6.000        6.000        6.000        6.000
   870:        6.000        6.000        6.000        6.000        6.000
   875:        6.000        6.000        6.000        6.000        6.000
   880:        6.000        6.000        6.000        6.000        6.000
   885:        6.000        6.000        6.000        6.000        6.000
   890:        6.000        6.000        6.000        6.000      100.000
T:
     0:        0.000        0.000        0.000        0.000        1.780
     5:        2.160        2.400        2.590        9.910        9.990
    10:       33.650       34.860       36.620       48.810       58.710
    15:       59.160       59.200       59.270       60.890       62.290
    20:       62.490       63.410       63.430       63.550       63.630
    25:       63.820       67.320       68.920      102.090      111.380
    30:      111.450      111.680      137.940      138.150      139.680
    35:      143.180      172.870      174.770      175.880      184.770
    40:      190.700      191.270      191.580      222.280      237.910
    45:      250.800      250.940      269.120      316.090      328.530
    50:      330.330      333.100      334.100      334.310      335.510
    55:      336.660      336.880      337.110      338.520      342.590
    60:      348.040      348.090      348.100      352.460      353.130
    65:      353.380      374.470      375.100      375.180      375.280
    70:      375.440      376.610      389.990      440.440      464.860
    75:      467.510      467.550      469.410      475.270      478.530
    80:      478.730      506.390      545.080      574.200      577.660
    85:      633.110      633.380      633.570      634.100      634.420
    90:      634.880      635.760      635.970      638.020      638.260
    95:      639.110      639.140      656.750      677.780      743.310
   100:      851.010     1132.690     1133.600     1475.410     1475.460
   105:     1478.280     1478.810     1521.810     1524.220     1525.260
   110:     1556.930     1556.950     1557.070     1695.100     1696.620
   115:     1724.140     1725.500     1727.240     1768.330     1770.770
   120:     1806.110     1842.700     1937.550     1937.930     1939.370
   125:     1941.270     1941.850     1944.410     1944.760     1946.510
   130:     2090.300     2092.550     2125.990     2126.940     2143.460
   135:     2143.860     2145.740     2214.210     2218.440     2222.020
   140:     2223.600     2226.540     2226.660     2231.710     2232.210
   145:     2233.630     2238.410     2238.780     2238.820     2296.570
   150:     2298.470     2298.910     2298.920     2299.430     2313.960
   155:     2314.220     2315.360     2315.440     2323.550     2325.100
   160:     2329.570     2332.600     2332.680     2333.270     2333.650
   165:     2334.030     2334.090     2334.310     2335.040     2338.000
   170:     2338.140     2340.690     2341.080     2341.440     2341.790
   175:     2932.500     2973.650     2977.700     3007.940     3024.470
   180:     3025.270     3146.470     3619.610     3619.740     3710.710
   185:     3739.700     3780.470     3780.620     3867.360     3892.850
   190:     3896.330     3979.170     3979.810     3999.480     3999.820
   195:     4072.750     4072.850     4365.990     4366.200     4663.740
   200:     4770.900     4810.970     4811.400     4811.690     4812.150
   205:     4812.540     4964.890     4965.410     4965.480     4966.000
   210:     4969.150     4971.660     4974.130     4990.680     4991.220
   215:     4997.940     4999.160     5005.680     5008.980     5016.950
   220:     5017.310     5046.380     5046.720     5048.170     5048.950
   225:     5049.950     5110.190     5278.340     5280.330     5280.520
   230:     5280.580     5280.630     5565.360     5566.710     5643.860
   235:     5644.520     5645.060     5645.800     5646.170     5646.180
   240:     5798.360     5798.870     5799.430     5799.660     5828.420
   245:     5828.870     5830.320     5837.640     5838.320     5838.790
   250:     5840.230     5878.520     5893.980     5917.630     5917.900
   255:     5918.270     5918.390     5922.140     5922.880     5922.980
   260:     5923.200     5923.440     5923.470     5923.630     5923.650
   265:     5924.390     5925.520     5925.890     5927.760     5932.080
   270:     5946.010     5946.240     5946.860     5946.970     5947.010
   275:     5947.160     5947.310     5947.620     5947.930     5948.050
   280:     5948.280     5948.390     5950.530     5953.280     5953.520
   285:     5957.360     5960.790     5964.520     5965.420     5965.640
   290:     5965.810     5966.680     5966.760     5967.070     5967.150
   295:     5967.230     5968.260     5968.310     5969.840     5976.580
   300:     5976.640     5977.720     5984.690     5985.000     5987.840
   305:     5988.130     5990.250     5999.640     5999.920     6000.170
   310:     6000.490     6000.770     6003.760     6003.960     6004.290
   315:     6004.310     6004.480     6005.260     6005.430     6011.040
   320:     6011.560     6019.040     6019.610     6025.890     6026.210
   325:     6027.440     6027.450     6027.570     6028.550     6028.780
   330:     6029.160     6043.050     6047.620     6047.920     6049.230
   335:     6051.860     6058.420     6058.550     6058.740     6058.790
   340:     6058.910     6059.000     6059.080     6059.360     6069.270
   345:     6070.100     6070.870     6077.230     6077.380     6077.970
   350:     6087.110     6087.430     6089.050     6089.120     6092.940
   355:     6092.950     6094.850     6099.730     6100.930     6101.060
   360:     6101.120     6101.690     6102.310     6102.420     6123.500
   365:     6127.970     6130.510     6131.470     6135.270     6137.600
   370:     6138.060     6144.430     6152.840     6161.230     6173.320
   375:     6174.290     6193.470     6193.730     6217.750     6247.400
   380:     6247.590     6274.670     6275.150     6275.510     6324.430
   385:     6324.560     6324.770     6325.830     6331.230     6331.670
   390:     6333.860     6361.150     6363.560     6363.840     6364.760
   395:     6364.780     6369.930     6404.280     6408.880     6412.770
   400:     6413.880     6414.230     6414.560     6414.650     6452.130
   405:     6456.260     6456.500     6458.840     6459.030     6460.630
   410:     6463.540     6465.400     6465.640     6465.900     6469.960
   415:     6470.580     6470.700     6480.640     6481.040     6481.150
   420:     6481.430     6481.640     6481.680     6481.720     6482.450
   425:     6482.790     6482.820     6482.900     6484.610     6484.620
   430:     6484.660     6486.410     6486.840     6498.100     6498.370
   435:     6509.860     6510.770     6510.890     6511.210     6511.430
   440:     6512.280     6521.490     6533.120     6533.340     6533.430
   445:     6535.990     6536.190     6536.340     6536.400     6536.470
   450:     6536.930     6537.530     6537.620     6538.440     6559.610
   455:     6567.890     6756.960     6757.310     6757.540     6758.250
   460:     6758.370     6759.000     6759.100     6759.420     6759.990
   465:     6760.210     6760.370     6761.650     6761.760     6762.630
   470:     6762.760     6764.620     6764.830     6765.000     6765.020
   475:     6766.500     6767.980     6769.620     6769.750     6769.820
   480:     6770.010     6773.320     6776.750     6777.580     6779.140
   485:     6789.330     6790.140     6790.400     6794.040     6801.790
   490:     6802.640     6802.930     6803.340     6823.490     6823.700
   495:     6825.640     6825.970     6866.230     6867.500     6867.840
   500:     6868.020     6869.960     6870.300     7024.010     7025.540
   505:     7025.640     7025.680     7063.340     7141.380     7141.890
   510:     7142.340     7142.770     7143.000     7143.270     7144.080
   515:     7145.650     7146.560     7146.920     7213.850     7324.630
   520:     7327.740     7332.130     7352.010     7354.140     7354.390
   525:     7354.930     7354.960     7355.150     7355.210     7635.660
   530:     7635.990     7640.940     7641.360     7654.340     7655.540
   535:     7656.300     7656.500     7688.730     7690.070     7690.150
   540:     7702.910     7704.220     7707.250     7707.670     7707.910
   545:     7709.380     7709.460     7710.830     7726.280     7726.690
   550:     7727.430     7727.510     7728.050     7763.630     7763.680
   555:     7891.920     7892.970     8018.820     8024.330     8024.570
   560:     8024.830     8025.910     8029.660     8033.570     8091.640
   565:     8091.920     8092.630     8095.080     8095.330     8095.460
   570:     8095.500     8095.530     8097.600     8097.830     8103.530
   575:     8104.760     8112.090     8113.260     8139.140     8139.220
   580:     8139.790     8141.300     8179.690     8186.620     8187.480
   585:     8187.700     8187.760     8187.900     8188.290     8189.320
   590:     8189.780     8195.780     8196.520     8199.910     8233.880
   595:     8234.900     8237.070     8238.060     8239.280     8241.090
   600:     8241.120     8242.740     8266.710     8268.530     8268.610
   605:     8311.320     8312.050     8324.060     8329.580     8329.650
   610:     8351.530     8351.530     8351.530     8351.540     8351.540
   615:     8351.540     8351.540     8351.540     8352.680     8352.680
   620:     8355.540     8356.540     8356.540     8357.150     8357.610
   625:     8361.530     8371.890     8382.270     8432.880     8473.930
   630:     8474.990     8475.470     8488.600     8490.040     8497.110
   635:     8497.320     8497.480     8498.850     8498.910     8499.430
   640:     8499.460     8499.510     8499.570     8502.200     8510.120
   645:     8530.840     8531.380     8531.570     8531.720     8532.150
   650:     8532.730     8532.820     8533.130     8540.060     8542.700
   655:     8544.020     8544.120     8544.800     8544.830     8544.910
   660:     8549.140     8549.730     8549.860     8549.940     8550.030
   665:     8550.100     8550.260     8550.380     8550.540     8550.640
   670:     8550.940     8551.120     8554.740     8573.060     8573.570
   675:     8580.870     8580.970     8583.480     8583.560     8583.930
   680:     8584.020     8617.190     8617.530     8770.820     8771.050
   685:     8776.760     8830.130     8830.540     8837.370     8873.470
   690:     8873.980     8874.000     8874.070     8874.350     8874.510
   695:     8875.350     8875.410     8875.510     8875.560     8875.630
   700:     8875.680     8920.170     8935.850     8936.230     8936.390
   705:     8936.460     8942.430     8942.680     8952.050     8978.660
   710:     8978.720     8979.480     8979.850     8980.090     8983.000
   715:     8983.060     8984.620     9024.790     9025.150     9061.860
   720:     9061.860     9061.860     9061.870     9061.870     9061.870
   725:     9061.870     9061.870     9065.870     9065.900     9065.900
   730:     9066.870     9066.870     9071.860     9083.040     9083.040
   735:     9083.040     9083.050     9083.050     9083.050     9083.050
   740:     9083.050     9084.840     9087.050     9088.050     9088.050
   745:     9088.310     9091.170     9091.290     9091.340     9091.400
   750:     9091.870     9093.040     9094.110     9097.520     9098.360
   755:     9110.140     9112.400     9113.840     9118.660     9118.790
   760:     9122.600     9122.600     9122.600     9122.610     9122.610
   765:     9122.610     9122.610     9122.610     9124.590     9124.590
   770:     9126.610     9127.610     9127.610     9129.490     9129.490
   775:     9132.600     9133.280     9133.280     9133.280     9133.290
   780:     9133.290     9133.290     9133.290     9133.290     9135.960
   785:     9137.290     9138.290     9138.290     9138.430     9140.020
   790:     9143.280     9146.900     9150.240     9150.560     9152.880
   795:     9161.740     9161.840     9162.160     9162.500     9162.530
   800:     9162.550     9162.960     9164.080     9164.240     9164.330
   805:     9164.460     9169.120     9169.240     9169.470     9170.000
   810:     9170.040     9171.110     9171.230     9183.490     9183.520
   815:     9193.990     9208.780     9208.950     9213.730     9213.730
   820:     9213.730     9213.740     9213.740     9213.740     9213.740
   825:     9213.740     9217.450     9217.740     9218.740     9218.740
   830:     9218.910     9221.070     9223.730     9229.000     9231.720
   835:     9233.430     9233.560     9233.780     9234.090     9234.720
   840:     9234.810     9237.140     9237.440     9238.330     9243.180
   845:     9243.250     9281.110     9281.410     9282.700     9282.800
   850:     9283.010     9814.190     9814.370     9817.510     9820.470
   855:     9835.010     9835.310     9835.960     9836.740     9881.140
   860:     9881.330     9905.580     9905.770     9905.820     9906.720
   865:     9907.390     9958.580     9958.770     9960.510     9971.320
   870:     9971.360     9972.010     9974.150     9982.330     9982.550
   875:     9982.950    10593.750    10638.760    10639.140    10640.240
   880:    10641.800    10649.840    10713.700    10714.240    10714.650
   885:    10716.800    10720.480    10720.640    10723.020    10727.190
   890:    10727.390    10727.640    10727.770    10727.900    10800.010
