File: C:\MED-PC IV\DATA\!2025-08-21_11h55m.Subject T15



Start Date: 08/21/25
End Date: 08/21/25
Subject: T15
Experiment: OralFentSA
Group: One
Box: 3
Start Time: 11:55:57
End Time: 14:56:04
MSN: Golden_Liq_SelfAdmin_LIT
F:       0.000
G:     996.000
H:   10800.010
I:       0.000
J:       0.000
K:       0.000
L:       0.000
M:       0.000
N:       0.000
O:       0.000
P:       0.000
Q:       0.000
R:       0.000
S:       0.000
U:       0.000
V:       0.000
W:       0.000
X:       0.000
Y:       0.000
Z:       0.000
A:
     0:        0.000        0.000      180.000        4.000        0.000
     5:        5.000        0.000        5.000        0.000        0.000
    10:        1.000        0.000       10.000     2400.000       22.000
    15:        4.000      320.000        0.000        0.000        0.000
    20:        0.000
B:
     0:        0.000        0.000        0.000      400.000        0.000
     5:      500.000        0.000      500.000        0.000        0.000
    10:        0.000        0.000     1000.000   240000.000        0.000
    15:        0.000        0.000        0.000        0.000        0.000
    20:        0.000
C:
     0:       16.000       14.000        0.000        3.000      833.000
     5:    10034.090        3.730       13.000      123.110        9.470
    10:        3.000        3.000       18.000        0.000        0.000
    15:        0.000        0.000        0.000        0.000        0.000
    20:        0.000
D:
     0:        3.830        7.140       25.750        0.570        2.260
     5:       25.340        2.830       10.050        1.790        9.760
    10:       16.330       13.730        3.730
E:
     0:       19.000       11.000       26.000       27.000        6.000
     5:        6.000        6.000        6.000        6.000        6.000
    10:        6.000        6.000        6.000        6.000        6.000
    15:        6.000        6.000        6.000        6.000        6.000
    20:        6.000        6.000        6.000        6.000        6.000
    25:        6.000        6.000        6.000        6.000        6.000
    30:        6.000        6.000        6.000        6.000        6.000
    35:        6.000        6.000        6.000        6.000        6.000
    40:        6.000        6.000        6.000        6.000        6.000
    45:        6.000        6.000        6.000        6.000        6.000
    50:        6.000        6.000        6.000        6.000        6.000
    55:        6.000        6.000        6.000        6.000        6.000
    60:        6.000        6.000        6.000        6.000        6.000
    65:        6.000        6.000        6.000        6.000        6.000
    70:        6.000        6.000        6.000        6.000        6.000
    75:        6.000        6.000        6.000        6.000        6.000
    80:        6.000        6.000        6.000        6.000        6.000
    85:        6.000        6.000        2.000        4.000       22.000
    90:       24.000       13.000        8.000        5.000       17.000
    95:        6.000       18.000       14.000       10.000        6.000
   100:       19.000        6.000        6.000        6.000        6.000
   105:        6.000        6.000        6.000        6.000        6.000
   110:        6.000        6.000        6.000        6.000        6.000
   115:        6.000        6.000        6.000        6.000        6.000
   120:        6.000        6.000        6.000        6.000       23.000
   125:        6.000        6.000        6.000        6.000        6.000
   130:        6.000        6.000        6.000        6.000        6.000
   135:        6.000        6.000        6.000        6.000        6.000
   140:        6.000        6.000        6.000        6.000        6.000
   145:        6.000        6.000        6.000        6.000        6.000
   150:        6.000        6.000        6.000        6.000        6.000
   155:        6.000        6.000        6.000        6.000        6.000
   160:        6.000        6.000        6.000        6.000        6.000
   165:        6.000        6.000        6.000        6.000        6.000
   170:        6.000        6.000        6.000        6.000        6.000
   175:        6.000        6.000        6.000        6.000        6.000
   180:        6.000        6.000        6.000        6.000        6.000
   185:        6.000        6.000        6.000        6.000        6.000
   190:        6.000        6.000        6.000        6.000        6.000
   195:        6.000        6.000        6.000        6.000        6.000
   200:        6.000        6.000        6.000        6.000        6.000
   205:        6.000        6.000        6.000        6.000        6.000
   210:        6.000        6.000        6.000        6.000        6.000
   215:        6.000        6.000        6.000        6.000        6.000
   220:        6.000        6.000        6.000        6.000        6.000
   225:        6.000        6.000        6.000        6.000        6.000
   230:        6.000        6.000        6.000        6.000        6.000
   235:        6.000        6.000        6.000        6.000        6.000
   240:        6.000        6.000        6.000        6.000        6.000
   245:        6.000        6.000        6.000        6.000        6.000
   250:        6.000        6.000        6.000        6.000        6.000
   255:        6.000        6.000        6.000        6.000        6.000
   260:        6.000        6.000        6.000        6.000        6.000
   265:        6.000        6.000        6.000        6.000        6.000
   270:        6.000        6.000        6.000        6.000        6.000
   275:        6.000        6.000        6.000        6.000        6.000
   280:        6.000        6.000        6.000        6.000        6.000
   285:        6.000        6.000        6.000        6.000        6.000
   290:        6.000        6.000        6.000        6.000        6.000
   295:        6.000        6.000        6.000        6.000        6.000
   300:        6.000        6.000        6.000       25.000       24.000
   305:       13.000        8.000        5.000       17.000       18.000
   310:       14.000       10.000        6.000       19.000        6.000
   315:        6.000        6.000        6.000        6.000        6.000
   320:        6.000        6.000        6.000        6.000        6.000
   325:        6.000        6.000        6.000        6.000        6.000
   330:        6.000        6.000        6.000        6.000        6.000
   335:        6.000        6.000        6.000        6.000        6.000
   340:        6.000        6.000        6.000        6.000        6.000
   345:        6.000        6.000        6.000        6.000        6.000
   350:        6.000        6.000        6.000        6.000        6.000
   355:        6.000        6.000        6.000        6.000        6.000
   360:        6.000        6.000        6.000        6.000        6.000
   365:        6.000        6.000        6.000        6.000        6.000
   370:        6.000        6.000        6.000        6.000        6.000
   375:        6.000        6.000        6.000        6.000        6.000
   380:        6.000        6.000        6.000        6.000        6.000
   385:        6.000        6.000        6.000        6.000        6.000
   390:        6.000        6.000        6.000        6.000        6.000
   395:        6.000        6.000        6.000        6.000        6.000
   400:        6.000        6.000        6.000        6.000        6.000
   405:        6.000        6.000        6.000        6.000        6.000
   410:        6.000        6.000        6.000        6.000        6.000
   415:        6.000        6.000        6.000        6.000        6.000
   420:        6.000        6.000        6.000        6.000        6.000
   425:        6.000        6.000        6.000        6.000        6.000
   430:        6.000        6.000        6.000        6.000        6.000
   435:        6.000        6.000        6.000        6.000        6.000
   440:        6.000        6.000        6.000        6.000        6.000
   445:        6.000        6.000        6.000        6.000        6.000
   450:        6.000        6.000        6.000       23.000       23.000
   455:        6.000        6.000        6.000        2.000        4.000
   460:       22.000       24.000       13.000        8.000        5.000
   465:       17.000       21.000       22.000       18.000       14.000
   470:       10.000       19.000        6.000        6.000        6.000
   475:        6.000        6.000        6.000        6.000        6.000
   480:        6.000        6.000        6.000        6.000        6.000
   485:        6.000        6.000        6.000        6.000        6.000
   490:        6.000        6.000        6.000        6.000        6.000
   495:        6.000        6.000        6.000        6.000        6.000
   500:       30.000       24.000       13.000        8.000        5.000
   505:       17.000       30.000       18.000       30.000        5.000
   510:       17.000       14.000       10.000        6.000        6.000
   515:       18.000       19.000        6.000        6.000        6.000
   520:        6.000        6.000        6.000        6.000        6.000
   525:        6.000        6.000        6.000        6.000        6.000
   530:        6.000        6.000        6.000        6.000        6.000
   535:        6.000        6.000        6.000        6.000        6.000
   540:        6.000        6.000        6.000        6.000        6.000
   545:        6.000        6.000        6.000        6.000        6.000
   550:        6.000        6.000        6.000        6.000        6.000
   555:        6.000        6.000       30.000       24.000       13.000
   560:        8.000        5.000       17.000       18.000       14.000
   565:       10.000       19.000       30.000       24.000       13.000
   570:        8.000        5.000       17.000        6.000        6.000
   575:       18.000        6.000       14.000       10.000        6.000
   580:       30.000       13.000        8.000        5.000       17.000
   585:       18.000       19.000       14.000       10.000       30.000
   590:       24.000       13.000        8.000        5.000       17.000
   595:       18.000       14.000       10.000       19.000        6.000
   600:       30.000       24.000       13.000        8.000        5.000
   605:       17.000        6.000       18.000       14.000       10.000
   610:       19.000        6.000        6.000        6.000        6.000
   615:        6.000       30.000       24.000       13.000        8.000
   620:        5.000       17.000       18.000       14.000       10.000
   625:       19.000        6.000       30.000       24.000       13.000
   630:        8.000        5.000       17.000        6.000       30.000
   635:       18.000       30.000        5.000       17.000       30.000
   640:       30.000       14.000       10.000       18.000       19.000
   645:        6.000       30.000       24.000       13.000        8.000
   650:        5.000       17.000       18.000       14.000       10.000
   655:       19.000        6.000        6.000        6.000        6.000
   660:        6.000        6.000        6.000        6.000        6.000
   665:        6.000        6.000        6.000        6.000        6.000
   670:        6.000        6.000        6.000        6.000        6.000
   675:        6.000        6.000        6.000        6.000        6.000
   680:        6.000        6.000        6.000        6.000        6.000
   685:        6.000        6.000        6.000        6.000        6.000
   690:        6.000        6.000        6.000        6.000        6.000
   695:        6.000        6.000        6.000        6.000        6.000
   700:        6.000        6.000        6.000        6.000        6.000
   705:        6.000        6.000        6.000        6.000        6.000
   710:        6.000        6.000        6.000        6.000        6.000
   715:        6.000        6.000        6.000        6.000        6.000
   720:        6.000        6.000        6.000        6.000        6.000
   725:        6.000        6.000        6.000        6.000        6.000
   730:        6.000        6.000        6.000        6.000        6.000
   735:        6.000        6.000        6.000        6.000       25.000
   740:       24.000       13.000        8.000        5.000       17.000
   745:       18.000       14.000       10.000       19.000        6.000
   750:        6.000        6.000        6.000        6.000        6.000
   755:        6.000        6.000        6.000        6.000        6.000
   760:        6.000        6.000        6.000        6.000        6.000
   765:        6.000        6.000        6.000        6.000        6.000
   770:        6.000        6.000        6.000        6.000        6.000
   775:        6.000        6.000        6.000        6.000        6.000
   780:        6.000        6.000        6.000        6.000        6.000
   785:        6.000        6.000        6.000        6.000        6.000
   790:        6.000        6.000        6.000        6.000        6.000
   795:        6.000        6.000        6.000        6.000        6.000
   800:        6.000        6.000        6.000        6.000        6.000
   805:        6.000        6.000        6.000        6.000        6.000
   810:        6.000        6.000        6.000        6.000        6.000
   815:        6.000        6.000        6.000        6.000        6.000
   820:        6.000        6.000        6.000        6.000        6.000
   825:        6.000        6.000        6.000        6.000        6.000
   830:        6.000        6.000        6.000        6.000        6.000
   835:        6.000        6.000        6.000        6.000        6.000
   840:        6.000        6.000        6.000        6.000        6.000
   845:        6.000        6.000        6.000        6.000        6.000
   850:        6.000        6.000        6.000        6.000        6.000
   855:        6.000        6.000        6.000        6.000        6.000
   860:        6.000        6.000        6.000        6.000        6.000
   865:        6.000        6.000        6.000        6.000        6.000
   870:        6.000        6.000        6.000        6.000        6.000
   875:        6.000        6.000        6.000        6.000        6.000
   880:        6.000        6.000        6.000        6.000        6.000
   885:        6.000        6.000        6.000        6.000        6.000
   890:        6.000        6.000        6.000        6.000        6.000
   895:        6.000        6.000        6.000        6.000        6.000
   900:        6.000        6.000        6.000        6.000        6.000
   905:        6.000        6.000        6.000        6.000        6.000
   910:        6.000        6.000        6.000        6.000        6.000
   915:        6.000        6.000        6.000        6.000        6.000
   920:        6.000        6.000        6.000        6.000        6.000
   925:        6.000        6.000        6.000        6.000        6.000
   930:        6.000        6.000        6.000        6.000        6.000
   935:        6.000        6.000        6.000        6.000        6.000
   940:        6.000        6.000        6.000        6.000        6.000
   945:        6.000        6.000        6.000        6.000        6.000
   950:        6.000        6.000        6.000        6.000        6.000
   955:        6.000        6.000       25.000       24.000       13.000
   960:        8.000        5.000       17.000        6.000       18.000
   965:       14.000       10.000       19.000        6.000        6.000
   970:        6.000        6.000        6.000        6.000        6.000
   975:        6.000        6.000        6.000        6.000        6.000
   980:        6.000        6.000        6.000        6.000        6.000
   985:        6.000        6.000        6.000        6.000        6.000
   990:        6.000        6.000        6.000        6.000        6.000
   995:        6.000      100.000
T:
     0:        0.000        0.000        0.000        0.000        2.300
     5:        7.920       14.790       46.070       69.180       71.750
    10:       74.140       81.560       90.650       95.680       99.200
    15:      121.610      121.680      121.690      133.790      181.080
    20:      182.300      184.350      184.590      184.650      235.480
    25:      235.650      239.990      251.720      255.150      262.500
    30:      268.540      279.970      300.120      309.370      346.380
    35:      354.030      354.200      357.710      375.260      376.110
    40:      377.920      390.650      391.300      395.480      405.880
    45:      406.290      433.610      447.630      478.400      478.470
    50:      479.770      538.110      540.080      569.890      572.460
    55:      573.050      596.680      603.590      715.900      723.730
    60:      725.230      743.680      743.710      744.350      744.740
    65:      782.050      787.780      789.180      789.290      796.830
    70:      824.140      824.180      826.360      866.370      868.620
    75:      924.020      935.430      947.260      949.880      950.050
    80:      950.940      979.850     1101.650     1159.500     1179.130
    85:     1179.590     1183.760     1210.250     1210.250     1210.250
    90:     1210.260     1210.260     1210.260     1210.260     1210.260
    95:     1214.090     1214.260     1215.260     1215.260     1217.860
   100:     1220.250     1230.440     1231.710     1231.930     1428.770
   105:     1436.330     1457.250     1466.880     1467.080     1468.390
   110:     1469.160     1683.420     1749.110     1758.980     1759.180
   115:     1776.380     1776.590     1777.160     1777.360     1777.390
   120:     1777.460     1778.370     1778.400     1778.450     1795.030
   125:     1824.030     1826.270     1827.540     1827.850     1834.010
   130:     1835.390     1835.950     1838.250     1838.290     1839.860
   135:     1840.730     1841.220     1842.000     1843.010     1847.710
   140:     1847.940     1848.060     1848.350     1851.220     1852.530
   145:     1855.170     1855.270     1856.410     1856.530     1858.990
   150:     1859.380     1860.570     1860.700     1860.810     1863.210
   155:     1863.660     1863.810     1957.810     1958.980     1960.760
   160:     2161.070     2191.610     2198.550     2200.790     2202.930
   165:     2203.040     2203.200     2211.460     2212.800     2218.830
   170:     2221.240     2297.570     2297.600     2298.510     2298.670
   175:     2301.950     2304.010     2309.210     2309.730     2309.780
   180:     2604.500     2605.020     2650.680     2651.140     2652.760
   185:     2653.340     2677.760     2679.180     2687.020     2687.860
   190:     2688.180     2777.050     2777.320     2777.700     2779.350
   195:     2779.400     2779.490     2779.790     2781.140     2782.970
   200:     2783.150     2799.060     2815.630     2833.370     2875.970
   205:     2902.630     2902.890     2902.920     2902.960     2903.050
   210:     2905.500     2906.290     2946.200     2998.330     3013.170
   215:     3028.000     3028.180     3028.360     3030.820     3030.870
   220:     3030.980     3083.990     3084.150     3084.800     3088.580
   225:     3088.790     3112.340     3113.600     3128.290     3128.790
   230:     3147.960     3148.040     3148.070     3168.870     3170.450
   235:     3172.050     3174.030     3174.830     3174.920     3175.020
   240:     3180.970     3181.050     3211.140     3211.470     3250.750
   245:     3252.050     3257.560     3257.720     3304.710     3314.140
   250:     3314.920     3317.120     3317.510     3345.150     3345.830
   255:     3346.150     3346.220     3346.300     3349.600     3349.660
   260:     3349.820     3350.970     3351.700     3352.470     3356.680
   265:     3357.090     3357.560     3357.680     3358.910     3359.060
   270:     3359.180     3359.360     3360.640     3360.820     3360.990
   275:     3361.330     3361.710     3364.860     3364.930     3365.160
   280:     3365.290     3365.500     3368.780     3372.510     3380.040
   285:     3538.380     3539.060     3539.170     3543.900     3544.420
   290:     3544.590     3544.750     3549.310     3551.860     3552.090
   295:     3552.220     3552.410     3553.570     3589.560     3591.340
   300:     3591.590     3591.820     3596.660     3620.250     3620.260
   305:     3620.260     3620.260     3620.260     3620.260     3624.260
   310:     3625.260     3625.260     3627.400     3630.250     3634.190
   315:     3637.080     3643.880     3644.870     4063.430     4071.230
   320:     4071.350     4072.770     4074.830     4075.200     4096.950
   325:     4106.100     4106.390     4107.900     4110.910     4125.540
   330:     4135.290     4135.470     4139.000     4142.270     4142.980
   335:     4146.740     4146.930     4153.920     4154.310     4154.540
   340:     4157.340     4157.560     4158.560     4160.170     4162.880
   345:     4163.270     4164.280     4164.730     4165.210     4176.940
   350:     4187.680     4190.390     4190.770     4192.080     4217.790
   355:     4236.210     4237.570     4237.600     4238.110     4238.420
   360:     4238.620     4239.250     4263.090     4263.950     4264.000
   365:     4264.140     4264.190     4264.210     4264.340     4264.530
   370:     4264.760     4264.960     4265.030     4265.330     4265.410
   375:     4268.500     4268.850     4269.930     4270.000     4270.070
   380:     4270.170     4283.580     4295.900     4296.050     4296.930
   385:     4358.680     4359.560     4374.100     4374.190     4376.040
   390:     4376.330     4376.570     4386.450     4386.870     4638.670
   395:     4640.260     4641.960     4644.320     4644.430     4644.450
   400:     4645.140     4646.100     4776.050     4777.220     4777.720
   405:     4781.410     4812.910     4813.460     4813.510     4813.600
   410:     4813.620     4814.090     4818.520     4819.700     4839.070
   415:     4841.000     4847.020     4847.660     4872.620     4874.360
   420:     4874.530     4877.850     4878.460     4957.510     4984.130
   425:     4984.990     5004.990     5065.490     5067.250     5068.230
   430:     5068.250     5068.380     5068.430     5068.520     5077.270
   435:     5077.750     5109.440     5109.980     5110.300     5110.670
   440:     5110.890     5124.810     5126.880     5127.030     5127.100
   445:     5142.670     5168.340     5168.700     5172.850     5173.270
   450:     5186.830     5194.980     5195.530     5202.830     5205.390
   455:     5207.890     5208.710     5208.920     5214.080     5214.080
   460:     5214.080     5214.090     5214.090     5214.090     5214.090
   465:     5214.090     5217.930     5217.930     5218.090     5219.090
   470:     5219.090     5224.080     5239.840     5242.770     5255.260
   475:     5259.870     5264.910     5266.150     5267.170     5267.800
   480:     5267.870     5293.500     5294.570     5295.410     5311.790
   485:     5315.400     5343.670     5343.830     5357.970     5361.750
   490:     5362.140     5428.650     5428.680     5428.700     5428.770
   495:     5428.930     5432.040     5432.870     5463.690     5465.220
   500:     5642.620     5642.620     5642.620     5642.620     5642.620
   505:     5642.620     5645.010     5646.620     5647.140     5647.140
   510:     5647.140     5647.620     5647.620     5647.710     5649.850
   515:     5651.140     5652.610     5699.480     5700.000     5700.720
   520:     5716.560     5717.500     5717.770     5737.680     5750.200
   525:     5774.730     5774.910     5775.180     5784.450     5784.940
   530:     5785.310     5882.790     5882.920     5901.480     5901.630
   535:     5901.930     5902.470     5902.560     6051.450     6051.540
   540:     6052.510     6053.030     6166.130     6167.040     6168.490
   545:     6168.860     6169.660     6250.760     6251.900     6291.860
   550:     6321.530     6434.680     6435.210     6545.640     6573.520
   555:     6576.820     6588.980     6600.350     6600.350     6600.350
   560:     6600.350     6600.350     6600.350     6604.350     6605.350
   565:     6605.350     6610.340     6673.530     6673.530     6673.530
   570:     6673.530     6673.530     6673.530     6675.790     6676.030
   575:     6677.530     6678.430     6678.530     6678.530     6678.690
   580:     6679.400     6679.400     6679.400     6679.400     6679.400
   585:     6683.400     6683.520     6684.400     6684.400     6695.000
   590:     6695.000     6695.000     6695.000     6695.000     6695.000
   595:     6699.000     6700.000     6700.000     6704.990     6720.340
   600:     6732.290     6732.290     6732.290     6732.290     6732.290
   605:     6732.290     6735.120     6736.290     6737.290     6737.290
   610:     6742.280     6749.510     6751.990     6752.830     6753.120
   615:     6764.060     6772.680     6772.680     6772.680     6772.680
   620:     6772.680     6772.680     6776.680     6777.680     6777.680
   625:     6782.670     6782.730     6782.800     6782.800     6782.800
   630:     6782.800     6782.800     6782.800     6784.590     6786.800
   635:     6786.800     6786.960     6786.960     6786.960     6787.560
   640:     6787.730     6787.800     6787.800     6790.960     6792.790
   645:     6797.490     6797.530     6797.530     6797.530     6797.530
   650:     6797.530     6797.530     6801.530     6802.530     6802.530
   655:     6807.520     6813.860     6814.650     6838.700     6866.860
   660:     6875.940     6888.060     6896.150     6896.400     6905.960
   665:     6927.520     6927.690     6929.780     6933.980     6935.610
   670:     6935.720     6948.160     6949.930     6950.100     6950.970
   675:     6955.950     6970.730     6975.020     6983.450     6983.600
   680:     6984.270     6985.420     6986.800     6993.950     6995.280
   685:     6995.410     7002.490     7002.740     7005.790     7007.070
   690:     7007.840     7007.950     7034.600     7035.060     7035.560
   695:     7039.460     7060.410     7060.780     7156.890     7162.820
   700:     7174.770     7175.030     7188.510     7202.310     7203.070
   705:     7222.120     7233.660     7239.480     7244.490     7258.850
   710:     7262.780     7282.390     7283.390     7288.270     7294.400
   715:     7306.310     7321.040     7321.490     7326.430     7329.920
   720:     7330.010     7334.990     7340.540     7340.900     7344.640
   725:     7345.220     7353.100     7377.100     7384.550     7385.870
   730:     7398.010     7403.570     7426.640     7475.530     7505.050
   735:     7575.290     7602.910     7614.060     7620.720     7624.080
   740:     7624.090     7624.090     7624.090     7624.090     7624.090
   745:     7628.090     7629.090     7629.090     7634.080     7637.820
   750:     7637.920     7675.620     7684.350     7690.560     7699.670
   755:     7702.560     7711.300     7712.570     7727.120     7727.360
   760:     7728.740     7732.010     7733.500     7736.290     7740.600
   765:     7743.630     7753.430     7756.750     7764.150     7766.840
   770:     7767.170     7839.510     7844.130     7847.430     7847.860
   775:     7853.180     7860.590     7870.120     7881.700     7910.150
   780:     7911.360     7922.450     7938.610     7939.050     7968.270
   785:     8004.770     8006.250     8019.570     8027.620     8032.250
   790:     8040.170     8040.960     8099.760     8108.360     8122.630
   795:     8134.740     8140.240     8140.630     8171.690     8173.030
   800:     8196.730     8202.610     8218.130     8218.600     8227.980
   805:     8228.430     8262.520     8262.770     8267.670     8284.020
   810:     8343.660     8362.080     8391.270     8398.330     8405.670
   815:     8406.990     8414.440     8415.580     8416.200     8424.900
   820:     8425.350     8430.520     8441.110     8441.950     8447.470
   825:     8447.830     8448.060     8464.240     8464.340     8464.490
   830:     8487.020     8502.910     8521.830     8537.540     8544.270
   835:     8550.830     8560.630     8560.990     8565.750     8574.040
   840:     8587.190     8603.480     8603.980     8623.500     8632.520
   845:     8638.210     8638.300     8640.520     8641.150     8641.440
   850:     8642.110     8655.750     8660.820     8666.950     8666.970
   855:     8667.120     8667.400     8682.160     8688.900     8703.490
   860:     8718.140     8740.180     8746.200     8779.250     8780.220
   865:     8783.710     8784.240     8800.900     8822.010     8822.330
   870:     8822.680     8827.440     8827.740     8833.410     8862.450
   875:     8863.110     8864.860     8865.040     8865.490     8892.910
   880:     8892.960     8893.340     8927.400     8934.640     8961.160
   885:     8962.140     8962.380     8962.730     9021.700     9021.720
   890:     9039.760     9039.780     9055.710     9057.230     9077.760
   895:     9078.090     9083.830     9084.960     9092.390     9105.950
   900:     9108.770     9113.550     9141.520     9142.910     9238.190
   905:     9273.460     9274.600     9327.850     9328.070     9328.330
   910:     9328.950     9329.100     9337.200     9339.500     9415.740
   915:     9415.980     9422.110     9422.300     9430.640     9509.330
   920:     9517.680     9518.380     9526.480     9526.830     9526.990
   925:     9530.660     9642.960     9643.540     9643.620     9820.610
   930:     9824.230     9841.550     9841.890     9852.550     9853.360
   935:     9862.040     9862.410     9862.570     9863.710     9871.220
   940:     9878.830     9880.490     9880.790     9881.820     9883.390
   945:     9895.610     9928.540     9928.740     9929.260     9929.470
   950:     9929.720     9930.450     9933.640     9948.980     9971.660
   955:     9972.750     9972.790    10034.080    10034.090    10034.090
   960:    10034.090    10034.090    10034.090    10037.820    10038.090
   965:    10039.090    10039.090    10044.080    10051.040    10056.540
   970:    10076.050    10077.350    10085.290    10087.490    10092.490
   975:    10096.330    10098.880    10099.370    10100.860    10104.570
   980:    10118.420    10151.240    10230.890    10231.100    10233.370
   985:    10233.530    10445.870    10446.490    10446.780    10781.750
   990:    10783.350    10783.760    10785.860    10786.350    10786.490
   995:    10789.060    10800.010
