File: C:\MED-PC IV\DATA\!2025-09-10_12h28m.Subject T15



Start Date: 09/10/25
End Date: 09/10/25
Subject: T15
Experiment: OralFentSA
Group: One
Box: 8
Start Time: 12:28:42
End Time: 15:28:44
MSN: Golden_Liq_SelfAdmin_EXT_LIT
F:       0.000
G:    1079.000
H:   10800.010
I:       0.000
J:       0.000
K:       0.000
L:       0.000
M:       0.000
N:       0.000
O:       0.000
P:       0.000
Q:       0.000
R:       0.000
S:       0.000
U:       0.000
V:       0.000
W:       0.000
X:       0.000
Y:       0.000
Z:       0.000
A:
     0:        0.000        0.000      180.000        4.000        0.000
     5:        5.000        0.000        5.000        0.000        0.000
    10:        1.000        0.000       10.000 100000000.00       22.000
    15:       18.000      640.000        0.000        0.000        0.000
    20:        0.000
B:
     0:        0.000        0.000        0.000        0.000        0.000
     5:        0.000        0.000        0.000        0.000        0.000
    10:        0.000        0.000     1000.000 10000000000.        0.000
    15:        0.000        0.000        0.000        0.000        0.000
    20:        0.000
C:
     0:        0.000       81.000        0.000      216.000      365.000
     5:    10209.090      393.900       54.000     2793.410       51.730
    10:      216.000       38.000        0.000        0.000        0.000
    15:        0.000        0.000        0.000        0.000        0.000
    20:        0.000
D:
     0:       86.270      131.550      119.050      169.480        1.470
     5:        7.080        1.340        1.860      112.170       10.910
    10:      141.310        1.220        2.140        5.510       68.930
    15:        2.990       10.270        2.620        4.750      146.480
    20:        3.370      204.240        3.620       32.510        5.220
    25:       17.040       46.690        3.190        5.700       17.280
    30:       69.650      105.550       31.350       36.080       20.150
    35:        1.840       35.600       23.660       24.890       54.970
    40:        7.240        0.900        6.800       10.360       23.100
    45:       16.820        5.170        5.780        1.500      317.130
    50:       13.390      219.410        1.910      393.900
E:
     0:       19.000       11.000       26.000       27.000        6.000
     5:        2.000        4.000       22.000       24.000       19.000
    10:        6.000        6.000        6.000        6.000        6.000
    15:        6.000        2.000        4.000       22.000       24.000
    20:       19.000        6.000        2.000        4.000       22.000
    25:       24.000       19.000        6.000        6.000        6.000
    30:        6.000        6.000        6.000        6.000        6.000
    35:        2.000        4.000       22.000       24.000       19.000
    40:        2.000        4.000       22.000       24.000       19.000
    45:        6.000        6.000        6.000        6.000        2.000
    50:        4.000       22.000       24.000        6.000       21.000
    55:       22.000        6.000        6.000       21.000       22.000
    60:       21.000       22.000       21.000       22.000       21.000
    65:       22.000       19.000        2.000        4.000       22.000
    70:       24.000       21.000       22.000       21.000       22.000
    75:       21.000       22.000       21.000       22.000       21.000
    80:       22.000        6.000       21.000       22.000       21.000
    85:       22.000       19.000        2.000        4.000       22.000
    90:       24.000       21.000       22.000        6.000        6.000
    95:        6.000        6.000       19.000        6.000       23.000
   100:       23.000       23.000        2.000        4.000       22.000
   105:       24.000        6.000        6.000        6.000        6.000
   110:       21.000       22.000       21.000       22.000       19.000
   115:        2.000        4.000       22.000       24.000       21.000
   120:       22.000       21.000       22.000       21.000       22.000
   125:       21.000       22.000       21.000       22.000       21.000
   130:       22.000       21.000       22.000       21.000       22.000
   135:       21.000       22.000       21.000       22.000       21.000
   140:       22.000       19.000        6.000        2.000        4.000
   145:       22.000       24.000       21.000       22.000       21.000
   150:       22.000       21.000       22.000       21.000       22.000
   155:       21.000       22.000       21.000       22.000       21.000
   160:       22.000       19.000        6.000        6.000        6.000
   165:        6.000        6.000        6.000        6.000        6.000
   170:        6.000        6.000        6.000        6.000        6.000
   175:        2.000        4.000       22.000       24.000       21.000
   180:       22.000       21.000       22.000       21.000       22.000
   185:       21.000       22.000       21.000       22.000       21.000
   190:       22.000       19.000       21.000       22.000        2.000
   195:        4.000       22.000       24.000       19.000        6.000
   200:        6.000        6.000        2.000        4.000       22.000
   205:       24.000        6.000        6.000        6.000        6.000
   210:        6.000        6.000        6.000        6.000        6.000
   215:        6.000        6.000       19.000        6.000        6.000
   220:        6.000        6.000        2.000        4.000       22.000
   225:       24.000        6.000        6.000        6.000        6.000
   230:        6.000        6.000        6.000        6.000        6.000
   235:        6.000        6.000       19.000        6.000        2.000
   240:        4.000       22.000       24.000       21.000       22.000
   245:       21.000       22.000       21.000       22.000       21.000
   250:       22.000       21.000       22.000       21.000       22.000
   255:       21.000       22.000       21.000       22.000       21.000
   260:       22.000        6.000       21.000       22.000       21.000
   265:       22.000       21.000       22.000       21.000       22.000
   270:       21.000       22.000       19.000        2.000        4.000
   275:       22.000       24.000       21.000       22.000       21.000
   280:       22.000       21.000       22.000       21.000       22.000
   285:       21.000       22.000       21.000       22.000       21.000
   290:       22.000       19.000        2.000        4.000       22.000
   295:       24.000       19.000        2.000        4.000       22.000
   300:       24.000       19.000        2.000        4.000       22.000
   305:       24.000       19.000        6.000        6.000        6.000
   310:        2.000        4.000       22.000       24.000       19.000
   315:        2.000        4.000       22.000       24.000       21.000
   320:       22.000        6.000        6.000       21.000       22.000
   325:       21.000       22.000       19.000        6.000       23.000
   330:        2.000        4.000       22.000       24.000       21.000
   335:       22.000       21.000       22.000       21.000       22.000
   340:       21.000       22.000       21.000       22.000       21.000
   345:       22.000       21.000       22.000       19.000        6.000
   350:        6.000        6.000        6.000        6.000        6.000
   355:        6.000        6.000        6.000        6.000        2.000
   360:        4.000       22.000       24.000        6.000        6.000
   365:        6.000       21.000       22.000       21.000       22.000
   370:       21.000       22.000       19.000        2.000        4.000
   375:       22.000       24.000       21.000       22.000       21.000
   380:       22.000       21.000       22.000       21.000       22.000
   385:       19.000        2.000        4.000       22.000       24.000
   390:       21.000       22.000       21.000       22.000       21.000
   395:       22.000       21.000       22.000        6.000       21.000
   400:       22.000       21.000       22.000       21.000       22.000
   405:       21.000       22.000       19.000        2.000        4.000
   410:       22.000       24.000       21.000       22.000       19.000
   415:        2.000        4.000       22.000       24.000       19.000
   420:       23.000        6.000        2.000        4.000       22.000
   425:       24.000        6.000       21.000       22.000        6.000
   430:       19.000        6.000        6.000        6.000        6.000
   435:        6.000        6.000        6.000        6.000        6.000
   440:        2.000        4.000       22.000       24.000       19.000
   445:        2.000        4.000       22.000       24.000       21.000
   450:       22.000       21.000       22.000       21.000       22.000
   455:       21.000       22.000       19.000       23.000        6.000
   460:        6.000        6.000        2.000        4.000       22.000
   465:       24.000       21.000       22.000        6.000       19.000
   470:        6.000        2.000        4.000       22.000       24.000
   475:       19.000        6.000        2.000        4.000       22.000
   480:       24.000       21.000       22.000       21.000       22.000
   485:        6.000        6.000       19.000        6.000        6.000
   490:        6.000        2.000        4.000       22.000       24.000
   495:       21.000       22.000       19.000        6.000        6.000
   500:        6.000        2.000        4.000       22.000       24.000
   505:       19.000        6.000        6.000        6.000        2.000
   510:        4.000       22.000       24.000       21.000       22.000
   515:        6.000       19.000        6.000        6.000        6.000
   520:        2.000        4.000       22.000       24.000        6.000
   525:        6.000       19.000        6.000        6.000        6.000
   530:        6.000        6.000        6.000        6.000        6.000
   535:        6.000        6.000        6.000        6.000        6.000
   540:        6.000        6.000        6.000        6.000        6.000
   545:        6.000        6.000        6.000        6.000        6.000
   550:        6.000        6.000        6.000        6.000        2.000
   555:        4.000       22.000       24.000       19.000        6.000
   560:        6.000        6.000        2.000        4.000       22.000
   565:       24.000       19.000        2.000        4.000       22.000
   570:       24.000       19.000        6.000        6.000        6.000
   575:        6.000        6.000        6.000       23.000        2.000
   580:        4.000       22.000       24.000       21.000       22.000
   585:       19.000        6.000       23.000       23.000       23.000
   590:       23.000       23.000       23.000       23.000       23.000
   595:       23.000       23.000       23.000       23.000       23.000
   600:       23.000       23.000       23.000       23.000       23.000
   605:        6.000        6.000        6.000        6.000        6.000
   610:        6.000        6.000        6.000        6.000        6.000
   615:        6.000        6.000        6.000        6.000        6.000
   620:        6.000        6.000        6.000        6.000        6.000
   625:        6.000        6.000        2.000        4.000       22.000
   630:       24.000       19.000       23.000        2.000        4.000
   635:       22.000       24.000       21.000       22.000       19.000
   640:        6.000        6.000        2.000        4.000       22.000
   645:       24.000       19.000        6.000        6.000        6.000
   650:        2.000        4.000       22.000       24.000       19.000
   655:        6.000        6.000        6.000        2.000        4.000
   660:       22.000       24.000        6.000        6.000        6.000
   665:        6.000        6.000        6.000       19.000        2.000
   670:        4.000       22.000       24.000       19.000        2.000
   675:        4.000       22.000       24.000       21.000       22.000
   680:       21.000       22.000       21.000       22.000       21.000
   685:       22.000       19.000        2.000        4.000       22.000
   690:       24.000       21.000       22.000       19.000        2.000
   695:        4.000       22.000       24.000       21.000       22.000
   700:       21.000       22.000       21.000       22.000       19.000
   705:        2.000        4.000       22.000       24.000       21.000
   710:       22.000       19.000        6.000        6.000        6.000
   715:        6.000        6.000        6.000        6.000        6.000
   720:        6.000        6.000        6.000        6.000        6.000
   725:        6.000        6.000        6.000        6.000        6.000
   730:        6.000        6.000        6.000        6.000        6.000
   735:        6.000        6.000        6.000        6.000        6.000
   740:        6.000        6.000        6.000        6.000        6.000
   745:        6.000        6.000        6.000        6.000        6.000
   750:        6.000        6.000        6.000        2.000        4.000
   755:       22.000       24.000       19.000        2.000        4.000
   760:       22.000       24.000       21.000       22.000       21.000
   765:       22.000       19.000        6.000       23.000        2.000
   770:        4.000       22.000       24.000       19.000        6.000
   775:        6.000        2.000        4.000       22.000       24.000
   780:       19.000        2.000        4.000       22.000       24.000
   785:       21.000       22.000       21.000       22.000       19.000
   790:        2.000        4.000       22.000       24.000       21.000
   795:       22.000       21.000       22.000       21.000       22.000
   800:       19.000        2.000        4.000       22.000       24.000
   805:       21.000       22.000       21.000       22.000       21.000
   810:       22.000       19.000        2.000        4.000       22.000
   815:       24.000       21.000       22.000       21.000       22.000
   820:       19.000        2.000        4.000       22.000       24.000
   825:       21.000       22.000       21.000       22.000       21.000
   830:       22.000       21.000       22.000       19.000       23.000
   835:       23.000       23.000       23.000        6.000        6.000
   840:        6.000        2.000        4.000       22.000       24.000
   845:       21.000       22.000       21.000       22.000       19.000
   850:        2.000        4.000       22.000       24.000       19.000
   855:        2.000        4.000       22.000       24.000       21.000
   860:       22.000        6.000       19.000        2.000        4.000
   865:       22.000       24.000        6.000       19.000        6.000
   870:        6.000        6.000        6.000        2.000        4.000
   875:       22.000       24.000       21.000       22.000       21.000
   880:       22.000       21.000       22.000       19.000        2.000
   885:        4.000       22.000       24.000       21.000       22.000
   890:       21.000       22.000        6.000       19.000        6.000
   895:        2.000        4.000       22.000       24.000       19.000
   900:        6.000        6.000        2.000        4.000       22.000
   905:       24.000       19.000        2.000        4.000       22.000
   910:       24.000       19.000        6.000        6.000        2.000
   915:        4.000       22.000       24.000       19.000        6.000
   920:        6.000        6.000        6.000        6.000        6.000
   925:        6.000        6.000        6.000        6.000        6.000
   930:        6.000       23.000        6.000        6.000        6.000
   935:        6.000        6.000        6.000        6.000        6.000
   940:        6.000        6.000        6.000       23.000        2.000
   945:        4.000       22.000       24.000        6.000       21.000
   950:       22.000       19.000        2.000        4.000       22.000
   955:       24.000        6.000        6.000       19.000        6.000
   960:        6.000        6.000        6.000        2.000        4.000
   965:       22.000       24.000        6.000        6.000       19.000
   970:       23.000       23.000        6.000        6.000        6.000
   975:        6.000        6.000        6.000        6.000        6.000
   980:        6.000        6.000        6.000        6.000        6.000
   985:       23.000       23.000        2.000        4.000       22.000
   990:       24.000       19.000        6.000        6.000        6.000
   995:        6.000        6.000        6.000        6.000        6.000
  1000:        2.000        4.000       22.000       24.000       21.000
  1005:       22.000       19.000        2.000        4.000       22.000
  1010:       24.000       19.000        6.000        6.000        6.000
  1015:        6.000        6.000        6.000        6.000        6.000
  1020:        6.000        6.000        6.000        6.000        6.000
  1025:        6.000        6.000        6.000        6.000        6.000
  1030:        6.000        6.000        6.000        6.000        6.000
  1035:        6.000        6.000        6.000        6.000        2.000
  1040:        4.000       22.000       24.000       21.000       22.000
  1045:       21.000       22.000       19.000        6.000       23.000
  1050:        6.000        6.000        6.000        6.000        6.000
  1055:        6.000        6.000        6.000        6.000        6.000
  1060:        2.000        4.000       22.000       24.000        6.000
  1065:        6.000        6.000        6.000       19.000        6.000
  1070:        6.000        6.000        2.000        4.000       22.000
  1075:       24.000       19.000        6.000        6.000      100.000
T:
     0:        0.000        0.000        0.000        0.000       28.420
     5:       30.200       30.200       30.200       30.210       40.200
    10:      116.480      116.510      117.440      117.540      117.630
    15:      117.930      156.090      156.090      156.090      156.100
    20:      166.090      287.650      288.890      288.890      288.890
    25:      288.900      298.890      407.950      425.460      427.080
    30:      427.820      428.670      430.320      431.840      432.000
    35:      444.630      444.630      444.630      444.640      454.630
    40:      458.880      458.880      458.880      458.890      468.880
    45:      628.370      630.180      631.540      632.620      635.400
    50:      635.400      635.400      635.410      636.880      638.770
    55:      638.770      640.110      640.300      642.510      642.510
    60:      643.110      643.110      644.100      644.100      645.030
    65:      645.030      645.400      647.830      647.830      647.830
    70:      647.840      648.320      648.320      648.520      648.520
    75:      651.870      651.870      652.750      652.750      653.470
    80:      653.470      654.920      656.550      656.550      657.010
    85:      657.010      657.830      658.070      658.070      658.070
    90:      658.080      658.210      658.210      659.420      659.590
    95:      659.830      659.910      668.070      681.110      741.090
   100:      816.090      824.690      843.930      843.930      843.930
   105:      843.940      845.800      846.190      846.380      847.880
   110:      852.690      852.690      853.200      853.200      853.930
   115:      855.270      855.270      855.270      855.280      855.490
   120:      855.490      856.600      856.600      857.580      857.580
   125:      858.100      858.100      858.220      858.220      858.310
   130:      858.310      860.880      860.880      861.310      861.310
   135:      861.910      861.910      862.500      862.500      862.750
   140:      862.750      865.270      967.450      971.140      971.140
   145:      971.140      971.150      975.350      975.350      976.060
   150:      976.060      976.400      976.400      978.910      978.910
   155:      979.720      979.720      980.620      980.620      980.850
   160:      980.850      981.140      982.060      982.620      983.340
   165:      984.060      984.360      985.970      989.260      989.590
   170:      990.030      992.890      992.920      993.800      994.480
   175:     1001.410     1001.410     1001.410     1001.420     1002.650
   180:     1002.650     1008.310     1008.310     1008.840     1008.840
   185:     1009.260     1009.260     1009.400     1009.400     1010.140
   190:     1010.140     1011.410     1011.410     1011.410     1012.090
   195:     1012.090     1012.090     1012.100     1022.090     1153.410
   200:     1155.210     1155.380     1159.940     1159.940     1159.940
   205:     1159.950     1161.170     1161.960     1162.040     1167.000
   210:     1167.030     1167.090     1167.210     1167.370     1167.810
   215:     1168.030     1168.170     1169.940     1170.400     1170.500
   220:     1170.640     1171.210     1175.180     1175.180     1175.180
   225:     1175.190     1177.330     1178.440     1178.470     1178.480
   230:     1178.720     1182.180     1182.350     1182.630     1182.680
   235:     1182.790     1183.010     1185.180     1186.690     1240.160
   240:     1240.160     1240.160     1240.170     1240.740     1240.740
   245:     1240.930     1240.930     1241.780     1241.780     1242.050
   250:     1242.050     1242.300     1242.300     1242.740     1242.740
   255:     1242.950     1242.950     1243.550     1243.550     1244.290
   260:     1244.290     1245.680     1247.230     1247.230     1247.780
   265:     1247.780     1248.130     1248.130     1248.210     1248.210
   270:     1249.430     1249.430     1250.160     1250.290     1250.290
   275:     1250.290     1250.300     1250.420     1250.420     1250.590
   280:     1250.590     1252.630     1252.630     1253.560     1253.560
   285:     1254.390     1254.390     1255.390     1255.390     1258.990
   290:     1258.990     1260.290     1297.410     1297.410     1297.410
   295:     1297.420     1307.410     1345.600     1345.600     1345.600
   300:     1345.610     1355.600     1361.970     1361.970     1361.970
   305:     1361.980     1371.970     1430.910     1430.960     1431.050
   310:     1497.480     1497.480     1497.480     1497.490     1507.480
   315:     1518.950     1518.950     1518.950     1518.960     1519.680
   320:     1519.680     1521.950     1521.970     1524.330     1524.330
   325:     1525.350     1525.350     1528.950     1591.620     1653.000
   330:     1723.110     1723.110     1723.110     1723.120     1723.830
   335:     1723.830     1726.960     1726.960     1727.380     1727.380
   340:     1728.420     1728.420     1730.970     1730.970     1732.120
   345:     1732.120     1732.460     1732.460     1733.110     1733.390
   350:     1733.400     1735.010     1735.710     1736.200     1736.250
   355:     1736.540     1736.850     1737.060     1884.560     1903.660
   360:     1903.660     1903.660     1903.670     1906.290     1906.320
   365:     1907.530     1909.950     1909.950     1911.210     1911.210
   370:     1912.730     1912.730     1913.660     1914.400     1914.400
   375:     1914.400     1914.410     1917.790     1917.790     1918.500
   380:     1918.500     1920.590     1920.590     1923.210     1923.210
   385:     1924.400     1933.560     1933.560     1933.560     1933.570
   390:     1933.960     1933.960     1934.370     1934.370     1935.960
   395:     1935.960     1936.450     1936.450     1938.320     1940.670
   400:     1940.670     1941.430     1941.430     1941.660     1941.660
   405:     1943.480     1943.480     1943.560     1943.570     1943.570
   410:     1943.570     1943.580     1946.150     1946.150     1953.570
   415:     1960.490     1960.490     1960.490     1960.500     1970.490
   420:     1987.930     2106.980     2163.110     2163.110     2163.110
   425:     2163.120     2166.490     2169.100     2169.100     2172.570
   430:     2173.110     2178.860     2179.710     2180.010     2181.760
   435:     2181.910     2184.880     2185.170     2188.270     2188.400
   440:     2345.460     2345.460     2345.460     2345.470     2355.460
   445:     2362.010     2362.010     2362.010     2362.020     2364.500
   450:     2364.500     2364.880     2364.880     2368.030     2368.030
   455:     2368.980     2368.980     2372.010     2407.390     2566.260
   460:     2566.390     2566.720     2740.480     2740.480     2740.480
   465:     2740.490     2741.160     2741.160     2744.110     2750.480
   470:     2846.040     3028.220     3028.220     3028.220     3028.230
   475:     3038.220     3060.740     3114.170     3114.170     3114.170
   480:     3114.180     3116.190     3116.190     3116.240     3116.240
   485:     3119.400     3119.690     3124.170     3130.830     3130.880
   490:     3130.990     3263.040     3263.040     3263.040     3263.050
   495:     3268.930     3268.930     3273.040     3280.090     3280.910
   500:     3317.650     3345.660     3345.660     3345.660     3345.670
   505:     3355.660     3392.360     3413.750     3480.550     3671.180
   510:     3671.180     3671.180     3671.190     3671.690     3671.690
   515:     3674.380     3681.180     3935.850     3981.830     3981.990
   520:     3989.130     3989.130     3989.130     3989.140     3994.840
   525:     3995.440     3999.130     4007.820     4082.530     4083.640
   530:     4086.940     4087.020     4087.110     4087.180     4089.110
   535:     4090.400     4092.120     4092.950     4099.800     4099.960
   540:     4100.310     4102.340     4102.460     4111.120     4111.440
   545:     4112.040     4115.160     4119.930     4137.370     4140.360
   550:     4140.540     4141.610     4142.520     4144.150     4180.690
   555:     4180.690     4180.690     4180.700     4190.690     4197.980
   560:     4200.180     4200.220     4247.120     4247.120     4247.120
   565:     4247.130     4257.120     4317.160     4317.160     4317.160
   570:     4317.170     4327.160     4386.820     4386.940     4427.780
   575:     4430.300     4430.510     4431.130     4437.740     4768.570
   580:     4768.570     4768.570     4768.580     4776.120     4776.120
   585:     4778.570     4874.130     4987.920     4988.090     4988.810
   590:     4992.500     4992.700     4993.080     4997.450     4998.320
   595:     4998.700     5001.370     5007.550     5010.360     5019.260
   600:     5021.070     5023.560     5028.650     5032.240     5056.870
   605:     5082.980     5145.680     5152.490     5153.270     5154.130
   610:     5154.240     5155.860     5156.240     5157.290     5158.550
   615:     5160.950     5161.590     5161.640     5179.570     5179.760
   620:     5181.020     5182.780     5182.810     5182.970     5183.030
   625:     5183.060     5183.380     5311.750     5311.750     5311.750
   630:     5311.760     5321.750     5419.970     5476.440     5476.440
   635:     5476.440     5476.450     5481.970     5481.970     5486.440
   640:     5507.800     5510.310     5521.120     5521.120     5521.120
   645:     5521.130     5531.120     5557.210     5557.260     5557.370
   650:     5575.450     5575.450     5575.450     5575.460     5585.450
   655:     5595.610     5622.190     5622.920     5628.390     5628.390
   660:     5628.390     5628.400     5630.240     5630.840     5631.050
   665:     5631.840     5632.130     5633.800     5638.390     5698.880
   670:     5698.880     5698.880     5698.890     5708.880     5714.610
   675:     5714.610     5714.610     5714.620     5716.960     5716.960
   680:     5717.610     5717.610     5720.450     5720.450     5720.580
   685:     5720.580     5724.610     5728.660     5728.660     5728.660
   690:     5728.670     5735.160     5735.160     5738.660     5744.020
   695:     5744.020     5744.020     5744.030     5747.700     5747.700
   700:     5751.970     5751.970     5752.440     5752.440     5754.020
   705:     5755.970     5755.970     5755.970     5755.980     5759.900
   710:     5759.900     5765.970     5791.580     5792.250     5792.960
   715:     5793.030     5799.090     5799.310     5799.420     5799.830
   720:     5800.220     5800.390     5800.890     5803.710     5806.090
   725:     5807.030     5810.940     5813.060     5813.180     5814.130
   730:     5814.730     5815.120     5816.070     5830.460     5830.670
   735:     5831.040     5837.600     5839.740     5840.490     5842.220
   740:     5842.260     5865.250     5866.950     5868.230     5868.710
   745:     5874.100     5874.500     5877.250     6059.220     6059.300
   750:     6134.270     6135.270     6135.290     6171.100     6171.100
   755:     6171.100     6171.110     6181.100     6230.640     6230.640
   760:     6230.640     6230.650     6234.280     6234.280     6234.900
   765:     6234.900     6240.640     6254.310     6283.100     6419.440
   770:     6419.440     6419.440     6419.450     6429.440     6444.340
   775:     6445.340     6451.690     6451.690     6451.690     6451.700
   780:     6461.690     6463.930     6463.930     6463.930     6463.940
   785:     6464.410     6464.410     6469.170     6469.170     6473.930
   790:     6474.460     6474.460     6474.460     6474.470     6477.040
   795:     6477.040     6479.900     6479.900     6481.110     6481.110
   800:     6484.460     6486.050     6486.050     6486.050     6486.060
   805:     6493.280     6493.280     6493.860     6493.860     6495.410
   810:     6495.410     6496.050     6498.530     6498.530     6498.530
   815:     6498.540     6502.550     6502.550     6507.450     6507.450
   820:     6508.530     6518.520     6518.520     6518.520     6518.530
   825:     6520.310     6520.310     6522.820     6522.820     6523.270
   830:     6523.270     6526.790     6526.790     6528.520     6553.840
   835:     6557.010     6561.710     6568.870     6573.500     6573.570
   840:     6574.170     6579.540     6579.540     6579.540     6579.550
   845:     6581.770     6581.770     6585.630     6585.630     6589.540
   850:     6593.820     6593.820     6593.820     6593.830     6603.820
   855:     6604.650     6604.650     6604.650     6604.660     6609.330
   860:     6609.330     6611.900     6614.650     6627.170     6627.170
   865:     6627.170     6627.180     6628.080     6637.170     6679.800
   870:     6680.170     6681.160     6681.840     6690.390     6690.390
   875:     6690.390     6690.400     6693.350     6693.350     6696.980
   880:     6696.980     6699.020     6699.020     6700.390     6704.470
   885:     6704.470     6704.470     6704.480     6705.800     6705.800
   890:     6707.810     6707.810     6711.280     6714.470     6714.930
   895:     7071.990     7071.990     7071.990     7072.000     7081.990
   900:     7082.360     7241.160     7269.600     7269.600     7269.600
   905:     7269.610     7279.600     7331.050     7331.050     7331.050
   910:     7331.060     7341.050     7354.160     7354.270     7357.690
   915:     7357.690     7357.690     7357.700     7367.690     7374.520
   920:     7378.110     7393.800     7396.020     7396.150     7396.160
   925:     7396.170     7396.220     7396.280     7396.340     7396.450
   930:     7403.290     7409.320     7493.340     7620.480     7626.990
   935:     7627.080     7627.450     7638.770     7640.430     7642.220
   940:     7642.760     7642.860     7657.970     7774.860     7859.280
   945:     7859.280     7859.280     7859.290     7864.460     7869.170
   950:     7869.170     7869.280     7870.200     7870.200     7870.200
   955:     7870.210     7875.990     7876.980     7880.200     8387.620
   960:     8387.800     8387.860     8388.400     8547.740     8547.740
   965:     8547.740     8547.750     8549.250     8553.590     8557.740
   970:     8710.720     8711.810     8751.070     8754.270     8759.450
   975:     8761.340     8764.310     8765.080     8777.840     8780.520
   980:     8780.560     8780.690     8781.950     8785.850     8787.660
   985:     8800.970     8801.290     8843.000     8843.000     8843.000
   990:     8843.010     8853.000     9160.140     9165.870     9165.930
   995:     9166.110     9166.840     9173.450     9176.130     9176.240
  1000:     9184.760     9184.760     9184.760     9184.770     9188.630
  1005:     9188.630     9194.760     9209.620     9209.620     9209.620
  1010:     9209.630     9219.620     9223.020     9223.980     9254.200
  1015:     9369.410     9370.080     9383.210     9383.690     9386.060
  1020:     9391.160     9391.810     9392.420     9392.630     9392.690
  1025:     9393.320     9394.600     9396.320     9396.660     9397.800
  1030:     9398.360     9399.270     9402.070     9402.280     9504.680
  1035:     9523.600     9533.870     9534.430     9535.340     9794.420
  1040:     9794.420     9794.420     9794.430     9799.950     9799.950
  1045:     9804.150     9804.150     9804.420    10013.840    10044.680
  1050:    10084.970    10118.630    10118.730    10123.800    10124.590
  1055:    10124.670    10124.770    10124.880    10124.980    10125.090
  1060:    10193.700    10193.700    10193.700    10193.710    10195.620
  1065:    10195.750    10195.970    10201.750    10203.700    10205.300
  1070:    10205.310    10206.110    10209.080    10209.080    10209.080
  1075:    10209.090    10219.080    10602.990    10645.960    10800.010
