File: C:\MED-PC IV\DATA\!2025-09-05_16h41m.Subject T25



Start Date: 09/05/25
End Date: 09/05/25
Subject: T25
Experiment: OralFentSA
Group: One
Box: 8
Start Time: 16:41:02
End Time: 19:41:04
MSN: Golden_Liq_SelfAdmin_LIT
F:       0.000
G:    1386.000
H:   10800.010
I:       0.000
J:       0.000
K:       0.000
L:       0.000
M:       0.000
N:       0.000
O:       0.000
P:       0.000
Q:       0.000
R:       0.000
S:       0.000
U:       0.000
V:       0.000
W:       0.000
X:       0.000
Y:       0.000
Z:       0.000
A:
     0:        0.000        0.000      180.000        4.000        0.000
     5:        5.000        0.000        5.000        0.000        0.000
    10:        1.000        0.000       10.000 180000000.00       20.000
    15:       15.000      320.000        0.000        0.000        0.000
    20:        0.000
B:
     0:        0.000        0.000        0.000      400.000        0.000
     5:      500.000        0.000      500.000        0.000        0.000
    10:        0.000        0.000     1000.000 18000000000.        0.000
    15:        0.000        0.000        0.000        0.000        0.000
    20:        0.000
C:
     0:        5.000        6.000        0.000        8.000     1310.000
     5:     7752.650        2.250        5.000        9.610        1.922
    10:        8.000        6.000        0.000        0.000        0.000
    15:        0.000        0.000        0.000        0.000        0.000
    20:        0.000
D:
     0:        2.360        2.720        1.350        0.930        2.250
E:
     0:       19.000       11.000       26.000       27.000        6.000
     5:        6.000        6.000        6.000        6.000        6.000
    10:        6.000        6.000        6.000        6.000        6.000
    15:        6.000        6.000        6.000        6.000        6.000
    20:        6.000        6.000        6.000        6.000        6.000
    25:        6.000        6.000        6.000        6.000        6.000
    30:        6.000        6.000        6.000        6.000        6.000
    35:        6.000        6.000        6.000        6.000        6.000
    40:        6.000        6.000        6.000        6.000        6.000
    45:        6.000        6.000        6.000        6.000        6.000
    50:        6.000        2.000        4.000       22.000       24.000
    55:       13.000        8.000        5.000       17.000        6.000
    60:       18.000       14.000       10.000        6.000       19.000
    65:        6.000        6.000        6.000        6.000        6.000
    70:        6.000        6.000        6.000        6.000        6.000
    75:        6.000        6.000        6.000        6.000        6.000
    80:        6.000        6.000        6.000        6.000        6.000
    85:        6.000        6.000        6.000       23.000        6.000
    90:        6.000        6.000        6.000        6.000        6.000
    95:        6.000        6.000        6.000        6.000        6.000
   100:        6.000        6.000        6.000        6.000        6.000
   105:        6.000        6.000        6.000        6.000        6.000
   110:        6.000        6.000        6.000        6.000        6.000
   115:        6.000        6.000        6.000        6.000        6.000
   120:        6.000        6.000        6.000        6.000        6.000
   125:        6.000        6.000        6.000        2.000        4.000
   130:       22.000       24.000       13.000        8.000        5.000
   135:       17.000       21.000       22.000       21.000       22.000
   140:        6.000       18.000       14.000       10.000        6.000
   145:        6.000       19.000        6.000        6.000        6.000
   150:       23.000       23.000       23.000        6.000        6.000
   155:        6.000        6.000        6.000        6.000        6.000
   160:        6.000        6.000        6.000        6.000        6.000
   165:        6.000        6.000        6.000        6.000        6.000
   170:        6.000        6.000        6.000        6.000        6.000
   175:        6.000        6.000        6.000        6.000        6.000
   180:        6.000        6.000        6.000        6.000        6.000
   185:        6.000        6.000        6.000        6.000        6.000
   190:        6.000        6.000        6.000        6.000        6.000
   195:        6.000        6.000        6.000        6.000        6.000
   200:        6.000        6.000        6.000        6.000        6.000
   205:        6.000        6.000        6.000        6.000        6.000
   210:        6.000        6.000        6.000        6.000        6.000
   215:        6.000        6.000        6.000        6.000        6.000
   220:        6.000        6.000        6.000        6.000        6.000
   225:        6.000        6.000        6.000        6.000        6.000
   230:        6.000        6.000        6.000        6.000        6.000
   235:        6.000        6.000        6.000        6.000        6.000
   240:        6.000        6.000        6.000        6.000        6.000
   245:        6.000        6.000        6.000        6.000        6.000
   250:        6.000        6.000        6.000        6.000        6.000
   255:        6.000        6.000        6.000        6.000        6.000
   260:        6.000        6.000        6.000        6.000        6.000
   265:        6.000        6.000        6.000        6.000        6.000
   270:        6.000        6.000        6.000        6.000        6.000
   275:        6.000        6.000        6.000        6.000        6.000
   280:        6.000        6.000        6.000        6.000        6.000
   285:        6.000        6.000        6.000        6.000        6.000
   290:        6.000        6.000        6.000        6.000        6.000
   295:        6.000        6.000        6.000        6.000        6.000
   300:        6.000        6.000        6.000        6.000        6.000
   305:        6.000        6.000        6.000        6.000        6.000
   310:        6.000        6.000        6.000        6.000        6.000
   315:        6.000        6.000        6.000        6.000        6.000
   320:        6.000        6.000        6.000        6.000        6.000
   325:        6.000        6.000        6.000        6.000        6.000
   330:        6.000        6.000        6.000        6.000        6.000
   335:        6.000        6.000        6.000        6.000        6.000
   340:        6.000        6.000        6.000        6.000        6.000
   345:        6.000        6.000        6.000        6.000        6.000
   350:        6.000        6.000        6.000        6.000        6.000
   355:        6.000        6.000        6.000        6.000        6.000
   360:        6.000        6.000        6.000        6.000        6.000
   365:        6.000        6.000       23.000       23.000        6.000
   370:        6.000        6.000        6.000        6.000        6.000
   375:        6.000        6.000        6.000        6.000        6.000
   380:        6.000        6.000        6.000        6.000        6.000
   385:        6.000        6.000        6.000        6.000        6.000
   390:        6.000        6.000        6.000        6.000        6.000
   395:        6.000        6.000        6.000        6.000        6.000
   400:        6.000        6.000        2.000        4.000       22.000
   405:       24.000       13.000        8.000        5.000       17.000
   410:        6.000       18.000       14.000       10.000        6.000
   415:        6.000       19.000        6.000        6.000        6.000
   420:        6.000        6.000        6.000        6.000        6.000
   425:        6.000        6.000        6.000        6.000        6.000
   430:        6.000        6.000        6.000        6.000        6.000
   435:        6.000        6.000        6.000        6.000        6.000
   440:        6.000        6.000        6.000        6.000        6.000
   445:        6.000        6.000        6.000        6.000        6.000
   450:        6.000        6.000        6.000        6.000        6.000
   455:        6.000        6.000        6.000        6.000        6.000
   460:        6.000        6.000        6.000        6.000        6.000
   465:        6.000        6.000        6.000        6.000        6.000
   470:        6.000        6.000        2.000        4.000       22.000
   475:       24.000       13.000        8.000        5.000       17.000
   480:        6.000       18.000       14.000       10.000        6.000
   485:        6.000       19.000        6.000        6.000        6.000
   490:        6.000        6.000        6.000        6.000        6.000
   495:        6.000        6.000        6.000        6.000        6.000
   500:        6.000        6.000        6.000        6.000        6.000
   505:        6.000        6.000        6.000        6.000        6.000
   510:        6.000        6.000        6.000        6.000        6.000
   515:        6.000        6.000        6.000        6.000        6.000
   520:        6.000        6.000        6.000        6.000        6.000
   525:        6.000        6.000        6.000        6.000        6.000
   530:        6.000        6.000        6.000        6.000        6.000
   535:        6.000        6.000        6.000        6.000        6.000
   540:        6.000        6.000        6.000        6.000        6.000
   545:        6.000        6.000        6.000        6.000        6.000
   550:        6.000        6.000        6.000        6.000        6.000
   555:        6.000        6.000        6.000        6.000        6.000
   560:        6.000        6.000        6.000        6.000        6.000
   565:        6.000        6.000        6.000        6.000        6.000
   570:        6.000        6.000        6.000        6.000        6.000
   575:        6.000        6.000        6.000        6.000        6.000
   580:        6.000        6.000        6.000        6.000        6.000
   585:        6.000        6.000        6.000        6.000        6.000
   590:        6.000        6.000        6.000        6.000        6.000
   595:        6.000        6.000        6.000        6.000        6.000
   600:        6.000        6.000        6.000        6.000        6.000
   605:        6.000        6.000        6.000        6.000        6.000
   610:        6.000        6.000        6.000        6.000        6.000
   615:        6.000        6.000        6.000        6.000        6.000
   620:        6.000        6.000        6.000        6.000        6.000
   625:        6.000        6.000        6.000        6.000        6.000
   630:        6.000        6.000        6.000        6.000        6.000
   635:        6.000        6.000        6.000        6.000        6.000
   640:        6.000        6.000        6.000        6.000        6.000
   645:        6.000        6.000        6.000        6.000        6.000
   650:        6.000        6.000        6.000        6.000        6.000
   655:        6.000        6.000        6.000        6.000        6.000
   660:        6.000        6.000        6.000        6.000        6.000
   665:        6.000        6.000        6.000        6.000        6.000
   670:        6.000        6.000        6.000        6.000        6.000
   675:        6.000        6.000        6.000        6.000        6.000
   680:        6.000        6.000        6.000        6.000        6.000
   685:        6.000        6.000        6.000        6.000        6.000
   690:        6.000        6.000        6.000        6.000        6.000
   695:        6.000        6.000        6.000        6.000        6.000
   700:        6.000        6.000        6.000        6.000        6.000
   705:        6.000        6.000        6.000        6.000        6.000
   710:        6.000        6.000        6.000        6.000        6.000
   715:        6.000        6.000        6.000        6.000        6.000
   720:        6.000        6.000        6.000        6.000        6.000
   725:        6.000        6.000        6.000        6.000        6.000
   730:        6.000        6.000        6.000        6.000        6.000
   735:        6.000        6.000        6.000        6.000        6.000
   740:        6.000        6.000        6.000        6.000        6.000
   745:        6.000        6.000        6.000        6.000        6.000
   750:        6.000        6.000        6.000        6.000        6.000
   755:        6.000        6.000        6.000        6.000        6.000
   760:        6.000        6.000        6.000        6.000        6.000
   765:        6.000        6.000        6.000        6.000        6.000
   770:        6.000        6.000        6.000        6.000        6.000
   775:        6.000        6.000        6.000        6.000        6.000
   780:        6.000        6.000        6.000        6.000        6.000
   785:        6.000        6.000        6.000        6.000        6.000
   790:        6.000        6.000        6.000        6.000        6.000
   795:        6.000        6.000        6.000        6.000        6.000
   800:        6.000        6.000        6.000        6.000        6.000
   805:        6.000        6.000        6.000        6.000        6.000
   810:        6.000        6.000        6.000        6.000        2.000
   815:        4.000       22.000       24.000       13.000        8.000
   820:        5.000       17.000       21.000       22.000        6.000
   825:       18.000       14.000       10.000        6.000       19.000
   830:        6.000        6.000        6.000        6.000        6.000
   835:        6.000        6.000        6.000        6.000        6.000
   840:        6.000        6.000        6.000        6.000        6.000
   845:        6.000        6.000        6.000        6.000        6.000
   850:        6.000        6.000        6.000        6.000        6.000
   855:        6.000        6.000        6.000        6.000        6.000
   860:        6.000        6.000        6.000        6.000        6.000
   865:        6.000        6.000        6.000        6.000        6.000
   870:        6.000        6.000        6.000        6.000        6.000
   875:        6.000        6.000        6.000        6.000        6.000
   880:        6.000        6.000        6.000        6.000        6.000
   885:        6.000        6.000        6.000        6.000        6.000
   890:        6.000        6.000        6.000        6.000        6.000
   895:        6.000        6.000        6.000        6.000        6.000
   900:        6.000        6.000        6.000        6.000        6.000
   905:        6.000        6.000        6.000        6.000        6.000
   910:        6.000        6.000        6.000        6.000        6.000
   915:        6.000        6.000        6.000        6.000        6.000
   920:        6.000        6.000        6.000        6.000        6.000
   925:        6.000        6.000        6.000        6.000        6.000
   930:        6.000        6.000        6.000        6.000        6.000
   935:        6.000        6.000        6.000        6.000        6.000
   940:        6.000        6.000        6.000        6.000        6.000
   945:        6.000        6.000        6.000        6.000        6.000
   950:        6.000        6.000        6.000        6.000        6.000
   955:        6.000        6.000        6.000        6.000        6.000
   960:        6.000        6.000        6.000        6.000        6.000
   965:        6.000        6.000        6.000        6.000        6.000
   970:        6.000        6.000        6.000        6.000        6.000
   975:        6.000        6.000        6.000        6.000        6.000
   980:        6.000        6.000        6.000        6.000        6.000
   985:        6.000        6.000        6.000        6.000        6.000
   990:        6.000        6.000        6.000        6.000        6.000
   995:        6.000        6.000        6.000        6.000        6.000
  1000:        6.000        6.000        6.000        6.000        6.000
  1005:        6.000        6.000        6.000        6.000        6.000
  1010:        6.000        6.000        6.000        6.000        6.000
  1015:        6.000        6.000        6.000        6.000        6.000
  1020:        6.000        6.000        6.000        6.000        6.000
  1025:        6.000        6.000        6.000        6.000        6.000
  1030:        6.000        6.000        6.000        6.000        6.000
  1035:        6.000        6.000        6.000        6.000        6.000
  1040:        6.000        6.000        6.000        6.000        6.000
  1045:        6.000        6.000        6.000        6.000        6.000
  1050:        6.000        6.000        6.000        6.000        6.000
  1055:        6.000        6.000        6.000        6.000        6.000
  1060:        6.000        6.000        6.000        6.000        6.000
  1065:        6.000        6.000        6.000        6.000        6.000
  1070:        6.000        6.000        6.000        6.000        6.000
  1075:        6.000        6.000        6.000        6.000        6.000
  1080:        6.000        6.000        6.000        6.000        6.000
  1085:        6.000        6.000        6.000        6.000        6.000
  1090:        6.000        6.000        6.000        6.000        6.000
  1095:        6.000        6.000        6.000        6.000        6.000
  1100:        6.000        6.000        6.000        6.000        6.000
  1105:        6.000        6.000        6.000        6.000        6.000
  1110:        6.000        6.000        6.000        6.000        6.000
  1115:        6.000        6.000        6.000        6.000        6.000
  1120:        6.000        6.000        6.000        6.000        6.000
  1125:        6.000        6.000        6.000        6.000        6.000
  1130:        6.000        6.000        6.000        6.000        6.000
  1135:        6.000        6.000        6.000        6.000        6.000
  1140:        6.000        6.000        6.000        6.000        6.000
  1145:        6.000        6.000        6.000        6.000        6.000
  1150:        6.000        6.000        6.000        6.000        6.000
  1155:        6.000        6.000        6.000        6.000        6.000
  1160:        6.000        6.000        6.000        6.000        6.000
  1165:        6.000        6.000        6.000        6.000        6.000
  1170:        6.000        6.000        6.000        6.000        6.000
  1175:        6.000        6.000        6.000        6.000        6.000
  1180:        6.000        6.000        6.000        6.000        6.000
  1185:        6.000        6.000        6.000        6.000        6.000
  1190:        6.000        6.000        6.000        6.000        6.000
  1195:        6.000        6.000        6.000        6.000        6.000
  1200:        6.000        6.000        6.000        6.000        6.000
  1205:        6.000        6.000        6.000        6.000        6.000
  1210:        6.000        6.000        6.000        6.000        6.000
  1215:        6.000        6.000        6.000        6.000        6.000
  1220:        6.000        6.000        6.000        6.000        6.000
  1225:        6.000        6.000        6.000        6.000        6.000
  1230:        6.000        6.000        6.000        6.000        6.000
  1235:        6.000        6.000        6.000        6.000        6.000
  1240:        6.000        6.000        6.000        6.000        6.000
  1245:        6.000        6.000        6.000        6.000        6.000
  1250:        6.000        6.000        6.000        6.000        6.000
  1255:        6.000        6.000        6.000        6.000        6.000
  1260:        6.000        6.000        6.000        6.000        6.000
  1265:        6.000        6.000        6.000        6.000        6.000
  1270:        6.000        6.000        6.000        6.000        6.000
  1275:        6.000        6.000        6.000        6.000        6.000
  1280:        6.000        6.000        6.000        6.000        6.000
  1285:        6.000        6.000        6.000        6.000        6.000
  1290:        6.000        6.000        6.000        6.000        6.000
  1295:        6.000        6.000        6.000        6.000        6.000
  1300:        6.000        6.000        6.000        6.000        6.000
  1305:        6.000        6.000        6.000        6.000        6.000
  1310:        6.000        6.000        6.000        6.000        6.000
  1315:        6.000        6.000        6.000        6.000        6.000
  1320:        6.000        6.000        6.000        6.000        6.000
  1325:        6.000        6.000        6.000        6.000        6.000
  1330:        6.000        6.000        6.000        6.000        6.000
  1335:        6.000        6.000        6.000        6.000        6.000
  1340:        6.000        6.000        6.000        6.000        6.000
  1345:        6.000        6.000        6.000        6.000        6.000
  1350:        6.000        6.000        6.000        6.000        6.000
  1355:        6.000        6.000        6.000        6.000        6.000
  1360:        6.000        6.000        6.000        6.000        6.000
  1365:        6.000        6.000        6.000        6.000        6.000
  1370:        6.000        6.000        6.000        6.000        6.000
  1375:        6.000        6.000        6.000        6.000        6.000
  1380:        6.000        6.000        6.000        6.000        6.000
  1385:        6.000      100.000
T:
     0:        0.000        0.000        0.000        0.000       17.630
     5:       20.020       20.080       31.460       33.860       48.960
    10:       58.460       58.630       58.740       59.110       59.250
    15:       59.320       60.210       65.220       65.380       65.420
    20:       68.380       71.370       73.970      115.490      115.540
    25:      125.170      126.530      131.180      152.510      152.640
    30:      184.450      184.470      186.410      188.240      188.610
    35:      191.770      222.640      225.810      230.520      233.100
    40:      234.770      234.870      235.230      235.300      238.630
    45:      238.660      238.700      238.810      243.420      243.510
    50:      269.800      297.990      297.990      297.990      298.000
    55:      298.000      298.000      298.000      298.000      300.360
    60:      302.000      303.000      303.000      307.550      307.990
    65:      315.300      319.480      328.590      331.580      333.070
    70:      333.110      333.200      333.230      338.550      338.810
    75:      340.390      340.640      340.800      368.480      369.380
    80:      410.290      435.060      453.340      453.360      454.290
    85:      454.330      467.060      467.350      476.170      494.490
    90:      529.990      530.340      530.820      564.680      607.430
    95:      608.790      614.100      614.280      615.400      620.790
   100:      621.030      622.060      646.470      646.780      646.860
   105:      646.970      647.170      647.360      660.500      660.600
   110:      703.890      703.910      709.040      712.450      715.300
   115:      721.790      721.840      722.460      722.900      723.870
   120:      726.730      727.510      728.320      728.700      728.760
   125:      728.820      729.050      731.620      739.400      739.400
   130:      739.400      739.410      739.410      739.410      739.410
   135:      739.410      740.380      740.380      740.880      740.880
   140:      742.130      743.410      744.410      744.410      745.080
   145:      749.250      749.400      750.400      761.570      782.850
   150:      799.450      799.600      800.330      810.410      810.670
   155:      813.310      814.730      814.820      816.100      846.470
   160:      846.980      910.650      912.760      917.500      920.650
   165:      923.740      923.830      924.510      937.150      937.360
   170:      954.950      955.650      961.900      961.990      985.690
   175:      985.720     1047.070     1076.690     1077.390     1102.090
   180:     1102.250     1212.860     1214.720     1283.150     1283.630
   185:     1289.430     1427.230     1427.530     1427.540     1427.980
   190:     1428.610     1437.530     1437.700     1437.740     1441.770
   195:     1441.780     1441.870     1472.820     1473.160     1539.870
   200:     1541.330     1589.840     1594.870     1595.330     1595.380
   205:     1595.430     1595.490     1595.620     1595.760     1616.650
   210:     1671.560     1672.660     1673.990     1687.060     1687.220
   215:     1688.950     1689.000     1690.330     1711.660     1711.910
   220:     1730.650     1797.270     1810.890     1811.560     1811.680
   225:     1812.020     1814.330     1815.160     1816.610     1816.870
   230:     1889.200     1915.490     1915.690     1917.320     1918.110
   235:     1921.350     1924.860     1937.090     1937.440     1953.890
   240:     2031.360     2031.810     2118.330     2118.440     2118.800
   245:     2160.380     2160.430     2160.820     2163.320     2163.520
   250:     2163.580     2166.440     2168.720     2168.910     2170.550
   255:     2179.390     2181.240     2183.440     2188.810     2188.850
   260:     2191.050     2191.260     2196.120     2197.580     2205.640
   265:     2207.530     2209.710     2212.100     2258.840     2262.340
   270:     2262.480     2264.060     2264.950     2265.010     2265.150
   275:     2267.350     2268.070     2268.400     2269.130     2322.880
   280:     2342.030     2363.840     2365.170     2423.880     2437.560
   285:     2438.780     2439.240     2502.720     2505.110     2549.500
   290:     2579.330     2617.310     2617.320     2617.400     2617.410
   295:     2620.970     2621.000     2621.460     2621.480     2622.310
   300:     2661.030     2724.510     2724.520     2724.630     2724.840
   305:     2729.310     2730.210     2731.800     2807.920     2808.680
   310:     2810.770     2810.820     2810.850     2883.020     2883.070
   315:     2883.140     2893.000     2953.920     3071.800     3071.970
   320:     3072.680     3073.110     3081.980     3082.280     3082.330
   325:     3083.350     3083.500     3085.680     3086.400     3086.770
   330:     3088.640     3091.040     3091.180     3091.260     3092.020
   335:     3093.240     3093.270     3094.800     3103.240     3104.720
   340:     3106.590     3107.730     3114.080     3114.720     3117.080
   345:     3117.210     3117.750     3124.660     3128.630     3129.080
   350:     3134.130     3134.970     3140.190     3149.990     3167.100
   355:     3167.690     3167.730     3182.900     3183.690     3188.910
   360:     3193.140     3198.040     3198.280     3198.450     3198.830
   365:     3199.620     3240.140     3533.250     3533.500     3555.370
   370:     3723.830     3726.020     3726.180     3727.740     3727.780
   375:     3777.480     3777.510     3784.600     3789.450     3790.190
   380:     3790.260     3790.410     3795.300     3795.380     3859.400
   385:     3866.710     3947.920     3947.960     3948.000     3948.050
   390:     3948.760     3948.850     3996.640     3998.150     3998.640
   395:     4061.540     4065.010     4065.790     4068.610     4125.780
   400:     4160.000     4160.360     4166.580     4166.580     4166.580
   405:     4166.590     4166.590     4166.590     4166.590     4166.590
   410:     4167.940     4170.590     4171.590     4171.590     4172.290
   415:     4175.590     4176.580     4178.290     4179.600     4181.650
   420:     4182.460     4182.540     4184.700     4188.580     4189.800
   425:     4189.830     4189.990     4190.310     4190.420     4194.800
   430:     4195.830     4197.450     4197.640     4199.220     4336.820
   435:     4336.970     4339.000     4341.500     4341.870     4345.330
   440:     4346.750     4347.480     4347.510     4347.640     4424.570
   445:     4425.200     4425.520     4428.220     4429.470     4429.750
   450:     4432.180     4433.070     4433.480     4434.280     4437.370
   455:     4471.190     4471.740     4472.030     4472.130     4472.280
   460:     4473.420     4522.450     4568.120     4570.430     4577.900
   465:     4595.390     4595.440     4595.460     4596.180     4599.540
   470:     4600.500     4600.520     4619.550     4619.550     4619.550
   475:     4619.560     4619.560     4619.560     4619.560     4619.560
   480:     4620.490     4623.560     4624.560     4624.560     4627.610
   485:     4629.310     4629.550     4630.360     4633.770     4633.780
   490:     4635.250     4635.620     4640.440     4641.100     4643.310
   495:     4660.980     4661.130     4661.160     4663.580     4668.300
   500:     4668.340     4702.290     4703.950     4707.250     4711.190
   505:     4711.290     4714.040     4714.120     4714.160     4714.440
   510:     4716.530     4717.050     4717.760     4721.350     4723.560
   515:     4734.000     4798.320     4798.650     4800.110     4801.840
   520:     4807.290     4837.060     4837.210     4839.200     4839.220
   525:     4841.100     4844.000     4892.120     4926.550     4956.140
   530:     4956.380     4956.400     4956.440     4979.960     5062.540
   535:     5062.630     5065.880     5106.150     5106.520     5107.140
   540:     5107.350     5108.190     5140.540     5140.590     5155.400
   545:     5156.720     5157.300     5216.260     5216.880     5260.860
   550:     5315.520     5341.430     5342.050     5379.120     5504.100
   555:     5573.640     5573.840     5601.700     5601.730     5601.810
   560:     5602.850     5603.130     5606.390     5607.900     5609.240
   565:     5614.740     5614.900     5617.670     5617.720     5620.250
   570:     5620.800     5621.020     5622.070     5623.870     5623.900
   575:     5624.440     5629.850     5630.310     5642.980     5643.060
   580:     5653.430     5654.480     5662.850     5669.020     5676.950
   585:     5690.300     5693.710     5693.760     5694.390     5716.360
   590:     5716.760     5716.820     5728.060     5730.260     5763.850
   595:     5763.970     5788.890     5815.080     5826.540     5826.870
   600:     5826.900     5832.140     5834.750     5835.040     5836.560
   605:     5836.580     5836.660     5836.700     5836.710     5837.190
   610:     5839.010     5839.380     5866.610     5888.680     5897.920
   615:     5900.440     5900.740     5907.810     5942.640     5956.000
   620:     5956.310     5957.930     5959.800     5961.770     5961.800
   625:     5964.300     5964.510     5965.660     5966.400     5969.910
   630:     5970.030     5970.330     5970.740     5971.390     5972.740
   635:     5973.210     5976.140     5976.440     5977.360     5978.500
   640:     5978.520     5979.330     5984.620     5985.620     5985.930
   645:     6002.130     6002.160     6002.190     6002.790     6047.290
   650:     6067.880     6067.910     6068.030     6093.740     6094.130
   655:     6112.070     6114.190     6114.590     6116.020     6160.040
   660:     6213.360     6231.900     6315.300     6315.580     6315.650
   665:     6392.360     6467.650     6598.670     6599.060     6599.790
   670:     6600.090     6607.340     6607.390     6682.000     6685.790
   675:     6687.130     6778.920     6779.290     6789.440     6789.800
   680:     6809.100     6809.190     6809.260     6822.580     6823.250
   685:     6829.550     6830.460     6831.530     6831.670     6835.820
   690:     6835.830     6961.440     6961.510     6961.750     6965.440
   695:     6966.460     6966.530     6972.260     6974.870     6974.930
   700:     6975.040     6975.150     6978.740     6978.790     6982.720
   705:     6982.880     6983.100     6985.150     6986.380     6988.040
   710:     6988.150     6988.390     6988.620     6989.240     6989.300
   715:     7046.540     7047.140     7052.090     7052.680     7052.840
   720:     7063.730     7063.830     7088.960     7089.530     7089.820
   725:     7111.250     7111.600     7131.250     7144.240     7147.950
   730:     7148.230     7203.100     7203.570     7203.970     7254.730
   735:     7254.740     7254.880     7255.000     7260.500     7287.350
   740:     7287.700     7287.950     7292.810     7296.330     7296.400
   745:     7296.810     7296.840     7297.770     7298.780     7299.970
   750:     7332.950     7337.300     7338.580     7340.680     7351.740
   755:     7351.860     7355.290     7355.450     7355.600     7359.870
   760:     7360.170     7360.250     7360.750     7360.850     7361.380
   765:     7361.670     7361.780     7361.880     7361.920     7362.020
   770:     7362.130     7362.340     7362.440     7362.940     7363.000
   775:     7365.420     7367.790     7368.400     7370.870     7370.960
   780:     7370.980     7372.210     7372.490     7372.640     7372.900
   785:     7372.960     7376.030     7376.430     7376.460     7376.480
   790:     7377.500     7377.570     7377.670     7378.940     7378.960
   795:     7379.040     7379.750     7380.190     7380.340     7384.000
   800:     7414.700     7451.070     7451.970     7500.610     7500.830
   805:     7544.190     7544.640     7581.650     7584.870     7591.210
   810:     7591.750     7591.990     7676.790     7704.230     7752.640
   815:     7752.640     7752.640     7752.650     7752.650     7752.650
   820:     7752.650     7752.650     7753.470     7753.470     7754.900
   825:     7756.650     7757.650     7757.650     7758.650     7762.640
   830:     7807.150     7841.740     7843.770     7843.860     7934.060
   835:     7934.170     7934.190     7942.500     7942.760     7942.810
   840:     7943.100     7943.220     7944.500     7944.850     7944.970
   845:     7945.070     7946.940     7946.960     7947.010     7949.860
   850:     7951.550     7952.620     7952.640     7952.990     7953.040
   855:     7954.000     7954.110     7960.680     7962.930     7963.080
   860:     7964.140     7964.200     7965.020     7965.350     7966.750
   865:     8006.520     8006.720     8007.120     8010.350     8010.430
   870:     8010.520     8010.640     8010.950     8011.000     8012.000
   875:     8014.580     8015.540     8016.060     8016.470     8016.820
   880:     8026.100     8026.160     8030.870     8037.350     8037.450
   885:     8037.520     8039.500     8042.610     8043.140     8043.280
   890:     8043.670     8043.870     8043.900     8044.030     8047.230
   895:     8048.390     8052.760     8055.460     8058.010     8060.070
   900:     8060.940     8094.130     8100.410     8153.630     8153.730
   905:     8155.600     8157.190     8159.290     8159.500     8160.620
   910:     8169.680     8169.990     8170.220     8171.350     8177.910
   915:     8178.580     8178.640     8178.710     8189.650     8190.780
   920:     8191.100     8191.480     8193.550     8194.550     8250.270
   925:     8250.350     8251.460     8252.660     8289.980     8290.450
   930:     8298.860     8299.200     8299.880     8303.390     8304.790
   935:     8306.900     8307.800     8314.750     8315.210     8315.230
   940:     8315.480     8315.680     8317.220     8345.570     8345.990
   945:     8346.170     8361.640     8361.850     8364.920     8364.960
   950:     8400.920     8400.980     8405.500     8405.550     8405.620
   955:     8405.710     8405.780     8406.340     8406.550     8409.720
   960:     8409.990     8417.140     8417.460     8420.070     8420.110
   965:     8420.190     8421.350     8428.120     8428.620     8429.270
   970:     8429.350     8429.540     8432.710     8433.340     8435.610
   975:     8435.780     8436.360     8437.880     8449.550     8450.920
   980:     8451.120     8451.220     8451.800     8452.220     8455.430
   985:     8456.010     8456.310     8456.470     8458.490     8460.380
   990:     8460.720     8460.870     8467.780     8467.950     8471.930
   995:     8471.980     8481.830     8482.650     8484.860     8504.020
  1000:     8504.300     8504.350     8504.720     8529.030     8531.660
  1005:     8532.040     8532.540     8532.640     8532.660     8532.960
  1010:     8533.450     8565.130     8567.040     8568.940     8569.160
  1015:     8569.330     8572.290     8573.030     8574.740     8575.090
  1020:     8575.960     8577.950     8578.510     8578.720     8581.800
  1025:     8581.830     8581.870     8582.130     8582.220     8582.970
  1030:     8583.350     8583.550     8587.370     8589.440     8590.030
  1035:     8636.420     8636.830     8676.270     8680.090     8680.620
  1040:     8696.920     8697.340     8702.910     8703.460     8703.480
  1045:     8704.290     8704.360     8704.470     8704.690     8704.800
  1050:     8704.940     8710.200     8741.720     8746.670     8747.120
  1055:     8747.580     8748.040     8748.110     8748.210     8748.720
  1060:     8753.920     8754.470     8756.310     8769.330     8769.350
  1065:     8769.450     8773.020     8774.890     8775.130     8775.140
  1070:     8775.270     8775.380     8775.520     8775.610     8799.280
  1075:     8803.230     8818.920     8818.990     8819.050     8819.060
  1080:     8819.170     8819.320     8857.850     8858.650     8863.000
  1085:     8864.130     8864.450     8867.580     8867.720     8868.300
  1090:     8869.150     8870.300     8957.400     8957.700     8964.110
  1095:     8964.350     8966.260     8988.960     8991.890     8991.950
  1100:     8996.210     8996.700     8997.050     8997.890     8997.980
  1105:     8999.510     8999.690     9000.040     9000.390     9000.550
  1110:     9007.610     9007.820     9008.290     9009.320     9009.380
  1115:     9009.910     9011.000     9011.390     9011.610     9069.790
  1120:     9085.210     9112.960     9116.630     9120.620     9125.210
  1125:     9127.820     9127.930     9134.530     9134.600     9135.770
  1130:     9135.850     9137.270     9137.310     9137.350     9137.520
  1135:     9137.630     9137.900     9137.990     9138.120     9138.180
  1140:     9138.270     9138.660     9138.710     9139.340     9145.390
  1145:     9145.930     9146.330     9147.240     9147.300     9147.470
  1150:     9151.250     9151.660     9152.290     9153.590     9153.650
  1155:     9154.230     9155.390     9156.720     9159.350     9159.390
  1160:     9159.430     9159.580     9160.050     9162.990     9164.820
  1165:     9170.400     9172.760     9176.420     9177.610     9177.620
  1170:     9177.890     9178.080     9178.380     9178.620     9180.540
  1175:     9180.640     9181.770     9183.980     9184.090     9184.690
  1180:     9191.570     9191.690     9191.770     9191.890     9192.020
  1185:     9196.500     9261.770     9262.020     9262.180     9262.720
  1190:     9262.880     9262.980     9268.100     9271.010     9271.130
  1195:     9271.950     9272.370     9272.780     9272.820     9273.560
  1200:     9273.920     9274.090     9274.290     9275.870     9278.210
  1205:     9278.580     9278.910     9287.510     9287.530     9287.900
  1210:     9288.240     9290.910     9291.480     9292.200     9292.490
  1215:     9295.130     9295.600     9296.430     9297.060     9297.270
  1220:     9299.380     9299.440     9299.560     9301.200     9301.780
  1225:     9303.450     9305.790     9305.860     9306.070     9306.290
  1230:     9307.670     9309.330     9312.110     9312.190     9324.580
  1235:     9325.150     9326.580     9359.670     9361.270     9364.500
  1240:     9365.330     9365.350     9365.380     9365.430     9366.600
  1245:     9367.360     9367.560     9370.800     9371.800     9372.230
  1250:     9372.310     9372.550     9372.790     9381.050     9383.200
  1255:     9387.800     9387.910     9401.080     9409.440     9438.430
  1260:     9438.560     9438.720     9582.760     9583.000     9616.260
  1265:     9641.430     9668.550     9668.590     9697.960     9747.210
  1270:     9761.480     9782.740     9782.790     9802.100     9843.620
  1275:     9844.020     9847.770     9847.800     9847.860     9847.890
  1280:     9848.020     9848.230     9859.400     9864.110     9864.300
  1285:     9866.650     9870.860     9870.900     9871.360     9871.440
  1290:     9872.060     9895.070     9895.870     9896.540     9896.850
  1295:     9897.380     9899.010     9899.210     9903.590     9905.750
  1300:     9908.370     9908.460     9938.870     9959.370     9960.270
  1305:    10047.920    10064.810    10065.070    10075.280    10075.840
  1310:    10080.700    10081.740    10105.160    10110.090    10110.730
  1315:    10110.960    10111.280    10111.470    10114.240    10114.930
  1320:    10115.420    10115.920    10116.120    10116.270    10141.560
  1325:    10142.680    10142.830    10145.310    10145.320    10145.730
  1330:    10145.780    10154.140    10156.050    10156.190    10164.340
  1335:    10164.510    10166.850    10167.710    10167.790    10169.470
  1340:    10169.760    10171.150    10172.360    10172.840    10172.910
  1345:    10173.500    10227.360    10287.380    10316.910    10372.580
  1350:    10417.960    10460.790    10462.050    10462.520    10462.910
  1355:    10488.620    10554.760    10554.910    10595.920    10596.310
  1360:    10596.410    10629.620    10639.300    10639.540    10639.570
  1365:    10639.660    10765.240    10766.270    10768.020    10770.280
  1370:    10770.380    10776.730    10776.960    10779.570    10783.250
  1375:    10783.410    10787.000    10787.100    10787.580    10788.280
  1380:    10790.160    10790.680    10790.770    10797.860    10797.910
  1385:    10799.060    10800.010
