File: C:\MED-PC IV\DATA\!2025-09-18_13h34m.Subject T15



Start Date: 09/18/25
End Date: 09/18/25
Subject: T15
Experiment: OralFentSA
Group: One
Box: 8
Start Time: 13:34:23
End Time: 16:34:25
MSN: Golden_Liq_SelfAdmin_EXT_LIT
F:       0.000
G:     769.000
H:   10800.010
I:       0.000
J:       0.000
K:       0.000
L:       0.000
M:       0.000
N:       0.000
O:       0.000
P:       0.000
Q:       0.000
R:       0.000
S:       0.000
U:       0.000
V:       0.000
W:       0.000
X:       0.000
Y:       0.000
Z:       0.000
A:
     0:        0.000        0.000      180.000        4.000        0.000
     5:        5.000        0.000        5.000        0.000        0.000
    10:        1.000        0.000       10.000 100000000.00       23.000
    15:       24.000      640.000        0.000        0.000        0.000
    20:        0.000
B:
     0:        0.000        0.000        0.000        0.000        0.000
     5:        0.000        0.000        0.000        0.000        0.000
    10:        0.000        0.000     1000.000 10000000000.        0.000
    15:        0.000        0.000        0.000        0.000        0.000
    20:        0.000
C:
     0:        0.000       88.000        0.000      126.000      241.000
     5:    10745.680        4.050       53.000     4033.870       76.111
    10:      126.000       11.000        0.000        0.000        0.000
    15:        0.000        0.000        0.000        0.000        0.000
    20:        0.000
D:
     0:       97.340       42.500       39.870      123.790        6.290
     5:      342.940        5.060      136.710      435.950       11.840
    10:      135.740      116.250      201.750      279.590      180.330
    15:       93.210       82.790        8.570       13.030       20.170
    20:       40.970      142.460        3.720      109.430      369.950
    25:       69.000       13.170        2.770       58.310        2.890
    30:       22.200       48.610       47.070      210.730        2.960
    35:        3.300        9.610      106.220       13.400        9.750
    40:        8.340       66.090       36.810        8.330        3.040
    45:       66.190       13.150        1.260       11.070        6.630
    50:        5.110      143.560        4.050
E:
     0:       19.000       11.000       26.000       27.000        2.000
     5:        4.000       22.000       24.000       19.000        6.000
    10:        6.000        6.000        6.000        6.000        6.000
    15:        6.000        6.000        6.000        6.000        2.000
    20:        4.000       22.000       24.000       19.000        6.000
    25:        6.000        6.000        6.000        2.000        4.000
    30:       22.000       24.000       19.000        2.000        4.000
    35:       22.000       24.000       19.000        6.000        6.000
    40:        6.000        6.000        6.000        6.000        6.000
    45:        6.000        6.000        6.000        6.000        6.000
    50:        6.000        6.000        2.000        4.000       22.000
    55:       24.000       21.000       22.000       19.000        6.000
    60:        6.000        6.000        6.000        6.000        2.000
    65:        4.000       22.000       24.000        6.000       19.000
    70:        6.000        6.000        6.000        2.000        4.000
    75:       22.000       24.000       19.000       23.000        2.000
    80:        4.000       22.000       24.000       19.000        2.000
    85:        4.000       22.000       24.000       19.000       23.000
    90:        2.000        4.000       22.000       24.000       19.000
    95:        6.000        6.000        6.000        6.000        6.000
   100:        6.000        6.000        6.000        6.000        2.000
   105:        4.000       22.000       24.000       21.000       22.000
   110:        6.000        6.000       19.000        2.000        4.000
   115:       22.000       24.000       19.000        6.000        6.000
   120:        6.000        6.000        6.000        6.000        2.000
   125:        4.000       22.000       24.000       19.000        6.000
   130:        6.000        6.000        6.000        2.000        4.000
   135:       22.000       24.000       19.000        2.000        4.000
   140:       22.000       24.000       19.000        2.000        4.000
   145:       22.000       24.000       19.000        2.000        4.000
   150:       22.000       24.000       19.000        2.000        4.000
   155:       22.000       24.000       19.000        6.000        6.000
   160:        6.000        6.000        6.000        6.000        2.000
   165:        4.000       22.000       24.000       21.000       22.000
   170:       19.000        2.000        4.000       22.000       24.000
   175:       19.000        6.000        6.000        6.000        2.000
   180:        4.000       22.000       24.000       21.000       22.000
   185:       19.000        2.000        4.000       22.000       24.000
   190:       19.000        6.000        2.000        4.000       22.000
   195:       24.000       21.000       22.000       19.000        6.000
   200:        2.000        4.000       22.000       24.000       19.000
   205:        6.000        6.000        6.000        6.000        2.000
   210:        4.000       22.000       24.000       19.000        6.000
   215:        2.000        4.000       22.000       24.000       19.000
   220:        2.000        4.000       22.000       24.000       21.000
   225:       22.000       19.000        6.000        6.000        6.000
   230:        6.000        6.000        2.000        4.000       22.000
   235:       24.000       19.000        6.000        6.000        2.000
   240:        4.000       22.000       24.000       19.000        2.000
   245:        4.000       22.000       24.000        6.000        6.000
   250:        6.000        6.000       19.000        6.000        6.000
   255:        6.000        6.000        6.000        6.000        2.000
   260:        4.000       22.000       24.000       19.000        2.000
   265:        4.000       22.000       24.000       19.000        6.000
   270:        2.000        4.000       22.000       24.000       19.000
   275:        2.000        4.000       22.000       24.000       19.000
   280:        6.000        2.000        4.000       22.000       24.000
   285:       19.000        2.000        4.000       22.000       24.000
   290:       21.000       22.000       19.000        6.000        6.000
   295:        2.000        4.000       22.000       24.000       21.000
   300:       22.000       19.000        2.000        4.000       22.000
   305:       24.000       21.000       22.000       19.000        2.000
   310:        4.000       22.000       24.000       21.000       22.000
   315:       21.000       22.000       21.000       22.000       21.000
   320:       22.000       21.000       22.000       19.000        2.000
   325:        4.000       22.000       24.000       21.000       22.000
   330:       19.000        2.000        4.000       22.000       24.000
   335:       21.000       22.000       19.000       23.000        6.000
   340:        6.000        6.000        6.000        2.000        4.000
   345:       22.000       24.000        6.000        6.000        6.000
   350:        6.000       21.000       22.000       21.000       22.000
   355:       19.000        6.000       23.000        2.000        4.000
   360:       22.000       24.000       21.000       22.000       19.000
   365:        6.000        6.000        6.000        2.000        4.000
   370:       22.000       24.000       19.000        6.000        6.000
   375:        6.000        2.000        4.000       22.000       24.000
   380:       19.000        6.000        6.000        2.000        4.000
   385:       22.000       24.000       19.000        6.000        2.000
   390:        4.000       22.000       24.000        6.000        6.000
   395:       21.000       22.000       19.000        2.000        4.000
   400:       22.000       24.000       19.000        2.000        4.000
   405:       22.000       24.000       19.000        6.000        6.000
   410:        6.000        2.000        4.000       22.000       24.000
   415:       19.000        2.000        4.000       22.000       24.000
   420:        6.000        6.000        6.000       19.000        6.000
   425:        6.000        6.000        6.000        6.000        6.000
   430:        6.000        6.000        6.000        6.000        6.000
   435:        6.000        6.000        6.000        6.000        2.000
   440:        4.000       22.000       24.000       19.000        6.000
   445:        6.000        2.000        4.000       22.000       24.000
   450:       21.000       22.000       19.000        2.000        4.000
   455:       22.000       24.000       19.000       23.000        6.000
   460:        2.000        4.000       22.000       24.000       19.000
   465:        6.000        6.000        6.000        6.000        2.000
   470:        4.000       22.000       24.000       19.000        6.000
   475:        6.000        2.000        4.000       22.000       24.000
   480:       21.000       22.000       19.000        2.000        4.000
   485:       22.000       24.000       19.000        2.000        4.000
   490:       22.000       24.000       19.000        2.000        4.000
   495:       22.000       24.000        6.000        6.000        6.000
   500:        6.000       19.000        2.000        4.000       22.000
   505:       24.000        6.000       21.000       22.000       19.000
   510:        2.000        4.000       22.000       24.000       19.000
   515:        2.000        4.000       22.000       24.000       19.000
   520:        2.000        4.000       22.000       24.000        6.000
   525:       19.000        6.000        6.000        6.000        6.000
   530:       23.000        2.000        4.000       22.000       24.000
   535:       21.000       22.000       19.000        6.000        6.000
   540:        6.000        6.000        6.000        6.000        6.000
   545:        6.000        6.000        2.000        4.000       22.000
   550:       24.000       19.000        2.000        4.000       22.000
   555:       24.000       19.000        2.000        4.000       22.000
   560:       24.000       19.000        6.000        6.000       23.000
   565:        6.000        2.000        4.000       22.000       24.000
   570:       21.000       22.000        6.000       19.000        6.000
   575:        2.000        4.000       22.000       24.000       21.000
   580:       22.000       21.000       22.000        6.000       19.000
   585:        2.000        4.000       22.000       24.000       21.000
   590:       22.000       21.000       22.000       21.000       22.000
   595:       19.000        6.000        6.000        6.000        6.000
   600:        6.000        6.000        6.000        6.000        6.000
   605:        6.000        6.000        6.000        6.000        6.000
   610:        2.000        4.000       22.000       24.000       21.000
   615:       22.000       19.000        2.000        4.000       22.000
   620:       24.000       19.000        2.000        4.000       22.000
   625:       24.000       19.000        2.000        4.000       22.000
   630:       24.000       19.000        6.000        2.000        4.000
   635:       22.000       24.000       19.000        2.000        4.000
   640:       22.000       24.000       21.000       22.000       21.000
   645:       22.000       21.000       22.000       21.000       22.000
   650:        6.000       21.000       22.000       19.000        6.000
   655:        6.000        6.000        6.000        2.000        4.000
   660:       22.000       24.000        6.000        6.000        6.000
   665:        6.000        6.000        6.000       19.000       23.000
   670:       23.000        6.000        6.000        6.000        6.000
   675:        6.000        2.000        4.000       22.000       24.000
   680:       19.000        2.000        4.000       22.000       24.000
   685:       19.000        6.000        2.000        4.000       22.000
   690:       24.000       19.000        6.000        2.000        4.000
   695:       22.000       24.000        6.000       19.000        6.000
   700:        6.000        6.000        6.000        6.000        6.000
   705:        6.000        6.000        6.000        6.000        6.000
   710:        6.000        2.000        4.000       22.000       24.000
   715:       21.000       22.000       21.000       22.000       19.000
   720:        6.000        6.000        6.000        2.000        4.000
   725:       22.000       24.000        6.000       19.000        2.000
   730:        4.000       22.000       24.000        6.000        6.000
   735:       19.000       23.000       23.000        2.000        4.000
   740:       22.000       24.000       21.000       22.000       19.000
   745:        6.000        6.000        6.000        6.000        2.000
   750:        4.000       22.000       24.000        6.000        6.000
   755:        6.000        6.000       19.000        6.000        6.000
   760:        6.000        6.000        6.000        6.000        6.000
   765:        6.000        6.000        6.000        6.000      100.000
T:
     0:        0.000        0.000        0.000        0.000       91.410
     5:       91.410       91.410       91.420      101.410      188.760
    10:      188.780      189.040      189.130      189.900      190.020
    15:      190.210      190.830      194.680      195.610      219.320
    20:      219.320      219.320      219.330      229.320      261.830
    25:      262.030      262.120      263.560      270.440      270.440
    30:      270.440      270.450      280.440      297.180      297.180
    35:      297.180      297.190      307.180      337.060      337.320
    40:      338.360      342.180      343.060      343.550      343.850
    45:      344.020      344.110      344.390      344.610      344.830
    50:      344.860      348.570      431.940      431.940      431.940
    55:      431.950      433.390      433.390      441.940      555.740
    60:      556.910      557.850      557.940      558.360      559.860
    65:      559.860      559.860      559.870      566.160      569.860
    70:      679.500      681.080      682.740      751.150      751.150
    75:      751.150      751.160      761.150      773.620      833.610
    80:      833.610      833.610      833.620      843.610      849.930
    85:      849.930      849.930      849.940      859.930      866.670
    90:      938.050      938.050      938.050      938.060      948.050
    95:     1281.000     1281.050     1282.610     1493.400     1493.640
   100:     1501.740     1501.960     1502.170     1507.060     1515.010
   105:     1515.010     1515.010     1515.020     1515.450     1515.450
   110:     1520.080     1520.200     1525.010     1586.370     1586.370
   115:     1586.370     1586.380     1596.370     1723.090     1723.950
   120:     1727.560     1728.450     1729.630     1730.750     1780.110
   125:     1780.110     1780.110     1780.120     1790.110     2216.070
   130:     2216.210     2216.300     2216.350     2341.090     2341.090
   135:     2341.090     2341.100     2351.090     2371.540     2371.540
   140:     2371.540     2371.550     2381.540     2467.690     2467.690
   145:     2467.690     2467.700     2477.690     2499.300     2499.300
   150:     2499.300     2499.310     2509.300     2584.410     2584.410
   155:     2584.410     2584.420     2594.410     2596.260     2599.260
   160:     2600.220     2600.400     2600.520     2600.600     2766.090
   165:     2766.090     2766.090     2766.100     2766.650     2766.650
   170:     2776.090     2786.730     2786.730     2786.730     2786.740
   175:     2796.730     2922.480     2922.630     2928.560     2954.890
   180:     2954.890     2954.890     2954.900     2961.480     2961.480
   185:     2964.890     3148.800     3148.800     3148.800     3148.810
   190:     3158.800     3265.060     3421.640     3421.640     3421.640
   195:     3421.650     3424.890     3424.890     3431.640     3623.400
   200:     3725.960     3725.960     3725.960     3725.970     3735.960
   205:     4005.560     4006.010     4006.330     4055.270     4071.030
   210:     4071.030     4071.030     4071.040     4081.030     4251.370
   215:     4263.970     4263.970     4263.970     4263.980     4273.970
   220:     4280.000     4280.000     4280.000     4280.010     4287.470
   225:     4287.470     4290.000     4373.220     4373.320     4373.550
   230:     4378.000     4458.670     4461.490     4461.490     4461.490
   235:     4461.500     4471.490     4544.290     4544.330     4548.210
   240:     4548.210     4548.210     4548.220     4558.210     4588.030
   245:     4588.030     4588.030     4588.040     4596.610     4597.180
   250:     4597.340     4597.730     4598.030     4598.820     4599.710
   255:     4599.790     4600.120     4601.060     4601.190     4640.690
   260:     4640.690     4640.690     4640.700     4650.690     4653.710
   265:     4653.710     4653.710     4653.720     4663.710     4666.750
   270:     4916.440     4916.440     4916.440     4916.450     4926.440
   275:     5032.720     5032.720     5032.720     5032.730     5042.720
   280:     5052.900     5054.650     5054.650     5054.650     5054.660
   285:     5064.650     5075.100     5075.100     5075.100     5075.110
   290:     5076.790     5076.790     5085.100     5116.080     5182.870
   295:     5263.700     5263.700     5263.700     5263.710     5269.090
   300:     5269.090     5273.700     5275.920     5275.920     5275.920
   305:     5275.930     5278.310     5278.310     5285.920     5417.070
   310:     5417.070     5417.070     5417.080     5419.560     5419.560
   315:     5419.810     5419.810     5420.150     5420.150     5421.910
   320:     5421.910     5425.610     5425.610     5427.070     5430.050
   325:     5430.050     5430.050     5430.060     5433.420     5433.420
   330:     5440.050     5442.590     5442.590     5442.590     5442.600
   335:     5445.510     5445.510     5452.590     5453.080     5585.060
   340:     5585.970     5591.140     5591.480     5604.630     5604.630
   345:     5604.630     5604.640     5608.360     5608.560     5609.750
   350:     5610.060     5612.170     5612.170     5612.810     5612.810
   355:     5614.630     5616.050     5686.260     5767.040     5767.040
   360:     5767.040     5767.050     5769.380     5769.380     5777.040
   365:     5876.480     5877.020     5878.090     5884.740     5884.740
   370:     5884.740     5884.750     5894.740     6254.700     6256.400
   375:     6256.520     6284.740     6284.740     6284.740     6284.750
   380:     6294.740     6353.750     6354.330     6428.320     6428.320
   385:     6428.320     6428.330     6438.320     6441.500     6444.070
   390:     6444.070     6444.070     6444.080     6446.850     6448.100
   395:     6451.460     6451.460     6454.070     6496.080     6496.080
   400:     6496.080     6496.090     6506.080     6587.710     6587.710
   405:     6587.710     6587.720     6597.710     6646.030     6646.520
   410:     6647.150     6821.550     6821.550     6821.550     6821.560
   415:     6831.550     6831.790     6831.790     6831.790     6831.800
   420:     6834.690     6834.810     6834.860     6841.790     6848.060
   425:     6848.900     6849.790     6851.020     6852.100     6852.170
   430:     6854.590     6856.410     6856.590     6857.850     6858.010
   435:     6858.220     6859.740     6862.030     6862.260     6905.190
   440:     6905.190     6905.190     6905.200     6915.190     6927.400
   445:     6934.010     6952.090     6952.090     6952.090     6952.100
   450:     6952.170     6952.170     6962.090     6999.570     6999.570
   455:     6999.570     6999.580     7009.570     7038.890     7048.190
   460:     7057.420     7057.420     7057.420     7057.430     7067.420
   465:     7104.500     7105.000     7105.640     7109.550     7133.870
   470:     7133.870     7133.870     7133.880     7143.870     7344.610
   475:     7345.790     7348.920     7348.920     7348.920     7348.930
   480:     7352.150     7352.150     7358.920     7408.040     7408.040
   485:     7408.040     7408.050     7418.040     7424.650     7424.650
   490:     7424.650     7424.660     7434.650     7473.880     7473.880
   495:     7473.880     7473.890     7476.850     7476.870     7477.070
   500:     7477.280     7483.880     7557.100     7557.100     7557.100
   505:     7557.110     7560.410     7566.720     7566.720     7567.100
   510:     7569.690     7569.690     7569.690     7569.700     7579.690
   515:     7801.980     7801.980     7801.980     7801.990     7811.980
   520:     7813.960     7813.960     7813.960     7813.970     7823.580
   525:     7823.960     7823.980     7825.050     7825.070     7825.800
   530:     7912.480     7956.450     7956.450     7956.450     7956.460
   535:     7961.180     7961.180     7966.450     8062.680     8069.560
   540:     8069.660     8070.020     8070.140     8070.460     8073.520
   545:     8073.670     8075.340     8078.500     8078.500     8078.500
   550:     8078.510     8088.500     8112.940     8112.940     8112.940
   555:     8112.950     8122.940     8218.610     8218.610     8218.610
   560:     8218.620     8228.610     8232.020     8243.180     8368.500
   565:     8709.710     8722.320     8722.320     8722.320     8722.330
   570:     8726.010     8726.010     8732.080     8732.320     8732.530
   575:     8733.770     8733.770     8733.770     8733.780     8734.390
   580:     8734.390     8738.270     8738.270     8742.120     8743.770
   585:     8864.120     8864.120     8864.120     8864.130     8866.610
   590:     8866.610     8867.270     8867.270     8867.380     8867.380
   595:     8874.120     8930.220     8930.610     9012.130     9012.800
   600:     9014.420     9016.330     9026.380     9027.210     9027.280
   605:     9027.920     9028.030     9028.150     9029.530     9029.660
   610:     9071.090     9071.090     9071.090     9071.100     9075.860
   615:     9075.860     9081.090     9115.000     9115.000     9115.000
   620:     9115.010     9125.000     9134.880     9134.880     9134.880
   625:     9134.890     9144.880     9211.300     9211.300     9211.300
   630:     9211.310     9221.300     9248.120     9294.050     9294.050
   635:     9294.050     9294.060     9304.050     9337.420     9337.420
   640:     9337.420     9337.430     9340.610     9340.610     9341.510
   645:     9341.510     9343.240     9343.240     9344.480     9344.480
   650:     9345.760     9347.060     9347.060     9347.420     9457.820
   655:     9458.030     9459.790     9459.850     9462.360     9462.360
   660:     9462.360     9462.370     9465.410     9467.100     9467.620
   665:     9468.470     9471.750     9471.800     9472.360     9487.860
   670:     9551.740     9565.770     9577.140     9577.690     9577.960
   675:     9605.990     9679.330     9679.330     9679.330     9679.340
   680:     9689.330     9700.340     9700.340     9700.340     9700.350
   685:     9710.340     9766.540     9768.110     9768.110     9768.110
   690:     9768.120     9778.110     9781.270     9786.970     9786.970
   695:     9786.970     9786.980     9788.240     9796.970     9800.260
   700:     9800.590     9885.970     9886.180     9886.310     9886.520
   705:     9887.260     9914.400     9915.820     9915.840     9915.930
   710:     9916.660     9927.530     9927.530     9927.530     9927.540
   715:     9933.240     9933.240     9936.910     9936.910     9937.530
   720:     9938.610     9939.360     9939.730     9999.040     9999.040
   725:     9999.040     9999.050    10005.680    10009.040    10463.610
   730:    10463.610    10463.610    10463.620    10468.730    10471.920
   735:    10473.610    10500.100    10514.130    10587.160    10587.160
   740:    10587.160    10587.170    10591.770    10591.770    10597.160
   745:    10730.730    10732.230    10733.430    10733.850    10745.670
   750:    10745.670    10745.670    10745.680    10749.730    10751.220
   755:    10752.180    10753.520    10755.670    10755.770    10755.830
   760:    10755.920    10755.980    10756.120    10756.140    10756.400
   765:    10757.280    10757.410    10758.700    10760.640    10800.010
