File: C:\MED-PC IV\DATA\!2025-05-30_12h53m.Subject T7



Start Date: 05/30/25
End Date: 05/30/25
Subject: T7
Experiment: OralFentSA
Group: One
Box: 1
Start Time: 12:53:06
End Time: 15:53:22
MSN: Golden_Liq_SelfAdmin
F:       0.000
G:     183.000
H:   10800.010
I:       0.000
J:       0.000
K:       0.000
L:       0.000
M:       0.000
N:       0.000
O:       0.000
P:       0.000
Q:       0.000
R:       0.000
S:       0.000
U:       0.000
V:       0.000
W:       0.000
X:       0.000
Y:       0.000
Z:       0.000
A:
     0:        0.000        0.000      180.000        4.000        0.000
     5:        5.000        0.000        5.000        0.000        0.000
    10:        1.000        0.000       10.000  3000000.000       20.000
    15:       14.000      640.000        0.000        0.000        0.000
    20:        0.000
B:
     0:        0.000        0.000        0.000      400.000        0.000
     5:      500.000        0.000      500.000        0.000        0.000
    10:        0.000        0.000     1000.000 300000000.00        0.000
    15:        0.000        0.000        0.000        0.000        0.000
    20:        0.000
C:
     0:        2.000        3.000        0.000        2.000      150.000
     5:    10524.510       15.420        2.000       23.060       11.530
    10:        2.000        1.000        0.000        0.000        0.000
    15:        0.000        0.000        0.000        0.000        0.000
    20:        0.000
D:
     0:        7.640       15.420
E:
     0:       19.000       11.000       26.000       27.000        6.000
     5:        6.000        6.000        6.000        6.000        6.000
    10:        6.000        6.000        6.000        6.000        6.000
    15:        6.000        6.000        6.000        6.000        6.000
    20:        6.000        6.000        6.000        6.000        6.000
    25:        6.000        6.000        6.000        6.000        6.000
    30:        6.000        6.000        6.000        6.000        6.000
    35:        6.000        6.000        6.000        6.000        6.000
    40:        6.000        6.000        6.000        6.000        6.000
    45:        6.000        6.000        6.000        6.000        6.000
    50:        6.000        6.000        6.000       23.000        6.000
    55:        6.000        6.000        6.000        6.000        6.000
    60:        6.000        6.000        6.000        6.000        6.000
    65:        6.000        6.000        6.000        6.000        6.000
    70:        6.000        6.000        6.000        6.000        6.000
    75:        6.000        6.000        6.000        6.000        6.000
    80:        6.000        6.000        6.000        6.000        6.000
    85:        6.000        6.000        6.000        6.000        6.000
    90:        6.000        6.000        6.000        6.000        6.000
    95:        6.000        6.000        6.000        6.000        6.000
   100:        6.000        6.000        6.000        6.000        6.000
   105:        6.000        6.000        6.000        6.000        6.000
   110:        6.000        6.000        6.000        6.000        6.000
   115:        6.000        6.000        6.000        6.000        6.000
   120:        6.000        6.000        6.000        6.000        6.000
   125:        6.000        6.000        6.000        6.000        6.000
   130:        6.000        6.000        6.000        6.000        6.000
   135:        6.000        6.000        6.000        6.000        6.000
   140:        6.000        6.000        6.000        6.000        6.000
   145:        2.000        4.000       22.000       24.000       12.000
   150:       13.000        8.000        5.000       17.000       18.000
   155:       14.000       10.000        6.000       19.000       11.000
   160:        6.000        6.000        6.000        2.000        4.000
   165:       22.000       24.000       12.000       13.000        8.000
   170:        5.000       17.000       18.000       14.000       10.000
   175:       19.000       11.000        6.000        6.000        6.000
   180:        6.000        6.000        6.000      100.000
T:
     0:        0.000        0.000        0.000        0.000       39.570
     5:       40.190       40.250       40.290       40.380       40.480
    10:       85.120       85.250       85.410      108.710      199.930
    15:      329.950      331.710      334.950      344.250      347.990
    20:      348.300      348.980      349.010      350.570      352.530
    25:      373.500      463.270      463.600      463.910      464.250
    30:      494.980      514.870      516.050      516.230      535.500
    35:      580.810      600.480      641.380      649.200      652.070
    40:      652.930      653.220      654.610      660.590      662.430
    45:      662.610      666.690      667.650      668.340      668.530
    50:      671.580      671.760      671.940      727.460      730.000
    55:      840.640      841.430      972.410      972.830     1005.430
    60:     1005.980     1035.550     1251.780     1251.870     1252.140
    65:     1252.160     1254.110     1266.580     1297.300     1297.850
    70:     1298.830     1300.090     1427.450     1769.060     2307.880
    75:     2314.650     2399.560     2403.530     2404.070     2404.250
    80:     2404.860     2405.840     2406.240     2411.060     2411.350
    85:     2413.710     2414.550     2414.730     2414.840     2415.040
    90:     2415.210     2418.730     2419.780     2419.800     2421.010
    95:     2421.730     2421.920     2426.630     2428.650     2432.080
   100:     2524.980     2883.790     3030.000     3031.000     3712.740
   105:     4669.450     4689.440     4690.280     4690.630     4690.660
   110:     4690.830     4691.040     4691.820     4694.630     4696.720
   115:     4697.080     4700.420     4703.470     6065.710     6066.390
   120:     6066.520     7013.430     7016.940     7017.350     7017.590
   125:     7017.650     7017.700     7018.310     7018.410     7021.340
   130:     7021.370     7045.090     7045.430     9486.030     9545.510
   135:     9548.360     9553.340     9554.070     9866.780     9866.890
   140:     9923.230     9977.620     9979.640    10146.960    10162.390
   145:    10164.730    10164.730    10164.730    10164.740    10164.740
   150:    10164.740    10164.740    10164.740    10164.740    10168.740
   155:    10169.740    10169.740    10172.380    10174.730    10174.740
   160:    10175.840    10180.330    10183.530    10524.500    10524.500
   165:    10524.500    10524.510    10524.510    10524.510    10524.510
   170:    10524.510    10524.510    10528.510    10529.510    10529.510
   175:    10534.500    10534.510    10539.930    10543.400    10543.670
   180:    10567.880    10567.990    10571.150    10800.010
