File: C:\MED-PC IV\DATA\!2025-09-10_12h28m.Subject T13



Start Date: 09/10/25
End Date: 09/10/25
Subject: T13
Experiment: OralFentSA
Group: One
Box: 1
Start Time: 12:28:37
End Time: 15:28:44
MSN: Golden_Liq_SelfAdmin_EXT_LIT
F:       0.000
G:    1701.000
H:   10800.010
I:       0.000
J:       0.000
K:       0.000
L:       0.000
M:       0.000
N:       0.000
O:       0.000
P:       0.000
Q:       0.000
R:       0.000
S:       0.000
U:       0.000
V:       0.000
W:       0.000
X:       0.000
Y:       0.000
Z:       0.000
A:
     0:        0.000        0.000      180.000        4.000        0.000
     5:        5.000        0.000        5.000        0.000        0.000
    10:        1.000        0.000       10.000 100000000.00       22.000
    15:       18.000      640.000        0.000        0.000        0.000
    20:        0.000
B:
     0:        0.000        0.000        0.000        0.000        0.000
     5:        0.000        0.000        0.000        0.000        0.000
    10:        0.000        0.000     1000.000 10000000000.        0.000
    15:        0.000        0.000        0.000        0.000        0.000
    20:        0.000
C:
     0:        0.000       29.000        0.000       62.000     1468.000
     5:     8908.200       12.800       23.000      263.960       11.477
    10:       62.000       21.000        0.000        0.000        0.000
    15:        0.000        0.000        0.000        0.000        0.000
    20:        0.000
D:
     0:        1.340        2.350        5.690       21.080        6.580
     5:        8.900        1.960       11.380        4.530        7.870
    10:       28.990        9.300        4.540        5.580        4.970
    15:       20.810       53.980        1.850        6.730        2.630
    20:       36.410        3.690       12.800
E:
     0:       19.000       11.000       26.000       27.000        6.000
     5:        6.000        6.000        6.000        6.000        6.000
    10:        6.000        6.000        6.000        6.000        6.000
    15:        6.000        6.000        6.000        6.000        6.000
    20:        6.000        6.000        6.000        6.000        6.000
    25:        6.000        6.000        6.000        6.000        6.000
    30:        6.000        2.000        4.000       22.000       24.000
    35:        6.000       19.000        6.000        6.000        6.000
    40:        6.000        6.000        6.000        6.000        6.000
    45:        6.000        6.000        6.000        6.000        2.000
    50:        4.000       22.000       24.000        6.000        6.000
    55:        6.000        6.000       19.000        6.000        6.000
    60:        6.000        6.000        6.000        6.000        6.000
    65:        6.000        6.000        6.000        6.000        6.000
    70:        6.000        6.000        6.000        6.000        6.000
    75:        6.000        6.000        6.000        6.000        6.000
    80:        6.000        6.000        6.000        6.000        6.000
    85:        6.000        6.000        6.000        6.000        6.000
    90:        6.000        6.000        6.000        6.000        6.000
    95:        6.000        6.000       23.000        6.000        6.000
   100:        6.000        6.000        6.000        6.000        6.000
   105:        6.000        6.000        6.000        6.000        6.000
   110:        6.000        6.000        2.000        4.000       22.000
   115:       24.000        6.000        6.000        6.000       19.000
   120:        6.000        6.000        6.000        6.000        6.000
   125:        6.000        6.000        6.000        6.000        6.000
   130:        6.000        6.000        6.000        6.000        6.000
   135:        6.000        6.000        6.000        6.000        6.000
   140:        6.000        6.000        6.000        6.000        6.000
   145:        6.000        6.000        6.000        6.000        6.000
   150:        6.000        6.000        6.000        6.000        6.000
   155:        6.000        6.000        6.000        6.000        6.000
   160:        6.000        6.000        6.000        6.000        6.000
   165:        6.000        6.000        6.000        6.000        6.000
   170:        6.000        6.000        6.000        6.000        6.000
   175:        6.000        6.000        2.000        4.000       22.000
   180:       24.000       21.000       22.000       19.000        6.000
   185:        6.000        6.000        6.000        6.000        6.000
   190:        6.000        6.000        6.000        6.000        6.000
   195:        6.000        6.000        6.000        6.000        6.000
   200:        6.000        6.000        6.000        6.000        6.000
   205:        6.000        6.000        6.000        6.000        6.000
   210:        6.000        6.000        6.000        6.000        6.000
   215:        6.000        6.000        6.000        6.000        6.000
   220:        6.000        6.000        6.000        6.000        6.000
   225:        6.000        6.000        6.000        6.000        6.000
   230:        6.000        6.000        6.000        6.000        6.000
   235:        6.000        6.000        6.000        6.000        6.000
   240:        6.000        6.000        6.000        6.000        6.000
   245:        6.000        6.000        6.000        6.000        6.000
   250:        6.000        6.000        6.000        6.000        6.000
   255:        6.000        6.000        6.000        6.000        6.000
   260:        6.000        6.000        6.000        6.000        6.000
   265:        6.000        6.000        6.000        6.000        6.000
   270:        6.000        6.000        6.000        6.000        6.000
   275:        6.000        6.000        6.000        6.000        6.000
   280:        6.000        6.000        6.000        6.000        6.000
   285:        6.000        6.000        6.000        6.000        6.000
   290:        6.000        6.000        6.000        6.000        6.000
   295:        6.000        2.000        4.000       22.000       24.000
   300:        6.000       19.000       23.000       23.000        6.000
   305:        6.000        6.000        6.000        2.000        4.000
   310:       22.000       24.000       21.000       22.000       21.000
   315:       22.000       21.000       22.000        6.000        6.000
   320:       19.000        6.000        6.000        6.000        6.000
   325:        6.000        6.000        6.000        6.000        6.000
   330:        6.000        6.000        6.000        6.000        6.000
   335:        6.000        6.000        6.000        6.000        6.000
   340:        6.000        6.000        6.000        6.000        6.000
   345:        6.000        6.000        6.000        6.000        6.000
   350:        6.000        6.000        6.000        6.000        6.000
   355:        6.000        6.000        6.000        6.000        6.000
   360:        6.000        6.000        6.000        6.000        6.000
   365:        6.000        6.000        6.000        6.000        6.000
   370:        6.000        6.000        6.000        6.000        6.000
   375:        6.000        6.000        6.000        6.000        6.000
   380:        6.000        6.000        6.000        6.000        6.000
   385:        6.000        6.000        6.000        6.000        6.000
   390:        6.000        6.000        6.000        6.000        6.000
   395:        6.000        6.000        6.000        6.000        6.000
   400:        6.000        6.000        6.000        6.000        6.000
   405:        6.000        6.000        6.000        6.000        6.000
   410:        6.000        6.000        6.000       23.000        6.000
   415:        6.000        6.000        6.000        6.000        2.000
   420:        4.000       22.000       24.000        6.000       19.000
   425:        6.000        6.000        6.000        6.000        6.000
   430:        6.000        6.000        6.000        6.000        6.000
   435:        6.000        6.000        6.000        6.000        6.000
   440:        6.000        6.000        6.000       23.000       23.000
   445:       23.000        2.000        4.000       22.000       24.000
   450:       19.000        6.000        6.000        6.000        6.000
   455:        6.000        6.000        6.000        6.000        6.000
   460:        6.000        6.000        6.000        6.000        6.000
   465:        6.000        6.000        6.000        6.000        6.000
   470:        6.000        6.000        6.000        6.000        6.000
   475:        6.000        6.000        6.000        6.000        6.000
   480:        6.000        6.000        6.000        6.000        6.000
   485:        6.000        6.000        6.000        6.000        6.000
   490:        6.000        6.000        6.000        6.000        6.000
   495:        6.000        6.000        6.000        6.000        6.000
   500:        6.000        6.000        6.000        6.000        2.000
   505:        4.000       22.000       24.000       21.000       22.000
   510:        6.000        6.000        6.000       19.000        6.000
   515:        6.000        6.000        6.000        6.000        6.000
   520:        6.000        6.000        6.000        6.000        6.000
   525:        6.000        6.000        6.000        6.000        6.000
   530:        6.000        6.000        6.000        6.000        6.000
   535:        6.000        6.000        6.000        6.000        6.000
   540:        6.000        6.000        6.000        6.000        6.000
   545:        6.000        6.000        6.000        6.000        6.000
   550:        6.000        6.000        6.000        6.000        6.000
   555:        6.000        6.000        6.000        6.000        6.000
   560:        6.000        6.000        6.000        6.000        6.000
   565:        6.000        6.000        6.000        6.000        6.000
   570:        6.000        6.000        6.000        6.000        6.000
   575:        6.000        6.000        6.000        6.000        6.000
   580:        6.000        6.000        6.000        6.000        6.000
   585:        6.000        6.000        6.000        6.000        6.000
   590:        6.000        6.000        6.000        6.000        6.000
   595:        6.000        6.000        6.000        6.000        6.000
   600:        6.000        6.000        6.000        6.000        6.000
   605:        6.000        6.000        6.000        6.000        6.000
   610:        6.000        6.000        6.000        6.000        6.000
   615:        6.000        6.000        6.000        6.000        6.000
   620:        6.000        6.000        6.000        6.000        6.000
   625:        6.000        6.000        6.000        6.000        6.000
   630:        6.000        6.000        6.000        6.000        6.000
   635:        6.000        6.000        6.000        6.000        6.000
   640:        6.000        6.000        6.000        6.000        6.000
   645:        6.000        6.000        6.000        6.000        6.000
   650:        6.000        6.000        6.000        6.000        6.000
   655:        6.000        6.000        6.000        6.000        6.000
   660:        6.000        6.000        6.000        6.000        6.000
   665:        6.000        6.000        6.000        6.000        6.000
   670:        6.000        6.000        6.000        6.000        6.000
   675:        6.000        6.000        6.000        6.000        6.000
   680:        6.000        6.000        6.000        6.000        6.000
   685:        6.000        6.000        6.000        6.000        6.000
   690:        6.000        6.000        6.000        6.000        6.000
   695:        6.000        6.000        6.000        6.000        6.000
   700:        6.000        6.000        6.000        6.000        6.000
   705:        6.000        6.000        6.000        6.000        6.000
   710:        6.000        6.000        6.000        6.000        6.000
   715:        6.000        6.000        6.000        6.000        6.000
   720:        6.000        6.000        6.000        6.000        6.000
   725:        6.000        6.000        6.000        6.000        6.000
   730:        6.000        6.000        6.000        6.000        6.000
   735:        6.000        6.000        6.000        6.000        6.000
   740:        6.000        6.000        6.000        6.000        6.000
   745:        6.000        6.000        6.000        6.000        6.000
   750:        6.000        6.000        6.000        6.000        6.000
   755:        6.000        6.000        6.000        6.000        6.000
   760:        6.000        6.000        6.000        6.000        6.000
   765:        6.000        6.000        6.000        2.000        4.000
   770:       22.000       24.000       21.000       22.000       21.000
   775:       22.000       21.000       22.000       19.000        2.000
   780:        4.000       22.000       24.000       21.000       22.000
   785:       21.000       22.000        6.000       21.000       22.000
   790:       19.000        2.000        4.000       22.000       24.000
   795:       21.000       22.000       21.000       22.000       21.000
   800:       22.000       21.000       22.000       19.000        2.000
   805:        4.000       22.000       24.000       21.000       22.000
   810:       19.000       23.000       23.000       23.000        2.000
   815:        4.000       22.000       24.000       21.000       22.000
   820:       21.000       22.000       21.000       22.000       19.000
   825:        2.000        4.000       22.000       24.000       19.000
   830:        6.000        2.000        4.000       22.000       24.000
   835:       21.000       22.000       21.000       22.000       21.000
   840:       22.000       21.000       22.000        6.000       19.000
   845:        6.000        6.000        6.000        6.000        6.000
   850:        6.000        6.000        6.000        6.000        6.000
   855:        6.000        2.000        4.000       22.000       24.000
   860:       21.000       22.000        6.000       21.000       22.000
   865:       21.000       22.000       21.000       22.000       21.000
   870:       22.000       19.000        2.000        4.000       22.000
   875:       24.000        6.000        6.000       19.000        2.000
   880:        4.000       22.000       24.000       21.000       22.000
   885:       19.000        2.000        4.000       22.000       24.000
   890:       21.000       22.000        6.000        6.000       19.000
   895:        6.000        6.000        6.000        6.000        6.000
   900:        6.000        6.000        6.000        6.000        6.000
   905:        6.000        6.000        6.000        6.000        6.000
   910:        6.000        6.000        6.000        6.000        6.000
   915:        6.000        6.000        6.000        6.000        6.000
   920:        6.000        6.000        6.000        6.000        6.000
   925:        6.000        6.000        6.000        6.000        6.000
   930:        6.000        6.000        6.000        6.000        6.000
   935:        6.000        2.000        4.000       22.000       24.000
   940:       19.000        6.000        6.000        6.000        6.000
   945:        6.000        6.000        6.000        6.000        6.000
   950:        6.000        6.000        6.000        6.000        6.000
   955:        6.000        6.000        6.000        6.000        6.000
   960:        6.000        6.000        6.000        6.000       23.000
   965:        6.000        6.000        6.000        6.000        6.000
   970:        6.000        6.000        6.000        6.000        6.000
   975:        6.000        6.000        6.000        6.000        6.000
   980:        6.000        6.000        6.000        6.000        6.000
   985:        6.000        6.000        6.000        6.000        6.000
   990:        6.000        6.000        6.000        6.000        6.000
   995:        6.000        6.000        6.000        6.000        6.000
  1000:        6.000        6.000        6.000        6.000        6.000
  1005:        6.000        6.000        6.000        6.000        6.000
  1010:        6.000        6.000        6.000        6.000        6.000
  1015:        6.000        6.000        6.000        6.000        6.000
  1020:        6.000        6.000        6.000        6.000        6.000
  1025:        6.000        6.000        6.000        6.000        6.000
  1030:        6.000        6.000        6.000        6.000        6.000
  1035:        6.000        6.000        6.000        6.000        6.000
  1040:        6.000        6.000        6.000        6.000        6.000
  1045:        6.000        6.000        6.000        6.000        6.000
  1050:        6.000        6.000        6.000        2.000        4.000
  1055:       22.000       24.000       21.000       22.000       19.000
  1060:        6.000        6.000        6.000        6.000        6.000
  1065:        6.000        6.000        6.000        6.000        6.000
  1070:        6.000        6.000        6.000        6.000        6.000
  1075:        2.000        4.000       22.000       24.000        6.000
  1080:        6.000       19.000        6.000        6.000        6.000
  1085:        6.000        6.000        6.000        6.000        6.000
  1090:        6.000        6.000        6.000        6.000        6.000
  1095:        6.000        6.000        6.000        6.000        6.000
  1100:        6.000        6.000        6.000        6.000        6.000
  1105:        6.000        6.000        6.000        6.000        6.000
  1110:        6.000        6.000        6.000        6.000        6.000
  1115:        6.000        6.000        6.000        6.000        6.000
  1120:        6.000        6.000        6.000        6.000        6.000
  1125:        6.000        6.000        6.000        6.000        6.000
  1130:        6.000        6.000        6.000        6.000        6.000
  1135:        6.000        6.000        6.000        6.000        6.000
  1140:        6.000        6.000        6.000        6.000        6.000
  1145:        6.000        6.000        6.000        6.000        6.000
  1150:        6.000        6.000        6.000        6.000        6.000
  1155:        6.000        6.000        6.000        6.000        6.000
  1160:        6.000        6.000        6.000        6.000        6.000
  1165:        6.000        6.000        6.000        6.000        6.000
  1170:        6.000        6.000        6.000        6.000        6.000
  1175:        6.000        6.000        6.000        6.000        6.000
  1180:        6.000        6.000        6.000        6.000        6.000
  1185:        6.000        6.000        6.000        6.000        6.000
  1190:        6.000        6.000        6.000        6.000        6.000
  1195:        6.000        6.000        6.000        6.000        6.000
  1200:        6.000        6.000        6.000        6.000        6.000
  1205:        6.000        6.000        6.000        6.000        6.000
  1210:        6.000        6.000        6.000        6.000        6.000
  1215:        6.000        6.000        6.000        6.000        6.000
  1220:        6.000        6.000        6.000        6.000        6.000
  1225:        6.000        6.000        6.000        6.000        6.000
  1230:        6.000        6.000        6.000        6.000        6.000
  1235:        6.000        6.000        6.000        6.000        6.000
  1240:        6.000        6.000        6.000        6.000        6.000
  1245:        6.000        6.000        6.000        6.000        6.000
  1250:        6.000        6.000        6.000        6.000        6.000
  1255:        6.000        6.000        6.000        6.000        6.000
  1260:        6.000        6.000        6.000        6.000        6.000
  1265:        6.000        6.000        6.000        6.000        6.000
  1270:        6.000        6.000        6.000       23.000       23.000
  1275:       23.000        6.000        6.000        6.000        6.000
  1280:        6.000        6.000        6.000        6.000        6.000
  1285:        6.000        6.000        6.000        6.000        6.000
  1290:        6.000        2.000        4.000       22.000       24.000
  1295:       21.000       22.000        6.000       19.000        6.000
  1300:        6.000        6.000        6.000        6.000        6.000
  1305:        6.000        6.000        6.000        6.000        6.000
  1310:        6.000        6.000        6.000        6.000        6.000
  1315:        6.000        6.000        6.000        6.000        6.000
  1320:        6.000        6.000        6.000        6.000        6.000
  1325:        6.000        6.000        6.000        6.000        6.000
  1330:        6.000        6.000        6.000        6.000        6.000
  1335:        6.000        2.000        4.000       22.000       24.000
  1340:        6.000       19.000        2.000        4.000       22.000
  1345:       24.000       21.000       22.000       21.000       22.000
  1350:       19.000        6.000        6.000        6.000        2.000
  1355:        4.000       22.000       24.000        6.000       19.000
  1360:        6.000        6.000        6.000        6.000        6.000
  1365:        6.000        6.000        6.000        6.000        6.000
  1370:        6.000        6.000        6.000        6.000        6.000
  1375:        6.000        6.000        6.000        6.000        6.000
  1380:        6.000        6.000        6.000        6.000        6.000
  1385:        6.000        6.000        6.000        6.000        6.000
  1390:        6.000        6.000        6.000        2.000        4.000
  1395:       22.000       24.000       19.000        6.000        6.000
  1400:        6.000        6.000        6.000        6.000        6.000
  1405:        6.000        6.000        6.000        6.000        6.000
  1410:        6.000        6.000        6.000        6.000        6.000
  1415:        6.000        6.000        6.000        6.000        6.000
  1420:        6.000        6.000        6.000        6.000        6.000
  1425:        6.000        6.000        6.000        6.000        6.000
  1430:        6.000        6.000        6.000        6.000        6.000
  1435:        6.000        6.000        6.000        6.000        6.000
  1440:        6.000        6.000        6.000        6.000        6.000
  1445:        6.000        6.000        6.000        6.000        6.000
  1450:        6.000        6.000        6.000        6.000        6.000
  1455:        6.000        6.000        6.000        6.000        6.000
  1460:        6.000        6.000        6.000        6.000        6.000
  1465:        6.000        6.000        6.000        6.000        6.000
  1470:        6.000        6.000        6.000        6.000        6.000
  1475:       23.000       23.000       23.000       23.000       23.000
  1480:        6.000        6.000        6.000        6.000        6.000
  1485:        6.000        6.000       23.000        6.000        6.000
  1490:        6.000        6.000        6.000        6.000        6.000
  1495:        6.000        6.000        6.000        6.000        6.000
  1500:        6.000        6.000        6.000        6.000        6.000
  1505:        6.000        6.000        6.000        6.000        6.000
  1510:        6.000        6.000        6.000        6.000        6.000
  1515:        6.000        6.000        6.000        6.000        6.000
  1520:        6.000        6.000        6.000        6.000        6.000
  1525:        6.000        6.000        6.000        6.000        6.000
  1530:        6.000        6.000        6.000       23.000        6.000
  1535:        6.000        6.000        6.000        6.000        6.000
  1540:        6.000        6.000        6.000        6.000        6.000
  1545:        6.000        6.000        6.000        6.000        6.000
  1550:        6.000        6.000        6.000        6.000        6.000
  1555:        6.000        6.000        6.000        6.000        6.000
  1560:        6.000        6.000        6.000        6.000        6.000
  1565:        6.000        6.000        6.000        6.000        6.000
  1570:        6.000        6.000        6.000        6.000        6.000
  1575:        6.000        6.000        6.000        6.000        6.000
  1580:        6.000        6.000        6.000        6.000        6.000
  1585:        6.000        6.000        6.000        6.000        6.000
  1590:        6.000        6.000        6.000        6.000        6.000
  1595:        6.000        6.000        6.000        6.000        6.000
  1600:        6.000        6.000        6.000        6.000        6.000
  1605:        6.000        6.000        6.000        6.000        6.000
  1610:        6.000        6.000        6.000        6.000        6.000
  1615:        6.000        6.000        6.000        6.000        6.000
  1620:        6.000        6.000        6.000        6.000        6.000
  1625:        6.000        6.000        6.000        6.000        6.000
  1630:        6.000        6.000        6.000        6.000        6.000
  1635:        6.000        6.000        6.000        6.000        6.000
  1640:        6.000        6.000        6.000        6.000        6.000
  1645:        6.000        6.000        6.000        6.000        6.000
  1650:        6.000        6.000        6.000        6.000        6.000
  1655:        6.000        6.000        6.000        6.000        6.000
  1660:        6.000        6.000        6.000        6.000        6.000
  1665:        6.000        6.000        6.000        6.000        6.000
  1670:        6.000        6.000        6.000        6.000        6.000
  1675:        6.000        6.000        6.000        6.000        6.000
  1680:        6.000        6.000        6.000        6.000        6.000
  1685:        6.000        6.000        6.000        6.000        6.000
  1690:        6.000        6.000        6.000        6.000        6.000
  1695:        6.000        6.000        6.000        6.000        6.000
  1700:        6.000      100.000
T:
     0:        0.000        0.000        0.000        0.000       12.760
     5:       12.790       14.960       29.130       30.160       30.620
    10:       30.770      102.860      103.150      103.760      113.550
    15:      134.260      134.290      141.220      142.410      222.510
    20:      271.300      281.540      303.910      304.270      307.810
    25:      307.860      321.820      322.190      322.400      349.120
    30:      381.560      499.350      499.350      499.350      499.360
    35:      500.700      509.350      573.680      574.030      589.850
    40:      602.550      651.990      654.800      746.340      767.940
    45:      797.920      892.830      903.780      904.420      912.370
    50:      912.370      912.370      912.380      914.730      916.440
    55:      920.980      921.000      922.370      935.070      935.330
    60:      937.330      937.440      937.720      938.850      939.440
    65:      940.140      940.180      940.200      945.590      961.550
    70:      969.490      970.130      977.340      978.800      978.900
    75:      979.090      979.400      979.510      980.920      982.150
    80:      982.790      983.620      983.650      984.370      984.900
    85:      985.170      986.420     1021.500     1022.230     1023.410
    90:     1024.470     1025.760     1026.910     1035.070     1096.420
    95:     1096.870     1160.670     1178.100     1191.420     1192.320
   100:     1192.890     1222.670     1224.280     1224.780     1230.210
   105:     1244.470     1244.510     1245.170     1245.710     1253.940
   110:     1254.180     1257.170     1262.830     1262.830     1262.830
   115:     1262.840     1268.530     1270.100     1270.710     1272.830
   120:     1273.100     1276.400     1282.780     1286.830     1287.260
   125:     1288.940     1293.330     1293.710     1300.580     1301.850
   130:     1313.540     1314.120     1331.890     1348.880     1349.710
   135:     1350.640     1351.380     1356.270     1380.140     1381.060
   140:     1381.200     1381.350     1381.460     1383.620     1384.300
   145:     1384.440     1384.540     1396.990     1399.310     1425.000
   150:     1426.080     1427.760     1427.820     1428.020     1428.810
   155:     1433.380     1434.190     1444.440     1451.840     1467.500
   160:     1467.970     1500.050     1502.090     1502.230     1502.270
   165:     1504.400     1505.870     1506.020     1512.590     1513.180
   170:     1513.260     1514.160     1522.600     1523.160     1531.250
   175:     1540.540     1541.240     1570.190     1570.190     1570.190
   180:     1570.200     1576.000     1576.000     1580.190     1591.280
   185:     1597.130     1597.760     1601.860     1604.130     1605.210
   190:     1605.500     1609.500     1610.610     1612.890     1612.910
   195:     1613.450     1639.510     1707.660     1736.130     1762.130
   200:     1766.270     1766.680     1766.810     1766.930     1767.080
   205:     1827.530     1829.130     1830.540     1830.770     1831.010
   210:     1831.240     1834.560     1835.350     1836.120     1838.730
   215:     1838.790     1844.450     1846.380     1848.200     1849.430
   220:     1852.370     1855.820     1856.100     1861.750     1862.280
   225:     1862.950     1864.230     1864.260     1864.950     1869.610
   230:     1870.480     1870.560     1875.520     1876.440     1879.480
   235:     1882.330     1886.060     1886.750     1891.330     1892.260
   240:     1892.560     1893.170     1894.730     1894.810     1894.840
   245:     1895.760     1897.630     1898.750     1900.910     1902.660
   250:     1903.710     1907.340     1920.830     1921.590     1926.010
   255:     1926.090     1926.510     1927.780     1928.060     1928.230
   260:     1928.450     1929.060     1929.810     1929.930     1930.430
   265:     1931.940     1932.110     1932.690     1933.260     2020.180
   270:     2020.420     2021.430     2021.470     2120.180     2142.020
   275:     2238.410     2239.920     2240.310     2240.600     2241.230
   280:     2241.250     2268.940     2358.020     2358.070     2358.140
   285:     2368.500     2369.030     2370.040     2521.600     2527.390
   290:     2527.420     2711.520     2743.490     2743.530     2745.520
   295:     2747.710     2774.270     2774.270     2774.270     2774.280
   300:     2780.860     2784.270     2842.750     2844.360     2890.630
   305:     2923.110     3251.180     3252.290     3259.940     3259.940
   310:     3259.940     3259.950     3260.810     3260.810     3263.780
   315:     3263.780     3267.210     3267.210     3268.850     3269.150
   320:     3269.940     3273.600     3275.910     3277.610     3278.700
   325:     3279.280     3279.530     3279.610     3280.060     3280.600
   330:     3280.760     3284.460     3286.040     3286.280     3286.650
   335:     3290.300     3290.460     3290.570     3291.160     3293.330
   340:     3296.830     3297.230     3297.920     3298.680     3298.840
   345:     3299.330     3325.860     3326.300     3326.390     3331.530
   350:     3332.550     3338.790     3339.090     3339.230     3341.550
   355:     3341.810     3341.960     3342.580     3345.680     3346.530
   360:     3350.360     3352.320     3352.770     3352.940     3354.320
   365:     3356.680     3356.810     3356.860     3356.910     3358.590
   370:     3359.120     3361.740     3362.450     3362.790     3397.420
   375:     3401.940     3401.950     3401.990     3402.330     3402.540
   380:     3402.640     3405.970     3406.160     3407.480     3408.660
   385:     3408.760     3409.120     3409.140     3409.230     3410.120
   390:     3410.420     3411.440     3411.700     3412.110     3416.800
   395:     3416.870     3417.110     3417.240     3417.370     3417.430
   400:     3420.900     3421.510     3456.870     3457.350     3499.430
   405:     3554.120     3579.690     3579.950     3580.140     3580.230
   410:     3580.410     3580.470     3580.740     3681.560     3692.690
   415:     3694.460     3702.210     3702.740     3731.490     3768.120
   420:     3768.120     3768.120     3768.130     3770.090     3778.120
   425:     3810.130     3813.380     3813.400     3813.610     3813.630
   430:     3814.040     3817.330     3817.420     3817.570     3818.130
   435:     3820.890     3822.560     3822.600     3822.620     3822.640
   440:     3822.730     3822.760     3823.290     3841.750     3847.970
   445:     3848.080     3933.640     3933.640     3933.640     3933.650
   450:     3943.640     3945.030     3945.850     3946.040     3946.200
   455:     3947.530     3947.860     3948.410     3993.970     3994.200
   460:     4015.320     4015.490     4037.290     4037.760     4038.110
   465:     4051.100     4095.830     4184.750     4186.470     4186.550
   470:     4188.900     4189.450     4190.500     4221.780     4221.880
   475:     4221.920     4222.360     4222.390     4222.740     4223.170
   480:     4287.950     4288.100     4288.200     4288.490     4289.470
   485:     4290.170     4290.470     4312.320     4312.710     4313.840
   490:     4314.220     4314.270     4314.490     4315.650     4315.730
   495:     4315.770     4315.910     4315.980     4316.000     4316.190
   500:     4316.610     4322.340     4322.700     4323.180     4326.320
   505:     4326.320     4326.320     4326.330     4327.490     4327.490
   510:     4330.860     4332.280     4332.520     4336.320     4338.770
   515:     4338.870     4339.550     4342.050     4342.970     4343.450
   520:     4343.800     4344.720     4344.920     4345.240     4346.070
   525:     4348.110     4348.250     4351.540     4351.790     4354.640
   530:     4354.850     4357.660     4359.100     4359.280     4359.350
   535:     4359.380     4360.310     4361.020     4367.710     4368.340
   540:     4368.410     4368.930     4369.130     4369.650     4369.740
   545:     4370.930     4376.240     4376.560     4382.360     4383.110
   550:     4384.630     4385.190     4386.020     4386.090     4386.160
   555:     4386.180     4386.340     4386.750     4386.770     4387.160
   560:     4388.410     4388.970     4413.190     4416.990     4418.060
   565:     4418.160     4420.860     4421.510     4421.960     4422.360
   570:     4429.540     4429.920     4429.960     4429.990     4430.160
   575:     4430.420     4512.100     4524.900     4530.110     4530.180
   580:     4530.260     4530.310     4530.350     4530.900     4562.640
   585:     4573.670     4573.870     4573.930     4578.520     4578.610
   590:     4578.880     4579.540     4581.650     4581.790     4582.410
   595:     4616.230     4624.570     4637.020     4650.460     4659.390
   600:     4686.070     4686.220     4686.570     4686.620     4686.670
   605:     4687.210     4706.140     4709.070     4709.150     4712.080
   610:     4712.160     4712.230     4712.260     4712.410     4712.590
   615:     4714.450     4715.000     4722.720     4724.400     4724.520
   620:     4828.640     4829.030     4896.950     4914.240     4914.630
   625:     4915.520     4915.710     4915.870     4915.960     4916.280
   630:     4947.770     4947.930     4967.510     5018.110     5134.300
   635:     5135.370     5135.470     5137.820     5137.850     5137.900
   640:     5138.510     5169.290     5178.110     5186.000     5186.290
   645:     5188.230     5190.520     5192.370     5195.480     5197.600
   650:     5200.710     5202.340     5203.150     5203.600     5203.730
   655:     5205.890     5206.510     5207.280     5207.560     5212.230
   660:     5212.770     5213.350     5213.370     5213.440     5213.470
   665:     5213.920     5217.810     5218.350     5219.840     5220.300
   670:     5220.350     5220.400     5220.770     5220.880     5221.260
   675:     5221.820     5222.060     5223.490     5225.840     5226.430
   680:     5247.490     5249.130     5249.990     5250.260     5250.380
   685:     5250.460     5250.500     5251.610     5251.680     5252.870
   690:     5253.920     5254.000     5254.790     5255.420     5255.580
   695:     5331.320     5339.030     5339.090     5339.240     5425.510
   700:     5425.650     5427.350     5427.910     5437.730     5438.250
   705:     5438.590     5438.630     5438.790     5438.830     5440.180
   710:     5441.920     5450.370     5450.720     5451.560     5452.150
   715:     5452.200     5452.220     5452.390     5452.530     5452.560
   720:     5452.670     5454.870     5462.250     5466.750     5475.890
   725:     5476.920     5477.170     5477.310     5481.150     5481.160
   730:     5481.290     5481.400     5481.450     5481.600     5481.660
   735:     5481.780     5482.060     5482.260     5482.450     5482.740
   740:     5491.540     5501.120     5511.000     5511.790     5512.160
   745:     5514.130     5514.620     5515.130     5515.470     5525.660
   750:     5526.920     5574.390     5743.530     5831.550     5839.030
   755:     5839.360     5839.480     5845.520     5845.760     5851.060
   760:     5853.380     5854.130     5854.200     5854.260     5854.410
   765:     5860.380     5871.850     5881.880     5891.920     5891.920
   770:     5891.920     5891.930     5895.200     5895.200     5897.140
   775:     5897.140     5901.270     5901.270     5901.920     5903.460
   780:     5903.460     5903.460     5903.470     5906.180     5906.180
   785:     5908.050     5908.050     5911.340     5913.130     5913.130
   790:     5913.460     5916.360     5916.360     5916.360     5916.370
   795:     5917.790     5917.790     5918.690     5918.690     5924.370
   800:     5924.370     5926.190     5926.190     5926.360     5927.220
   805:     5927.220     5927.220     5927.230     5928.690     5928.690
   810:     5937.220     5938.570     5941.030     5942.530     5948.590
   815:     5948.590     5948.590     5948.600     5949.790     5949.790
   820:     5951.670     5951.670     5953.540     5953.540     5958.590
   825:     5972.230     5972.230     5972.230     5972.240     5982.230
   830:     6001.230     6009.820     6009.820     6009.820     6009.830
   835:     6010.060     6010.060     6011.640     6011.640     6013.570
   840:     6013.570     6016.010     6016.010     6019.130     6019.820
   845:     6020.140     6020.300     6020.490     6020.600     6020.690
   850:     6020.920     6021.320     6022.150     6048.660     6069.310
   855:     6070.470     6160.060     6160.060     6160.060     6160.070
   860:     6162.770     6162.770     6164.610     6167.200     6167.200
   865:     6167.770     6167.770     6168.090     6168.090     6169.390
   870:     6169.390     6170.060     6171.120     6171.120     6171.120
   875:     6171.130     6176.710     6177.480     6181.120     6182.590
   880:     6182.590     6182.590     6182.600     6188.740     6188.740
   885:     6192.590     6197.550     6197.550     6197.550     6197.560
   890:     6198.440     6198.440     6202.530     6204.120     6207.550
   895:     6281.150     6286.220     6286.360     6286.640     6287.170
   900:     6287.360     6289.610     6289.770     6292.000     6292.860
   905:     6302.040     6302.290     6304.960     6305.000     6305.900
   910:     6305.920     6309.360     6313.170     6318.040     6319.320
   915:     6320.950     6326.810     6327.090     6328.040     6328.810
   920:     6328.890     6359.740     6360.600     6360.650     6361.800
   925:     6361.930     6363.090     6363.870     6363.920     6364.030
   930:     6364.960     6365.180     6369.490     6369.530     6369.770
   935:     6370.910     6387.000     6387.000     6387.000     6387.010
   940:     6397.000     6407.820     6421.360     6442.340     6462.670
   945:     6463.060     6475.570     6476.780     6477.000     6477.320
   950:     6478.160     6478.330     6478.420     6480.400     6507.680
   955:     6509.690     6522.390     6525.740     6525.790     6527.270
   960:     6527.430     6528.660     6528.830     6529.000     6541.700
   965:     6548.800     6549.450     6580.960     6581.440     6583.270
   970:     6601.100     6601.750     6606.220     6613.380     6613.940
   975:     6615.240     6615.370     6619.610     6619.790     6626.670
   980:     6682.350     6683.200     6698.820     6699.640     6707.570
   985:     6714.430     6714.540     6717.050     6726.830     6727.140
   990:     6749.710     6751.500     6755.470     6757.430     6757.680
   995:     6757.800     6759.560     6766.980     6768.680     6775.860
  1000:     6779.350     6780.420     6784.650     6786.920     6843.280
  1005:     6843.370     6843.590     6843.650     6844.020     6844.660
  1010:     6845.280     6845.920     6846.740     6846.860     6847.250
  1015:     6847.850     6848.350     6848.450     6849.070     6849.220
  1020:     6849.700     6850.080     6853.770     6855.580     6856.990
  1025:     6857.730     6858.380     6859.360     6870.280     6873.300
  1030:     6873.470     6876.640     6887.500     6889.560     6889.880
  1035:     6890.400     6896.040     6899.590     6899.640     6902.390
  1040:     6906.130     6907.010     6907.210     6907.510     6978.690
  1045:     6982.460     7012.370     7017.120     7017.580     7017.730
  1050:     7017.780     7018.440     7049.870     7059.700     7059.700
  1055:     7059.700     7059.710     7063.970     7063.970     7069.700
  1060:     7113.690     7114.560     7114.970     7120.550     7120.900
  1065:     7122.270     7141.160     7142.230     7142.890     7144.590
  1070:     7144.680     7146.840     7147.320     7151.630     7152.950
  1075:     7156.350     7156.350     7156.350     7156.360     7158.210
  1080:     7163.010     7166.350     7168.400     7173.560     7176.120
  1085:     7177.290     7185.440     7186.560     7187.020     7188.770
  1090:     7191.800     7192.670     7193.350     7196.570     7196.610
  1095:     7196.960     7198.250     7200.410     7209.240     7215.760
  1100:     7216.330     7216.370     7216.490     7217.060     7218.340
  1105:     7218.440     7218.550     7218.630     7219.210     7219.390
  1110:     7219.550     7220.870     7221.030     7226.870     7228.210
  1115:     7228.340     7228.400     7228.450     7228.700     7229.310
  1120:     7229.320     7229.410     7230.270     7232.180     7232.800
  1125:     7233.230     7233.490     7233.530     7233.610     7233.700
  1130:     7235.980     7238.210     7238.720     7240.720     7241.330
  1135:     7245.380     7247.350     7247.590     7248.210     7249.600
  1140:     7251.220     7251.420     7251.650     7252.420     7254.900
  1145:     7255.050     7255.200     7255.230     7256.090     7256.170
  1150:     7256.810     7257.020     7258.170     7258.430     7259.500
  1155:     7264.080     7264.320     7265.130     7265.250     7265.370
  1160:     7265.550     7265.610     7265.640     7265.730     7265.970
  1165:     7266.550     7267.550     7267.600     7267.670     7287.550
  1170:     7288.190     7288.560     7288.630     7293.350     7293.810
  1175:     7293.830     7294.420     7294.440     7294.540     7295.250
  1180:     7295.290     7296.260     7299.150     7299.600     7299.630
  1185:     7299.880     7309.200     7310.060     7310.280     7310.460
  1190:     7310.490     7311.690     7311.720     7311.730     7314.790
  1195:     7315.290     7322.620     7322.880     7323.600     7323.660
  1200:     7323.880     7323.950     7327.180     7327.200     7393.400
  1205:     7394.160     7394.390     7402.400     7406.480     7407.390
  1210:     7407.450     7408.020     7411.180     7413.160     7413.200
  1215:     7414.650     7417.290     7418.030     7420.610     7427.970
  1220:     7428.290     7429.620     7474.690     7476.420     7477.100
  1225:     7478.790     7481.630     7481.780     7481.840     7481.900
  1230:     7483.060     7483.070     7485.350     7485.760     7485.910
  1235:     7486.290     7486.980     7487.540     7489.350     7489.450
  1240:     7489.550     7489.960     7491.040     7496.490     7503.070
  1245:     7504.490     7504.620     7505.300     7505.690     7505.730
  1250:     7509.660     7512.360     7513.850     7513.930     7514.250
  1255:     7514.300     7515.790     7516.600     7516.840     7517.250
  1260:     7518.610     7518.650     7518.790     7519.580     7521.420
  1265:     7521.710     7522.530     7526.250     7529.340     7529.540
  1270:     7529.650     7529.760     7529.920     7542.670     7544.820
  1275:     7546.780     7553.860     7556.200     7560.300     7561.450
  1280:     7561.550     7562.470     7563.040     7563.120     7563.250
  1285:     7566.000     7572.520     7575.130     7576.140     7596.750
  1290:     7602.490     7625.020     7625.020     7625.020     7625.030
  1295:     7627.620     7627.620     7631.760     7635.020     7638.790
  1300:     7639.280     7640.090     7640.850     7642.420     7747.730
  1305:     7760.260     7760.390     7761.910     7816.440     7816.660
  1310:     7817.330     7854.450     7863.100     7864.510     7864.570
  1315:     7865.440     7901.120     7916.980     7919.920     7921.720
  1320:     7955.030     7961.800     7967.890     7969.420     8007.820
  1325:     8010.460     8011.890     8011.920     8014.650     8015.720
  1330:     8020.430     8021.560     8107.920     8118.470     8354.130
  1335:     8354.690     8388.400     8388.400     8388.400     8388.410
  1340:     8391.040     8398.400     8398.480     8398.480     8398.480
  1345:     8398.490     8399.560     8399.560     8400.290     8400.290
  1350:     8408.480     8434.900     8471.490     8477.680     8484.470
  1355:     8484.470     8484.470     8484.480     8488.170     8494.470
  1360:     8507.980     8526.300     8527.620     8528.040     8532.710
  1365:     8533.580     8534.120     8534.320     8536.310     8540.990
  1370:     8543.640     8544.260     8545.170     8667.290     8667.640
  1375:     8668.000     8668.060     8668.210     8668.390     8669.170
  1380:     8683.230     8685.070     8692.460     8693.550     8710.540
  1385:     8735.190     8735.880     8749.380     8750.020     8752.700
  1390:     8770.240     8881.600     8901.900     8908.190     8908.190
  1395:     8908.190     8908.200     8918.190     8921.000     8921.810
  1400:     8927.690     8928.920     8929.110     8930.330     8931.120
  1405:     8931.360     8957.310     8957.500     8958.510     8958.700
  1410:     8959.200     8960.620     8962.740     8964.190     8964.290
  1415:     8965.240     8965.350     8965.950     8966.020     8966.910
  1420:     8968.310     8969.880     9054.950     9077.300     9084.820
  1425:     9085.770     9086.600     9087.330     9087.360     9103.070
  1430:     9103.440     9104.180     9104.550     9104.810     9105.910
  1435:     9107.810     9108.000     9108.320     9109.050     9109.540
  1440:     9112.390     9113.840     9142.580     9148.730     9158.190
  1445:     9159.900     9164.540     9174.540     9180.420     9181.460
  1450:     9183.350     9183.510     9183.740     9184.110     9184.690
  1455:     9184.840     9185.770     9192.580     9193.660     9212.970
  1460:     9231.650     9232.580     9237.400     9237.450     9246.580
  1465:     9246.650     9246.750     9254.060     9290.750     9292.400
  1470:     9292.990     9294.400     9294.600     9322.140     9324.720
  1475:     9338.380     9359.570     9362.220     9364.200     9369.320
  1480:     9383.900     9387.790     9414.390     9415.240     9415.460
  1485:     9415.740     9416.570     9427.860     9584.980     9593.420
  1490:     9594.480     9595.030     9595.700     9597.160     9597.380
  1495:     9597.590     9613.070     9618.600     9618.830     9619.100
  1500:     9619.280     9619.340     9619.510     9619.610     9619.640
  1505:     9624.970     9634.240     9637.130     9642.730     9642.880
  1510:     9647.230     9650.050     9650.120     9655.620     9659.930
  1515:     9661.350     9661.730     9663.870     9664.040     9665.330
  1520:     9666.430     9666.760     9668.210     9668.750     9668.910
  1525:     9669.560     9669.640     9671.700     9742.290     9771.980
  1530:     9773.870     9868.780     9873.220     9895.960     9926.600
  1535:     9926.610     9928.300     9938.890     9940.280     9942.460
  1540:     9949.840     9958.430     9988.330    10134.800    10135.090
  1545:    10137.960    10138.090    10139.310    10141.360    10144.570
  1550:    10159.650    10161.850    10165.990    10166.350    10166.740
  1555:    10167.200    10167.460    10187.680    10188.790    10189.390
  1560:    10190.220    10216.900    10218.110    10219.460    10220.970
  1565:    10221.980    10222.050    10222.330    10222.620    10240.640
  1570:    10241.710    10244.480    10244.580    10244.700    10244.930
  1575:    10247.630    10248.880    10258.220    10320.310    10322.820
  1580:    10323.120    10329.250    10331.280    10334.330    10335.660
  1585:    10339.700    10340.470    10340.480    10340.500    10340.510
  1590:    10340.780    10340.950    10341.070    10341.100    10341.640
  1595:    10360.180    10362.090    10362.900    10364.070    10364.350
  1600:    10364.650    10365.140    10365.170    10365.800    10366.020
  1605:    10368.030    10368.470    10369.900    10370.900    10371.330
  1610:    10375.310    10375.360    10375.440    10378.230    10378.310
  1615:    10378.390    10380.210    10381.530    10382.790    10476.530
  1620:    10476.830    10481.350    10630.280    10631.390    10632.160
  1625:    10633.440    10633.680    10644.280    10644.420    10644.850
  1630:    10648.960    10649.000    10649.080    10649.900    10651.270
  1635:    10678.760    10680.340    10680.830    10685.840    10685.970
  1640:    10686.260    10688.420    10688.700    10689.460    10689.550
  1645:    10689.890    10689.990    10690.040    10693.910    10693.990
  1650:    10694.130    10694.180    10695.250    10695.450    10695.690
  1655:    10695.800    10695.920    10696.020    10696.150    10696.190
  1660:    10696.280    10696.440    10696.540    10696.710    10696.820
  1665:    10696.950    10697.050    10697.260    10697.340    10697.570
  1670:    10697.680    10697.800    10698.070    10698.370    10698.660
  1675:    10699.030    10699.330    10699.540    10699.580    10699.790
  1680:    10699.880    10700.010    10700.100    10700.150    10700.280
  1685:    10740.080    10756.600    10761.180    10768.940    10769.070
  1690:    10769.660    10769.980    10781.390    10782.020    10782.990
  1695:    10783.110    10783.180    10783.280    10783.350    10783.430
  1700:    10783.480    10800.010
