File: C:\MED-PC IV\DATA\!2025-08-25_13h45m.Subject T15



Start Date: 08/25/25
End Date: 08/25/25
Subject: T15
Experiment: OralFentSA
Group: One
Box: 8
Start Time: 13:45:57
End Time: 16:46:01
MSN: Golden_Liq_SelfAdmin_LIT
F:       0.000
G:    1055.000
H:   10800.010
I:       0.000
J:       0.000
K:       0.000
L:       0.000
M:       0.000
N:       0.000
O:       0.000
P:       0.000
Q:       0.000
R:       0.000
S:       0.000
U:       0.000
V:       0.000
W:       0.000
X:       0.000
Y:       0.000
Z:       0.000
A:
     0:        0.000        0.000      180.000        4.000        0.000
     5:        5.000        0.000        5.000        0.000        0.000
    10:        1.000        0.000       10.000 180000000.00       21.000
    15:        6.000      320.000        0.000        0.000        0.000
    20:        0.000
B:
     0:        0.000        0.000        0.000      400.000        0.000
     5:      500.000        0.000      500.000        0.000        0.000
    10:        0.000        0.000     1000.000 18000000000.        0.000
    15:        0.000        0.000        0.000        0.000        0.000
    20:        0.000
C:
     0:        6.000        7.000        0.000        9.000      963.000
     5:     9368.520        8.780        6.000       43.230        7.205
    10:        9.000       10.000        0.000        0.000        0.000
    15:        0.000        0.000        0.000        0.000        0.000
    20:        0.000
D:
     0:        2.070        1.980       10.820       15.410        4.170
     5:        8.780
E:
     0:       19.000       11.000       26.000       27.000        6.000
     5:        6.000        6.000        6.000        6.000        6.000
    10:        6.000        6.000        6.000        6.000        6.000
    15:        6.000        6.000        6.000        6.000        6.000
    20:        6.000        6.000        6.000        6.000        6.000
    25:        6.000        6.000        6.000        6.000        6.000
    30:        6.000        6.000        6.000        6.000        6.000
    35:        6.000        6.000        6.000        6.000        6.000
    40:        6.000        6.000        6.000        6.000        6.000
    45:        6.000        6.000        6.000        6.000        6.000
    50:        6.000        6.000        6.000        6.000        6.000
    55:        6.000        6.000        6.000        6.000        6.000
    60:        6.000        6.000        6.000        6.000        6.000
    65:        6.000        6.000        6.000        6.000        6.000
    70:        6.000        6.000        6.000        6.000        6.000
    75:        6.000        6.000        6.000        6.000        6.000
    80:        6.000        6.000        6.000        6.000        6.000
    85:        6.000        6.000        6.000        6.000        6.000
    90:        6.000        6.000        6.000        6.000        6.000
    95:        6.000        6.000        6.000        6.000        6.000
   100:        6.000        6.000        6.000        6.000        6.000
   105:        6.000        6.000        6.000        6.000        6.000
   110:        6.000        6.000        6.000        6.000        6.000
   115:        6.000        6.000        6.000        6.000        6.000
   120:        6.000        6.000        6.000        6.000        6.000
   125:        6.000        6.000        6.000        6.000        6.000
   130:        6.000        6.000        6.000        6.000        6.000
   135:        6.000        6.000        6.000        6.000        6.000
   140:        6.000        6.000        6.000        6.000        6.000
   145:        6.000        6.000        6.000        6.000        6.000
   150:        6.000        6.000        6.000        6.000        6.000
   155:        6.000        6.000        6.000        6.000        6.000
   160:        6.000        6.000        6.000        6.000        6.000
   165:        6.000        6.000        6.000        6.000        6.000
   170:        6.000        6.000        6.000        6.000        6.000
   175:        6.000        6.000        6.000        6.000        6.000
   180:        6.000        6.000        6.000        6.000        6.000
   185:        6.000        6.000        6.000        6.000        6.000
   190:        6.000        6.000        6.000        6.000        6.000
   195:        6.000        6.000        6.000        6.000        6.000
   200:        6.000        6.000        6.000        6.000        6.000
   205:        6.000        6.000        6.000        6.000        6.000
   210:        6.000        6.000        6.000        6.000        6.000
   215:        6.000        6.000        6.000        6.000        6.000
   220:        6.000        6.000        6.000        6.000        6.000
   225:        6.000        6.000        6.000        6.000        6.000
   230:        6.000        6.000        6.000        6.000        6.000
   235:        6.000        6.000        6.000        6.000        6.000
   240:        6.000        6.000        6.000        6.000        6.000
   245:        6.000        6.000        6.000        6.000        6.000
   250:        6.000        6.000        6.000        6.000        6.000
   255:        6.000        6.000        6.000        6.000        6.000
   260:        6.000        6.000        6.000        6.000        6.000
   265:        6.000        6.000        6.000        6.000        6.000
   270:        6.000        6.000        6.000        6.000        6.000
   275:        6.000        6.000        6.000        6.000        6.000
   280:        6.000        6.000        6.000        6.000        6.000
   285:        6.000        6.000        6.000        6.000        6.000
   290:        6.000        6.000        6.000        6.000        6.000
   295:        6.000        6.000        6.000        6.000        6.000
   300:        6.000        6.000        6.000        6.000        6.000
   305:        6.000        6.000        6.000        6.000        6.000
   310:        6.000        6.000        6.000        6.000        6.000
   315:        6.000        6.000        6.000        6.000        6.000
   320:        6.000        6.000        6.000        6.000        6.000
   325:        6.000        6.000        6.000        6.000        6.000
   330:        6.000        6.000        6.000        6.000        6.000
   335:        6.000        6.000        6.000        6.000        6.000
   340:        6.000        6.000        6.000        6.000        6.000
   345:        6.000        6.000        6.000        6.000        6.000
   350:        6.000        6.000        6.000        6.000        6.000
   355:        6.000        6.000        6.000        6.000        6.000
   360:        6.000        6.000        6.000        6.000        6.000
   365:        6.000        6.000        6.000        6.000        6.000
   370:        6.000        6.000        6.000        6.000        6.000
   375:        6.000        6.000       23.000        6.000        6.000
   380:        6.000        6.000        6.000        6.000        6.000
   385:        6.000        6.000        6.000        6.000        6.000
   390:        6.000        6.000        6.000        6.000        6.000
   395:        6.000        6.000        6.000        6.000        6.000
   400:        6.000        6.000        6.000        6.000        6.000
   405:        6.000        6.000        6.000        6.000        6.000
   410:        6.000        6.000        6.000        6.000        6.000
   415:        6.000        6.000        6.000        6.000        6.000
   420:        6.000        6.000        6.000        6.000        6.000
   425:        6.000        6.000        6.000        6.000        6.000
   430:        6.000        6.000        6.000        6.000        6.000
   435:        6.000        6.000        6.000        6.000        6.000
   440:        6.000        6.000        6.000        6.000        6.000
   445:        6.000        6.000        6.000        6.000        6.000
   450:        6.000        6.000        6.000        6.000        6.000
   455:        6.000        6.000        6.000        6.000        6.000
   460:        6.000        6.000        6.000        6.000        6.000
   465:        6.000        6.000       23.000        6.000        6.000
   470:        6.000        6.000        6.000        6.000        6.000
   475:        6.000        6.000        6.000        6.000        6.000
   480:        6.000        6.000        6.000        6.000        6.000
   485:        6.000        6.000        6.000        6.000        6.000
   490:        6.000        6.000        6.000        6.000        6.000
   495:        6.000        6.000        6.000        6.000        6.000
   500:        6.000        6.000        6.000        6.000        6.000
   505:        6.000        6.000        6.000        6.000        6.000
   510:        6.000        6.000        6.000        6.000        6.000
   515:        6.000        6.000        6.000        6.000        6.000
   520:        6.000        6.000        6.000        6.000        6.000
   525:        6.000        6.000        6.000        6.000        6.000
   530:        6.000        6.000        6.000        6.000        6.000
   535:        6.000        6.000        6.000        6.000        6.000
   540:        6.000        6.000        6.000        6.000        6.000
   545:        6.000        6.000        6.000        6.000        6.000
   550:        6.000        6.000        6.000        6.000        6.000
   555:        6.000        6.000        6.000        6.000        6.000
   560:        6.000        6.000        6.000        6.000        6.000
   565:       23.000       23.000        6.000        6.000        6.000
   570:        6.000        6.000        6.000        6.000        6.000
   575:        6.000        6.000        6.000        6.000        6.000
   580:        6.000        6.000        6.000        6.000        6.000
   585:        6.000        6.000        6.000        6.000        6.000
   590:        6.000        6.000        6.000        6.000        6.000
   595:       23.000        6.000        6.000        6.000        6.000
   600:        6.000        6.000        6.000        6.000        6.000
   605:        6.000        6.000        6.000        6.000        6.000
   610:        6.000        6.000        6.000        6.000        6.000
   615:        6.000        6.000       23.000        6.000        6.000
   620:        6.000        2.000        4.000       22.000       24.000
   625:       13.000        8.000        5.000       17.000        6.000
   630:       18.000       14.000       10.000        6.000        6.000
   635:        6.000        6.000        6.000        6.000       19.000
   640:        6.000        6.000        6.000        6.000        6.000
   645:        6.000        6.000        6.000        6.000        6.000
   650:        2.000        4.000       22.000       24.000       13.000
   655:        8.000        5.000       17.000        6.000        6.000
   660:       18.000       14.000       10.000        6.000       19.000
   665:        2.000        4.000       22.000       24.000       13.000
   670:        8.000        5.000       17.000       21.000       22.000
   675:       18.000       14.000       10.000       19.000        6.000
   680:        6.000        6.000        6.000        6.000        2.000
   685:        4.000       22.000       24.000       13.000        8.000
   690:        5.000       17.000       21.000       22.000       18.000
   695:       14.000       10.000       19.000       23.000        6.000
   700:        6.000        6.000        6.000        6.000        6.000
   705:        6.000        6.000        6.000        6.000        6.000
   710:        6.000        6.000        6.000        2.000        4.000
   715:       22.000       24.000       13.000        8.000        5.000
   720:       17.000       18.000        6.000       14.000       10.000
   725:        6.000        6.000       19.000        6.000        6.000
   730:        6.000        6.000        6.000        6.000        6.000
   735:        6.000        6.000        6.000        6.000        6.000
   740:        6.000        6.000        6.000        6.000        6.000
   745:        6.000        6.000        6.000        6.000        6.000
   750:        6.000        6.000        6.000        6.000        6.000
   755:        6.000        6.000        6.000        6.000        6.000
   760:        6.000        6.000        6.000        6.000        6.000
   765:        6.000        6.000        6.000        6.000        6.000
   770:        6.000        6.000        6.000        6.000        6.000
   775:        6.000        6.000        6.000        6.000        6.000
   780:        6.000        6.000        6.000        6.000        6.000
   785:        6.000        6.000        6.000        6.000        6.000
   790:        6.000        6.000        6.000        6.000        6.000
   795:        6.000        6.000        6.000        6.000        6.000
   800:        6.000        6.000        6.000        6.000        6.000
   805:        6.000        6.000        6.000        6.000        6.000
   810:        6.000        6.000        6.000        6.000        6.000
   815:        6.000        6.000        6.000        6.000        6.000
   820:        6.000        6.000        6.000        6.000        6.000
   825:        6.000        6.000        6.000        6.000        6.000
   830:        6.000        6.000        6.000        6.000        6.000
   835:        6.000        6.000        6.000        6.000        6.000
   840:        6.000        6.000        6.000        6.000        6.000
   845:        6.000        6.000        6.000        6.000        6.000
   850:        6.000        6.000        6.000        6.000        6.000
   855:        6.000        6.000        6.000        6.000        6.000
   860:        6.000        6.000        6.000        6.000        6.000
   865:        6.000       23.000        6.000        6.000        6.000
   870:        6.000        6.000        6.000        6.000        6.000
   875:        6.000        6.000        6.000        6.000        6.000
   880:        6.000        6.000        6.000        6.000        6.000
   885:        6.000        6.000        6.000        6.000        6.000
   890:        6.000        6.000        6.000        6.000        6.000
   895:        6.000        6.000        6.000        6.000        6.000
   900:        6.000        6.000        6.000        6.000        6.000
   905:        6.000        6.000        6.000        6.000        6.000
   910:        6.000        6.000        6.000        6.000        6.000
   915:        6.000        6.000        6.000        6.000        6.000
   920:        6.000        6.000        6.000        6.000        6.000
   925:        6.000        6.000        6.000        6.000        6.000
   930:        6.000        6.000        6.000        6.000        6.000
   935:        6.000        6.000        6.000        6.000        6.000
   940:        6.000        6.000        6.000        6.000        6.000
   945:        6.000        6.000        6.000        6.000        6.000
   950:        6.000        6.000        6.000        6.000        6.000
   955:        6.000        6.000        6.000        6.000        6.000
   960:        6.000        6.000        6.000        6.000        6.000
   965:        6.000        6.000        6.000        6.000        6.000
   970:        6.000        6.000        6.000        6.000        6.000
   975:        6.000        6.000        6.000        6.000        6.000
   980:        6.000        6.000        6.000        2.000        4.000
   985:       22.000       24.000       13.000        8.000        5.000
   990:       17.000       21.000       22.000       18.000       14.000
   995:       10.000        6.000       19.000        6.000        6.000
  1000:        6.000        6.000        6.000        6.000        6.000
  1005:        6.000        6.000        6.000       23.000        6.000
  1010:        6.000        6.000        6.000        6.000        6.000
  1015:        6.000        6.000        6.000        6.000        6.000
  1020:        6.000        6.000        6.000        6.000        6.000
  1025:        6.000        6.000        6.000        6.000        6.000
  1030:        6.000        6.000        6.000        6.000        6.000
  1035:        6.000        6.000        6.000        6.000        6.000
  1040:        6.000        6.000        6.000        6.000        6.000
  1045:        6.000        6.000        6.000        6.000        6.000
  1050:        6.000        6.000        6.000       23.000        6.000
  1055:      100.000
T:
     0:        0.000        0.000        0.000        0.000        2.980
     5:        5.110        6.090        7.170        7.240       35.200
    10:       35.630       35.670       35.740       35.760       36.500
    15:       45.600       46.250       49.770       60.430       71.070
    20:       71.130       81.680       91.400      113.580      137.640
    25:      146.580      154.100      154.320      154.780      156.940
    30:      157.020      161.190      161.750      167.900      168.160
    35:      169.720      171.010      171.130      185.440      185.770
    40:      193.790      195.980      201.850      225.960      235.990
    45:      261.270      277.720      303.960      304.190      324.420
    50:      324.590      325.620      327.980      328.010      328.030
    55:      335.610      335.660      354.310      354.760      357.900
    60:      381.320      407.620      407.850      417.200      431.640
    65:      459.090      481.180      481.330      494.950      503.260
    70:      503.320      503.480      516.220      525.370      525.740
    75:      530.230      530.430      530.440      530.880      536.110
    80:      541.180      546.290      572.710      572.790      573.300
    85:      587.180      587.230      587.500      609.980      610.510
    90:      610.560      614.210      614.390      615.650      620.640
    95:      629.400      648.260      657.720      658.100      661.780
   100:      711.500      711.670      724.760      725.490      748.480
   105:      760.270      785.390      790.700      791.030      795.690
   110:      805.780      806.230      812.940      813.180      821.410
   115:      829.850      830.850      832.520      833.920      852.150
   120:      856.420      860.470      860.890      860.940      860.960
   125:      861.930      862.040      862.200      862.770      865.590
   130:      865.820      865.870      865.900      866.310      871.740
   135:      872.240      872.990      875.160      875.800      876.650
   140:      880.770      885.650      886.780      889.510      893.000
   145:      893.070      896.810      897.630      901.940      902.260
   150:      905.150      909.660      910.860      911.360      918.730
   155:      918.860      918.870      918.990      919.200      923.290
   160:      923.390      929.780      930.290      935.500      935.650
   165:      945.040      945.340      953.430      967.080      971.190
   170:      975.450      975.520     1012.600     1036.150     1036.390
   175:     1058.540     1064.320     1070.200     1071.620     1072.010
   180:     1073.010     1076.240     1124.160     1129.630     1140.490
   185:     1140.980     1157.160     1189.040     1212.890     1220.130
   190:     1220.380     1220.900     1232.930     1238.080     1261.180
   195:     1261.490     1269.410     1274.920     1275.300     1275.320
   200:     1275.380     1276.060     1287.720     1304.520     1334.170
   205:     1339.030     1339.550     1342.230     1353.560     1353.870
   210:     1423.350     1436.810     1444.390     1445.920     1465.840
   215:     1466.370     1466.570     1483.320     1495.120     1495.260
   220:     1499.540     1503.780     1526.130     1526.550     1526.850
   225:     1532.980     1533.170     1555.220     1556.480     1568.360
   230:     1576.020     1576.820     1576.920     1585.150     1664.010
   235:     1664.340     1665.570     1695.480     1695.850     1696.360
   240:     1731.030     1731.590     1747.620     1749.690     1749.920
   245:     1751.060     1755.360     1757.040     1757.100     1757.490
   250:     1757.510     1757.600     1789.320     1790.220     1861.760
   255:     1863.830     1902.040     1902.410     1902.610     1946.020
   260:     2029.700     2043.420     2044.720     2058.100     2068.130
   265:     2116.740     2142.640     2153.780     2213.290     2213.700
   270:     2213.730     2213.760     2217.660     2217.950     2229.990
   275:     2275.970     2276.160     2276.640     2303.800     2313.380
   280:     2314.780     2314.920     2314.950     2314.990     2320.230
   285:     2322.230     2322.910     2337.660     2344.790     2363.030
   290:     2391.620     2411.230     2414.220     2415.490     2416.020
   295:     2418.240     2418.380     2418.650     2439.380     2439.860
   300:     2440.030     2470.900     2471.120     2474.000     2497.250
   305:     2502.870     2515.890     2516.050     2523.090     2524.140
   310:     2528.870     2529.130     2534.080     2555.890     2561.490
   315:     2561.940     2567.970     2567.990     2568.010     2574.610
   320:     2578.610     2579.420     2597.780     2618.430     2619.520
   325:     2693.540     2774.130     2774.370     2774.390     2774.430
   330:     2774.540     2774.980     2775.200     2794.320     2850.400
   335:     2864.140     2864.840     2880.850     2914.880     2927.420
   340:     2986.020     3003.370     3015.810     3032.670     3042.740
   345:     3043.220     3043.240     3043.380     3078.790     3080.460
   350:     3083.490     3096.600     3128.690     3129.410     3129.500
   355:     3129.930     3136.370     3147.780     3149.070     3192.840
   360:     3202.800     3203.120     3213.850     3229.470     3253.100
   365:     3287.620     3326.370     3339.330     3340.170     3358.990
   370:     3435.770     3463.620     3469.120     3471.140     3471.830
   375:     3471.870     3522.030     3541.820     3571.170     3587.940
   380:     3588.800     3589.640     3590.940     3605.070     3605.310
   385:     3610.420     3611.480     3611.540     3626.160     3652.650
   390:     3678.040     3681.860     3683.520     3689.260     3699.350
   395:     3700.230     3701.600     3701.920     3703.770     3705.650
   400:     3707.890     3740.990     3826.470     3826.850     3827.020
   405:     3845.760     4051.080     4052.520     4074.300     4099.390
   410:     4099.460     4099.570     4104.690     4104.720     4125.300
   415:     4132.510     4132.920     4132.960     4133.090     4133.160
   420:     4134.000     4140.910     4142.050     4143.860     4144.270
   425:     4150.260     4158.240     4158.270     4163.450     4164.590
   430:     4166.080     4166.990     4167.230     4172.130     4172.410
   435:     4175.290     4175.510     4179.160     4179.720     4192.560
   440:     4193.150     4208.250     4209.170     4211.950     4278.850
   445:     4307.860     4312.990     4313.010     4314.920     4315.110
   450:     4316.210     4316.700     4317.680     4319.690     4430.630
   455:     4460.150     4741.380     4744.590     4745.020     4745.080
   460:     4745.370     4746.250     4756.230     4756.300     4760.600
   465:     4762.980     4764.890     4774.490     4782.530     4789.330
   470:     4802.170     4806.670     4806.740     4806.980     4807.570
   475:     4807.920     4818.490     4837.860     4842.030     4854.140
   480:     4854.180     4854.270     4856.300     4859.640     4864.460
   485:     4865.290     4865.300     4865.480     4865.700     4866.300
   490:     4866.590     4866.790     4889.290     4889.530     4891.040
   495:     4891.080     4891.180     4900.530     4900.710     4904.270
   500:     4905.100     4905.190     4905.220     4905.320     4905.980
   505:     4908.000     4911.110     4913.270     4913.620     4914.550
   510:     4915.340     4915.770     4915.940     4915.980     4916.060
   515:     4916.110     4929.180     4966.000     4990.430     5004.910
   520:     5006.240     5007.980     5010.230     5010.300     5013.140
   525:     5013.920     5046.450     5050.640     5091.310     5092.360
   530:     5092.790     5111.470     5113.080     5116.190     5116.230
   535:     5118.010     5119.840     5120.720     5121.380     5153.790
   540:     5155.300     5162.810     5163.230     5181.300     5186.600
   545:     5186.640     5186.770     5189.650     5194.810     5194.840
   550:     5206.790     5207.570     5216.690     5220.260     5220.290
   555:     5220.920     5230.220     5232.050     5266.450     5403.340
   560:     5403.830     5420.010     5441.050     5455.780     5531.620
   565:     5549.180     5552.390     5561.780     5563.400     5563.470
   570:     5579.540     5600.050     5600.580     5600.710     5600.890
   575:     5615.600     5615.610     5616.090     5616.280     5616.850
   580:     5616.920     5617.050     5617.140     5636.760     5636.900
   585:     5678.920     5689.840     5777.100     5777.440     5828.900
   590:     5829.490     5829.510     5830.320     5846.210     5850.360
   595:     5875.900     5885.670     5886.660     5894.280     5894.450
   600:     5895.090     5905.440     5906.400     5906.570     5906.610
   605:     5926.270     5933.290     5933.330     5933.390     5936.850
   610:     5937.520     5939.170     5940.190     5943.240     5943.780
   615:     5996.980     5997.250     6022.830     6052.110     6061.360
   620:     6071.220     6100.320     6100.320     6100.320     6100.330
   625:     6100.330     6100.330     6100.330     6100.330     6102.400
   630:     6104.330     6105.330     6105.330     6108.530     6108.770
   635:     6108.930     6109.730     6109.800     6110.040     6110.320
   640:     6116.010     6116.320     6117.520     6132.290     6132.820
   645:     6377.220     6386.420     6391.300     6391.440     6427.490
   650:     6435.010     6435.010     6435.010     6435.020     6435.020
   655:     6435.020     6435.020     6435.020     6437.000     6438.190
   660:     6439.020     6440.020     6440.020     6444.610     6445.010
   665:     6449.990     6449.990     6449.990     6450.000     6450.000
   670:     6450.000     6450.000     6450.000     6451.570     6451.570
   675:     6454.000     6455.000     6455.000     6459.990     6460.820
   680:     6463.130     6463.220     6464.460     6470.950     6477.270
   685:     6477.270     6477.270     6477.280     6477.280     6477.280
   690:     6477.280     6477.280     6478.910     6478.910     6481.280
   695:     6482.280     6482.280     6487.270     6488.500     6492.690
   700:     6495.030     6495.090     6495.740     6497.690     6497.710
   705:     6497.730     6498.900     6499.040     6501.090     6507.340
   710:     6526.350     6527.980     6559.060     6571.830     6571.830
   715:     6571.830     6571.840     6571.840     6571.840     6571.840
   720:     6571.840     6575.840     6576.010     6576.840     6576.840
   725:     6578.250     6580.800     6581.830     6584.570     7074.950
   730:     7078.730     7134.830     7142.580     7153.470     7153.630
   735:     7158.980     7209.450     7316.290     7343.830     7364.080
   740:     7364.300     7364.310     7405.550     7406.670     7407.250
   745:     7434.250     7438.180     7496.310     7549.520     7549.810
   750:     7563.500     7570.230     7605.010     7676.670     7724.660
   755:     7724.720     7724.890     7745.930     7747.160     7777.540
   760:     7777.790     7791.040     7835.910     7876.120     7950.530
   765:     7951.040     7998.920     8020.770     8021.560     8028.600
   770:     8055.370     8056.130     8175.990     8176.320     8206.290
   775:     8206.880     8207.090     8207.120     8207.270     8217.850
   780:     8218.360     8218.650     8218.960     8222.570     8223.170
   785:     8223.960     8223.980     8224.330     8224.540     8245.880
   790:     8283.450     8285.480     8296.890     8297.690     8372.300
   795:     8433.110     8581.420     8581.670     8581.800     8599.940
   800:     8600.240     8601.910     8602.870     8744.350     8746.750
   805:     8748.410     8750.510     8750.680     8776.140     8776.750
   810:     8776.800     8776.840     8780.680     8813.500     8814.180
   815:     8821.810     8823.330     8827.320     8827.400     8828.680
   820:     8830.740     8831.870     8832.600     8833.340     8836.230
   825:     8850.610     8851.830     8874.140     8875.610     8904.080
   830:     8906.710     8908.980     8909.420     8909.910     8913.950
   835:     8914.160     8921.850     8922.380     8922.630     8922.690
   840:     8922.790     8925.650     8933.600     8933.900     8934.540
   845:     8934.640     8934.750     8940.250     8946.800     8963.410
   850:     8963.450     8963.570     8972.040     8973.740     8985.520
   855:     8985.760     8998.970     8999.030     8999.060     8999.740
   860:     8999.850     9004.260     9004.620     9005.190     9005.300
   865:     9005.700     9017.930     9024.590     9024.630     9024.680
   870:     9049.250     9049.280     9049.330     9049.400     9049.460
   875:     9049.480     9051.810     9052.640     9052.730     9052.790
   880:     9053.030     9056.790     9060.350     9063.190     9063.490
   885:     9063.650     9066.010     9066.040     9070.270     9070.300
   890:     9072.030     9085.750     9086.310     9089.740     9089.910
   895:     9089.920     9090.180     9097.630     9097.680     9097.700
   900:     9097.840     9098.000     9098.460     9098.680     9098.870
   905:     9098.980     9099.100     9099.180     9101.280     9106.460
   910:     9117.110     9123.620     9124.060     9124.590     9124.640
   915:     9124.750     9132.190     9132.340     9135.410     9135.640
   920:     9135.910     9136.180     9136.360     9149.830     9151.570
   925:     9151.880     9153.400     9153.590     9153.900     9154.240
   930:     9156.420     9175.680     9186.430     9186.700     9187.060
   935:     9189.640     9190.050     9190.270     9190.390     9190.990
   940:     9191.260     9191.410     9196.170     9196.330     9196.820
   945:     9200.270     9200.990     9201.680     9203.170     9204.110
   950:     9205.040     9223.710     9225.750     9226.130     9227.600
   955:     9227.680     9229.160     9233.190     9235.000     9236.990
   960:     9238.500     9242.210     9271.490     9273.230     9274.390
   965:     9274.420     9274.720     9275.830     9276.520     9276.620
   970:     9282.240     9293.110     9295.580     9296.070     9300.780
   975:     9302.790     9304.200     9327.150     9328.390     9328.480
   980:     9328.670     9358.790     9362.040     9368.510     9368.510
   985:     9368.510     9368.520     9368.520     9368.520     9368.520
   990:     9368.520     9370.550     9370.550     9372.520     9373.520
   995:     9373.520     9377.300     9378.510     9384.120     9388.970
  1000:     9389.000     9389.060     9557.780     9562.720     9562.990
  1005:     9563.220     9594.390     9598.450     9649.100     9657.970
  1010:     9663.240     9663.320     9663.460    10125.730    10127.750
  1015:    10129.630    10394.290    10398.830    10429.760    10434.660
  1020:    10435.030    10436.780    10529.910    10533.150    10534.750
  1025:    10570.400    10571.440    10586.960    10587.390    10601.030
  1030:    10601.180    10601.910    10602.440    10603.740    10603.870
  1035:    10605.540    10606.720    10608.530    10609.450    10609.680
  1040:    10610.140    10612.130    10613.540    10613.700    10614.110
  1045:    10645.560    10645.690    10646.480    10647.650    10650.170
  1050:    10650.920    10651.280    10693.830    10776.030    10783.800
  1055:    10800.010
