File: C:\MED-PC IV\DATA\!2025-08-19_11h33m.Subject T16



Start Date: 08/19/25
End Date: 08/19/25
Subject: T16
Experiment: OralFentSA
Group: One
Box: 4
Start Time: 11:33:32
End Time: 14:33:46
MSN: Golden_Liq_SelfAdmin_LIT
F:       0.000
G:     364.000
H:   10800.010
I:       0.000
J:       0.000
K:       0.000
L:       0.000
M:       0.000
N:       0.000
O:       0.000
P:       0.000
Q:       0.000
R:       0.000
S:       0.000
U:       0.000
V:       0.000
W:       0.000
X:       0.000
Y:       0.000
Z:       0.000
A:
     0:        0.000        0.000      180.000        4.000        0.000
     5:        5.000        0.000        5.000        0.000        0.000
    10:        1.000        0.000       10.000     1200.000       21.000
    15:        2.000      320.000        0.000        0.000        0.000
    20:        0.000
B:
     0:        0.000        0.000        0.000      400.000        0.000
     5:      500.000        0.000      500.000        0.000        0.000
    10:        0.000        0.000     1000.000   120000.000        0.000
    15:        0.000        0.000        0.000        0.000        0.000
    20:        0.000
C:
     0:       11.000       12.000        0.000        0.000      250.000
     5:    10775.490       19.170       11.000      499.970       45.452
    10:        0.000        0.000       11.000        0.000        0.000
    15:        0.000        0.000        0.000        0.000        0.000
    20:        0.000
D:
     0:      145.470       28.380       66.400      100.410       13.410
     5:       17.310       93.900        5.650        0.290        9.580
    10:       19.170
E:
     0:       19.000       11.000       26.000       27.000        6.000
     5:        6.000        6.000        6.000        6.000        6.000
    10:        6.000        6.000        6.000        6.000        6.000
    15:        6.000        6.000        6.000        6.000        6.000
    20:        6.000        6.000        6.000        6.000        6.000
    25:        6.000        6.000        6.000        6.000        6.000
    30:        6.000        6.000        6.000        6.000        6.000
    35:        6.000        6.000        6.000        6.000        6.000
    40:        6.000        6.000        6.000        6.000        6.000
    45:        6.000        6.000        6.000        6.000        6.000
    50:        6.000        6.000        6.000        6.000        6.000
    55:        6.000        6.000        6.000        6.000        6.000
    60:       25.000       24.000       13.000        8.000        5.000
    65:       17.000       18.000       14.000       10.000       19.000
    70:        6.000        6.000        6.000        6.000        6.000
    75:        6.000        6.000        6.000        6.000        6.000
    80:        6.000        6.000        6.000        6.000        6.000
    85:        6.000        6.000        6.000        6.000        6.000
    90:        6.000        6.000        6.000        6.000        6.000
    95:       25.000       24.000       13.000        8.000        5.000
   100:       17.000       18.000       14.000       10.000       19.000
   105:        6.000        6.000        6.000        6.000        6.000
   110:        6.000        6.000        6.000        6.000        6.000
   115:        6.000        6.000        6.000        6.000        6.000
   120:        6.000        6.000        6.000        6.000        6.000
   125:        6.000        6.000        6.000        6.000        6.000
   130:        6.000        6.000       25.000       24.000       13.000
   135:        8.000        5.000       17.000       18.000       14.000
   140:       10.000       19.000        6.000        6.000        6.000
   145:        6.000        6.000        6.000        6.000        6.000
   150:        6.000        6.000        6.000        6.000        6.000
   155:        6.000        6.000        6.000        6.000        6.000
   160:        6.000        6.000       25.000       24.000       13.000
   165:        8.000        5.000       17.000       18.000       14.000
   170:       10.000       19.000        6.000        6.000        6.000
   175:        6.000        6.000        6.000        6.000        6.000
   180:        6.000        6.000        6.000        6.000        6.000
   185:        6.000        6.000        6.000        6.000        6.000
   190:        6.000        6.000        6.000       25.000       24.000
   195:       13.000        8.000        5.000       17.000       18.000
   200:       14.000       10.000       19.000        6.000        6.000
   205:        6.000        6.000        6.000        6.000        6.000
   210:        6.000        6.000        6.000        6.000        6.000
   215:        6.000        6.000        6.000        6.000        6.000
   220:        6.000        6.000       25.000       24.000       13.000
   225:        8.000        5.000       17.000       18.000       14.000
   230:       10.000       19.000        6.000        6.000        6.000
   235:        6.000        6.000        6.000        6.000        6.000
   240:        6.000        6.000        6.000        6.000        6.000
   245:        6.000        6.000        6.000        6.000        6.000
   250:       25.000       24.000       13.000        8.000        5.000
   255:       17.000       18.000       14.000       10.000       19.000
   260:        6.000        6.000        6.000        6.000        6.000
   265:        6.000        6.000        6.000        6.000        6.000
   270:        6.000        6.000        6.000        6.000        6.000
   275:        6.000        6.000        6.000        6.000        6.000
   280:        6.000        6.000        6.000        6.000        6.000
   285:        6.000        6.000        6.000        6.000        6.000
   290:        6.000        6.000        6.000        6.000        6.000
   295:       25.000       24.000       13.000        8.000        5.000
   300:       17.000       18.000       14.000       10.000        6.000
   305:        6.000       19.000        6.000        6.000        6.000
   310:        6.000        6.000        6.000        6.000        6.000
   315:        6.000        6.000        6.000        6.000        6.000
   320:        6.000        6.000        6.000        6.000        6.000
   325:        6.000        6.000       30.000       24.000       13.000
   330:        8.000        5.000       17.000        6.000       18.000
   335:       14.000       10.000       19.000        6.000        6.000
   340:       30.000       24.000       13.000        8.000        5.000
   345:       17.000       18.000       14.000       10.000        6.000
   350:       19.000        6.000        6.000       30.000       24.000
   355:       13.000        8.000        5.000       17.000       18.000
   360:       14.000       10.000       19.000        6.000      100.000
T:
     0:        0.000        0.000        0.000        0.000       32.710
     5:       32.940       50.950       52.360       57.150       78.450
    10:       78.640      107.250      175.900      177.970      178.280
    15:      178.560      178.820      180.600      180.710      180.840
    20:      180.880      181.730      182.520      182.650      182.690
    25:      182.730      182.810      183.880      184.040      185.550
    30:      187.130      187.760      188.260      206.490      212.250
    35:      214.500      243.710      244.700      245.070      283.730
    40:      306.540      391.150      447.290      470.960      473.070
    45:      474.380      474.580      474.660      494.790      495.940
    50:      499.040      499.870      622.570      693.700      693.820
    55:      994.710     1041.860     1079.330     1116.360     1190.320
    60:     1199.990     1200.000     1200.000     1200.000     1200.000
    65:     1200.000     1204.000     1205.000     1205.000     1209.990
    70:     1345.470     1345.890     1367.290     1373.070     1373.240
    75:     1423.200     1424.100     1745.100     1745.650     1855.780
    80:     1904.840     1970.450     1970.750     1987.940     1988.270
    85:     2075.840     2134.030     2208.550     2209.190     2237.330
    90:     2247.760     2347.750     2347.850     2381.880     2398.570
    95:     2409.990     2410.000     2410.000     2410.000     2410.000
   100:     2410.000     2414.000     2415.000     2415.000     2419.990
   105:     2438.380     2536.240     2607.480     2618.480     2629.000
   110:     2650.930     2734.990     2737.110     2766.650     2819.830
   115:     2820.680     2837.840     2893.960     2894.540     2990.750
   120:     2990.910     2991.260     3054.370     3055.060     3055.320
   125:     3286.530     3301.030     3301.470     3317.330     3474.500
   130:     3618.400     3618.680     3619.990     3620.000     3620.000
   135:     3620.000     3620.000     3620.000     3624.000     3625.000
   140:     3625.000     3629.990     3686.400     3722.680     3750.390
   145:     3790.290     3910.790     3934.330     4027.720     4054.400
   150:     4070.650     4120.770     4123.860     4145.050     4145.700
   155:     4168.170     4201.190     4201.370     4437.500     4500.460
   160:     4554.140     4641.790     4829.990     4830.000     4830.000
   165:     4830.000     4830.000     4830.000     4834.000     4835.000
   170:     4835.000     4839.990     4930.410     4952.710     4953.620
   175:     4957.470     4983.860     4984.850     5009.050     5054.160
   180:     5122.390     5155.740     5155.870     5363.840     5410.690
   185:     5410.750     5410.830     5520.670     5651.840     5701.910
   190:     5742.410     5762.060     5785.620     6039.990     6040.000
   195:     6040.000     6040.000     6040.000     6040.000     6044.000
   200:     6045.000     6045.000     6049.990     6053.410     6390.100
   205:     6414.800     6462.420     6474.160     6493.840     6504.410
   210:     6528.390     6568.270     6600.100     6619.010     6639.400
   215:     6640.460     6649.210     6855.830     6881.380     7106.010
   220:     7144.380     7176.870     7249.990     7250.000     7250.000
   225:     7250.000     7250.000     7250.000     7254.000     7255.000
   230:     7255.000     7259.990     7267.310     7267.400     7621.720
   235:     7669.840     7741.880     7861.600     7862.030     7881.060
   240:     7882.450     7902.420     8065.950     8295.600     8384.150
   245:     8385.200     8386.040     8386.870     8456.850     8457.100
   250:     8459.990     8460.000     8460.000     8460.000     8460.000
   255:     8460.000     8464.000     8465.000     8465.000     8469.990
   260:     8553.900     8555.030     8557.100     8557.320     8557.600
   265:     8563.370     8575.830     8577.340     8685.010     8686.560
   270:     8770.910     8791.300     8791.770     8901.820     8909.130
   275:     8909.320     8971.840     8976.640     8994.760     8996.340
   280:     9041.380     9042.370     9042.880     9411.810     9495.730
   285:     9514.140     9514.970     9518.840     9535.580     9537.030
   290:     9537.860     9567.500     9568.120     9568.710     9611.180
   295:     9669.990     9670.000     9670.000     9670.000     9670.000
   300:     9670.000     9674.000     9675.000     9675.000     9675.650
   305:     9677.680     9679.990     9683.070     9689.190     9689.960
   310:     9709.330     9709.960     9713.100     9743.790     9751.030
   315:     9758.800     9761.490     9762.900     9765.860     9771.160
   320:     9772.090     9850.800     9851.710     9898.430    10480.160
   325:    10480.370    10644.060    10700.860    10700.860    10700.860
   330:    10700.860    10700.860    10700.860    10701.150    10704.860
   335:    10705.860    10705.860    10710.850    10720.630    10720.810
   340:    10724.620    10724.620    10724.620    10724.620    10724.620
   345:    10724.620    10728.620    10729.620    10729.620    10734.200
   350:    10734.610    10736.300    10758.860    10775.490    10775.490
   355:    10775.490    10775.490    10775.490    10775.490    10779.490
   360:    10780.490    10780.490    10785.480    10794.660    10800.010
