File: C:\MED-PC IV\DATA\!2025-05-15_09h48m.Subject T4



Start Date: 05/15/25
End Date: 05/15/25
Subject: T4
Experiment: OralFentSA
Group: One
Box: 4
Start Time:  9:48:33
End Time: 12:48:43
MSN: Golden_Liq_SelfAdmin
F:       0.000
G:     483.000
H:   10800.010
I:       0.000
J:       0.000
K:       0.000
L:       0.000
M:       0.000
N:       0.000
O:       0.000
P:       0.000
Q:       0.000
R:       0.000
S:       0.000
U:       0.000
V:       0.000
W:       0.000
X:       0.000
Y:       0.000
Z:       0.000
A:
     0:        0.000        0.000      180.000        4.000        0.000
     5:        5.000        0.000        5.000        0.000        0.000
    10:        1.000        0.000       10.000     1800.000       19.000
    15:        3.000      640.000        0.000        0.000        0.000
    20:        0.000
B:
     0:        0.000        0.000        0.000      400.000        0.000
     5:      500.000        0.000      500.000        0.000        0.000
    10:        0.000        0.000     1000.000   180000.000        0.000
    15:        0.000        0.000        0.000        0.000        0.000
    20:        0.000
C:
     0:       16.000       17.000        0.000        2.000      282.000
     5:     9505.340        4.350       12.000      506.930       42.244
    10:        2.000        1.000       14.000        0.000        0.000
    15:        0.000        0.000        0.000        0.000        0.000
    20:        0.000
D:
     0:       34.700       83.590        3.170        7.570        4.320
     5:        0.750        5.380        5.650        1.360      339.270
    10:       16.820        4.350
E:
     0:       19.000       11.000       26.000       27.000        6.000
     5:        6.000        6.000        6.000        6.000        6.000
    10:        6.000        6.000        6.000        6.000        6.000
    15:        6.000        6.000        6.000        6.000        6.000
    20:        6.000        6.000        6.000        6.000        6.000
    25:        6.000        6.000        6.000        6.000        6.000
    30:        6.000        6.000        6.000        6.000        6.000
    35:        6.000        6.000        6.000        2.000        4.000
    40:       22.000       24.000       12.000       13.000        8.000
    45:        5.000       17.000       18.000       14.000       10.000
    50:       19.000       11.000        6.000        6.000        6.000
    55:        6.000        6.000        6.000        6.000        6.000
    60:        6.000        6.000        6.000        6.000        6.000
    65:        6.000        6.000        6.000        6.000        6.000
    70:        6.000        6.000        6.000        6.000        6.000
    75:        6.000        6.000        6.000        6.000        6.000
    80:        6.000        6.000        6.000        6.000        6.000
    85:        6.000        6.000        6.000        6.000        6.000
    90:        6.000        6.000        6.000        6.000        6.000
    95:        6.000        6.000        6.000        6.000        6.000
   100:        6.000        6.000        6.000        6.000        6.000
   105:        6.000        6.000        6.000        6.000        6.000
   110:        6.000        6.000        6.000        6.000        6.000
   115:        6.000        6.000        6.000        6.000        6.000
   120:        6.000        6.000        6.000       25.000       24.000
   125:       12.000       13.000        8.000        5.000       17.000
   130:       18.000       14.000       10.000       19.000       11.000
   135:        6.000        6.000        6.000        6.000        6.000
   140:        6.000        6.000        6.000        6.000        6.000
   145:        6.000        6.000        6.000        6.000        6.000
   150:        6.000        6.000        6.000        6.000        6.000
   155:        6.000        6.000        6.000        6.000        6.000
   160:        6.000        6.000        6.000        6.000        6.000
   165:        6.000        6.000        6.000        6.000        6.000
   170:        6.000        6.000        6.000        6.000        6.000
   175:        6.000        6.000        6.000        6.000        6.000
   180:        6.000        6.000        6.000        6.000        6.000
   185:        6.000        6.000        6.000        6.000        6.000
   190:        6.000        6.000        6.000        6.000        6.000
   195:        6.000        6.000        6.000        6.000       25.000
   200:       24.000       12.000       13.000        8.000        5.000
   205:       17.000        6.000       18.000       14.000       10.000
   210:       19.000       11.000        6.000        6.000        6.000
   215:        6.000        6.000        6.000        6.000        6.000
   220:        6.000        6.000        6.000        6.000        6.000
   225:        6.000        6.000        6.000        6.000        6.000
   230:        6.000        6.000        6.000        6.000        6.000
   235:        2.000        4.000       22.000       24.000       12.000
   240:       13.000        8.000        5.000       17.000       18.000
   245:       14.000       10.000        6.000       19.000       11.000
   250:        6.000        6.000        6.000        6.000        6.000
   255:        6.000        6.000        6.000        6.000        6.000
   260:        6.000        6.000        6.000        6.000        6.000
   265:        6.000        6.000        6.000        6.000        6.000
   270:        6.000        6.000        6.000        6.000        6.000
   275:        6.000       25.000       24.000       12.000       13.000
   280:        8.000        5.000       17.000       18.000        6.000
   285:       14.000       10.000       19.000       11.000       30.000
   290:       24.000       12.000       13.000        8.000        5.000
   295:       17.000       18.000       14.000       10.000       19.000
   300:       11.000       30.000       24.000       12.000       13.000
   305:        8.000        5.000       17.000        6.000        6.000
   310:        6.000        6.000        6.000        6.000        6.000
   315:        6.000        6.000        6.000        6.000        6.000
   320:        6.000       18.000       14.000       10.000       19.000
   325:       11.000       30.000       24.000       12.000       13.000
   330:        8.000        5.000       17.000       18.000       14.000
   335:       10.000        6.000       19.000       11.000       30.000
   340:       24.000       12.000       13.000        8.000        5.000
   345:       17.000       18.000       14.000       10.000       19.000
   350:       11.000       30.000       24.000       12.000       13.000
   355:        8.000        5.000       17.000       18.000       14.000
   360:       10.000        6.000        6.000        6.000       19.000
   365:       11.000        6.000       30.000       24.000       12.000
   370:       13.000        8.000        5.000       17.000        6.000
   375:        6.000       18.000       14.000       10.000       19.000
   380:       11.000        6.000        6.000        6.000        6.000
   385:       30.000       24.000       12.000       13.000        8.000
   390:        5.000       17.000       18.000       14.000       10.000
   395:       19.000       11.000       30.000       24.000       12.000
   400:       13.000        8.000        5.000       17.000       18.000
   405:       14.000       10.000       19.000       11.000       30.000
   410:       24.000       12.000       13.000        8.000        5.000
   415:       17.000       18.000       14.000       10.000       19.000
   420:       11.000        6.000        6.000        6.000       25.000
   425:       24.000       12.000       13.000        8.000        5.000
   430:       17.000       18.000       14.000       10.000       19.000
   435:       11.000        6.000       23.000        6.000        6.000
   440:        6.000        6.000        6.000        6.000        6.000
   445:        6.000        6.000        6.000        6.000        6.000
   450:        6.000        6.000        6.000        6.000        6.000
   455:        6.000        6.000        6.000        6.000        6.000
   460:        6.000        6.000       25.000       24.000       12.000
   465:       13.000        8.000        5.000       17.000       18.000
   470:        6.000        6.000       14.000       10.000        6.000
   475:        6.000        6.000       19.000       11.000        6.000
   480:        6.000        6.000        6.000      100.000
T:
     0:        0.000        0.000        0.000        0.000       24.230
     5:       25.010       25.460       46.270       46.470       53.270
    10:       53.970      105.090      105.340      164.580      164.970
    15:      167.860      199.860      200.050      200.090      200.230
    20:      211.220      212.500      214.390      215.370      215.470
    25:      219.560      219.650      219.690      219.730      221.200
    30:      221.240      222.320      222.560      222.660      222.730
    35:      222.930      223.010      224.410      226.820      226.820
    40:      226.820      226.830      226.830      226.830      226.830
    45:      226.830      226.830      230.830      231.830      231.830
    50:      236.820      236.830      261.530      261.660      268.000
    55:      278.180      278.580      280.290      281.860      284.680
    60:      300.640      433.920      434.620      435.810      436.010
    65:      456.160      456.330      486.770      506.950      649.820
    70:      649.920      650.470      653.360      654.050      766.080
    75:      766.690      869.230      869.640      882.960      883.320
    80:     1030.480     1040.110     1040.710     1065.430     1065.520
    85:     1066.780     1071.450     1072.120     1072.540     1075.850
    90:     1090.350     1095.940     1097.490     1097.750     1097.790
    95:     1098.070     1098.160     1098.360     1099.240     1115.510
   100:     1115.640     1117.020     1125.360     1129.980     1130.630
   105:     1131.300     1131.410     1131.450     1132.910     1133.690
   110:     1148.050     1149.890     1160.860     1162.110     1546.570
   115:     1547.780     1558.510     1637.280     1637.710     1677.870
   120:     1678.200     1712.270     2014.920     2036.820     2036.830
   125:     2036.830     2036.830     2036.830     2036.830     2036.830
   130:     2040.830     2041.830     2041.830     2046.820     2046.830
   135:     2120.420     2127.650     2138.470     2158.280     2171.050
   140:     2171.310     2214.060     2413.490     2551.310     2570.820
   145:     2645.740     2646.150     2646.560     2646.960     2647.270
   150:     2717.720     2806.580     2807.000     2854.080     2880.320
   155:     2971.730     2971.980     2976.010     2985.010     2985.450
   160:     2985.860     2986.200     2989.340     3011.870     3072.490
   165:     3073.020     3075.100     3075.490     3140.860     3141.290
   170:     3141.830     3182.520     3186.170     3236.590     3236.670
   175:     3236.820     3237.090     3634.650     3636.420     3637.720
   180:     3637.760     3639.640     3684.400     3698.390     3699.210
   185:     3699.400     3708.460     3708.470     3710.610     3710.740
   190:     3711.140     3711.370     3713.800     3715.590     3716.510
   195:     3716.630     3718.710     3719.130     3753.330     3846.820
   200:     3846.830     3846.830     3846.830     3846.830     3846.830
   205:     3846.830     3850.000     3850.830     3851.830     3851.830
   210:     3856.820     3856.830     3871.640     3905.440     3905.940
   215:     3910.660     3911.100     3912.470     3915.830     3916.990
   220:     3917.550     3918.230     3919.510     3919.710     3926.010
   225:     3926.690     3941.380     3944.190     3961.620     3967.150
   230:     3967.630     3971.690     4027.760     4063.330     4066.020
   235:     4075.330     4075.330     4075.330     4075.340     4075.340
   240:     4075.340     4075.340     4075.340     4075.340     4079.340
   245:     4080.340     4080.340     4082.910     4085.330     4085.340
   250:     4088.700     4089.080     4089.200     4090.280     4091.440
   255:     4091.860     4106.970     4107.100     4107.220     4108.030
   260:     4108.290     4110.720     4111.040     4111.200     4111.290
   265:     4111.350     4115.180     4560.980     4615.240     4615.390
   270:     4615.500     4689.150     4689.160     5656.600     5656.800
   275:     5855.020     5885.330     5885.340     5885.340     5885.340
   280:     5885.340     5885.340     5885.340     5889.340     5889.660
   285:     5890.340     5890.340     5895.330     5895.340     5899.180
   290:     5899.180     5899.180     5899.180     5899.180     5899.180
   295:     5899.180     5903.180     5904.180     5904.180     5909.170
   300:     5909.180     5934.040     5934.040     5934.040     5934.040
   305:     5934.040     5934.040     5934.040     5934.790     5935.160
   310:     5935.580     5935.670     5935.760     5935.860     5936.010
   315:     5936.540     5936.620     5936.710     5936.760     5936.820
   320:     5937.450     5938.040     5939.040     5939.040     5944.030
   325:     5944.040     5952.950     5952.950     5952.950     5952.950
   330:     5952.950     5952.950     5952.950     5956.950     5957.950
   335:     5957.950     5958.330     5962.940     5962.950     5966.110
   340:     5966.110     5966.110     5966.110     5966.110     5966.110
   345:     5966.110     5970.110     5971.110     5971.110     5976.100
   350:     5976.110     5979.950     5979.950     5979.950     5979.950
   355:     5979.950     5979.950     5979.950     5983.950     5984.950
   360:     5984.950     5985.600     5985.820     5986.090     5989.940
   365:     5989.950     5991.670     6083.620     6083.620     6083.620
   370:     6083.620     6083.620     6083.620     6083.620     6084.980
   375:     6085.890     6087.620     6088.620     6088.620     6093.610
   380:     6093.620     6159.240     6162.220     6163.300     6163.350
   385:     6185.720     6185.720     6185.720     6185.720     6185.720
   390:     6185.720     6185.720     6189.720     6190.720     6190.720
   395:     6195.710     6195.720     6520.890     6520.890     6520.890
   400:     6520.890     6520.890     6520.890     6520.890     6524.890
   405:     6525.890     6525.890     6530.880     6530.890     6533.710
   410:     6533.710     6533.710     6533.710     6533.710     6533.710
   415:     6533.710     6537.710     6538.710     6538.710     6543.700
   420:     6543.710     6872.980     6873.970     6874.300     7695.330
   425:     7695.340     7695.340     7695.340     7695.340     7695.340
   430:     7695.340     7699.340     7700.340     7700.340     7705.330
   435:     7705.340     7712.160     7740.970     7760.910     7761.210
   440:     7798.960     7822.350     7834.900     7836.360     7836.390
   445:     7838.960     7839.030     7839.360     8096.450     8157.090
   450:     8167.790     8168.820     8170.370     8249.360     8274.270
   455:     8274.660     8274.810     8692.700     8751.520     9417.700
   460:     9420.880     9468.520     9505.330     9505.340     9505.340
   465:     9505.340     9505.340     9505.340     9505.340     9509.340
   470:     9509.690     9509.830     9510.340     9510.340     9511.940
   475:     9512.610     9512.660     9515.330     9515.340     9525.640
   480:     9578.230     9578.710     9578.920    10800.010
