File: C:\MED-PC IV\DATA\!2025-08-21_11h55m.Subject T14



Start Date: 08/21/25
End Date: 08/21/25
Subject: T14
Experiment: OralFentSA
Group: One
Box: 2
Start Time: 11:55:56
End Time: 14:56:04
MSN: Golden_Liq_SelfAdmin_LIT
F:       0.000
G:    2965.000
H:   10800.010
I:       0.000
J:       0.000
K:       0.000
L:       0.000
M:       0.000
N:       0.000
O:       0.000
P:       0.000
Q:       0.000
R:       0.000
S:       0.000
U:       0.000
V:       0.000
W:       0.000
X:       0.000
Y:       0.000
Z:       0.000
A:
     0:        0.000        0.000      180.000        4.000        0.000
     5:        5.000        0.000        5.000        0.000        0.000
    10:        1.000        0.000       10.000     2400.000       21.000
    15:        4.000      320.000        0.000        0.000        0.000
    20:        0.000
B:
     0:        0.000        0.000        0.000      400.000        0.000
     5:      500.000        0.000      500.000        0.000        0.000
    10:        0.000        0.000     1000.000   240000.000        0.000
    15:        0.000        0.000        0.000        0.000        0.000
    20:        0.000
C:
     0:       17.000       14.000        0.000        0.000     2796.000
     5:     9630.000        3.210       16.000       12.800        0.800
    10:        0.000        2.000       18.000        0.000        0.000
    15:        0.000        0.000        0.000        0.000        0.000
    20:        0.000
D:
     0:        1.140        2.140        2.830        0.170        0.140
     5:        0.270        0.180        0.100        0.090        1.830
    10:        0.150        0.130        0.140        0.270        0.010
    15:        3.210
E:
     0:       19.000       11.000       26.000       27.000        6.000
     5:        6.000        6.000        6.000        6.000        6.000
    10:        6.000        6.000        6.000        6.000        6.000
    15:       23.000        6.000        6.000        6.000        6.000
    20:        6.000        6.000       23.000        6.000        6.000
    25:        6.000        6.000        6.000        6.000        6.000
    30:        6.000        6.000        6.000        6.000        6.000
    35:        6.000        6.000        6.000        6.000        6.000
    40:        6.000        6.000        6.000        6.000        6.000
    45:        6.000        6.000        6.000        6.000        6.000
    50:        6.000        6.000        6.000        6.000        6.000
    55:        6.000        6.000        6.000        6.000        6.000
    60:        6.000        6.000        6.000        6.000        6.000
    65:        6.000        6.000        6.000        6.000        6.000
    70:        6.000        6.000        6.000        6.000        6.000
    75:        6.000        6.000        6.000        6.000        6.000
    80:        6.000        6.000        6.000        6.000        6.000
    85:        6.000        6.000        6.000        6.000        6.000
    90:        6.000        6.000        6.000        6.000        6.000
    95:        6.000        6.000        6.000        6.000        6.000
   100:        6.000        6.000        6.000        6.000        6.000
   105:        6.000        6.000        6.000        6.000        6.000
   110:        6.000        6.000        6.000        6.000        6.000
   115:        6.000        6.000        6.000        6.000        6.000
   120:        6.000        6.000        6.000        6.000        6.000
   125:        6.000        6.000        6.000        6.000        6.000
   130:        6.000        6.000        6.000        6.000        6.000
   135:        6.000        6.000        6.000        6.000        6.000
   140:        6.000        6.000        6.000        6.000        6.000
   145:        6.000        6.000        6.000        6.000        6.000
   150:        6.000        6.000        6.000        6.000        6.000
   155:        6.000        6.000        6.000        6.000        6.000
   160:        6.000        6.000        6.000        6.000        6.000
   165:        6.000        6.000        6.000        6.000        6.000
   170:        6.000        6.000        6.000        6.000        6.000
   175:        6.000        6.000        6.000        6.000        6.000
   180:        6.000        6.000        6.000        6.000        6.000
   185:        6.000        6.000        6.000        6.000        6.000
   190:        6.000        6.000        6.000        6.000        6.000
   195:        6.000        6.000        6.000        6.000        6.000
   200:        6.000        6.000        6.000        6.000        6.000
   205:        6.000        6.000        6.000        6.000        6.000
   210:        6.000        6.000        6.000        6.000        6.000
   215:        6.000        6.000        6.000        6.000        6.000
   220:        6.000        6.000        6.000        6.000        6.000
   225:        6.000        6.000        6.000        6.000        6.000
   230:        6.000        6.000        6.000        6.000        6.000
   235:        6.000        6.000        6.000        6.000        6.000
   240:        6.000        6.000        6.000        6.000        6.000
   245:        6.000        6.000        6.000        6.000        6.000
   250:        6.000        6.000        6.000        6.000        6.000
   255:        6.000        6.000        6.000        6.000        6.000
   260:        6.000        6.000        6.000        6.000        6.000
   265:        6.000        6.000        6.000        6.000        6.000
   270:        6.000        6.000        6.000        6.000        6.000
   275:        6.000        6.000        6.000        6.000        6.000
   280:        6.000        6.000        6.000        6.000        6.000
   285:        6.000        6.000        6.000        6.000        6.000
   290:        6.000        6.000        6.000        6.000        6.000
   295:        6.000        6.000        6.000        6.000        6.000
   300:        6.000        6.000        6.000        6.000        6.000
   305:        6.000        6.000        6.000        6.000        6.000
   310:        6.000        6.000        6.000        6.000        6.000
   315:        6.000        6.000        6.000        6.000        6.000
   320:        6.000        6.000        6.000        6.000        6.000
   325:        6.000        6.000        6.000        6.000        6.000
   330:        6.000        6.000        6.000        6.000        6.000
   335:        6.000        6.000        6.000        6.000        6.000
   340:        6.000        6.000        6.000        6.000        6.000
   345:        6.000        6.000        6.000        6.000        6.000
   350:        6.000        6.000        6.000        6.000        6.000
   355:        6.000        6.000        6.000        6.000        6.000
   360:        6.000        6.000        6.000        6.000        6.000
   365:        6.000        6.000        6.000        6.000        6.000
   370:        6.000        6.000        6.000        6.000        6.000
   375:        6.000        6.000        6.000        6.000        6.000
   380:        6.000        6.000        6.000        6.000        6.000
   385:        6.000        6.000        6.000        6.000        6.000
   390:        6.000        6.000        6.000        6.000        6.000
   395:        6.000        6.000        6.000        6.000        6.000
   400:        6.000        6.000        6.000        6.000        6.000
   405:        6.000        6.000        6.000        6.000        6.000
   410:        6.000        6.000        6.000        6.000        6.000
   415:       25.000       24.000       13.000        8.000        5.000
   420:       17.000        6.000       18.000       14.000       10.000
   425:        6.000       19.000        6.000        6.000        6.000
   430:        6.000        6.000        6.000        6.000        6.000
   435:        6.000        6.000        6.000        6.000        6.000
   440:        6.000        6.000        6.000        6.000        6.000
   445:        6.000        6.000        6.000        6.000        6.000
   450:        6.000        6.000        6.000        6.000        6.000
   455:        6.000        6.000        6.000        6.000        6.000
   460:        6.000        6.000        6.000        6.000        6.000
   465:        6.000        6.000        6.000        6.000        6.000
   470:        6.000        6.000        6.000        6.000        6.000
   475:        6.000        6.000        6.000        6.000        6.000
   480:        6.000        6.000        6.000        6.000        6.000
   485:        6.000        6.000        6.000        6.000        6.000
   490:        6.000        6.000        6.000        6.000        6.000
   495:        6.000        6.000        6.000        6.000        6.000
   500:        6.000        6.000        6.000        6.000        6.000
   505:        6.000        6.000        6.000        6.000        6.000
   510:        6.000        6.000        6.000        6.000        6.000
   515:        6.000        6.000        6.000        6.000        6.000
   520:        6.000        6.000        6.000        6.000        6.000
   525:        6.000        6.000        6.000        6.000        6.000
   530:        6.000        6.000        6.000        6.000        6.000
   535:        6.000        6.000        6.000        6.000        6.000
   540:        6.000        6.000        6.000        6.000        6.000
   545:        6.000        6.000        6.000        6.000        6.000
   550:        6.000        6.000        6.000        6.000        6.000
   555:        6.000        6.000        6.000        6.000        6.000
   560:        6.000        6.000        6.000        6.000        6.000
   565:        6.000        6.000        6.000        6.000        6.000
   570:        6.000        6.000        6.000        6.000        6.000
   575:        6.000        6.000        6.000        6.000        6.000
   580:        6.000        6.000        6.000        6.000        6.000
   585:        6.000        6.000        6.000        6.000        6.000
   590:        6.000        6.000        6.000        6.000        6.000
   595:        6.000        6.000        6.000        6.000        6.000
   600:        6.000        6.000        6.000        6.000        6.000
   605:        6.000        6.000        6.000        6.000        6.000
   610:        6.000        6.000        6.000        6.000        6.000
   615:        6.000        6.000        6.000        6.000        6.000
   620:        6.000        6.000        6.000        6.000        6.000
   625:        6.000        6.000        6.000        6.000        6.000
   630:        6.000        6.000        6.000        6.000        6.000
   635:        6.000        6.000        6.000        6.000        6.000
   640:        6.000        6.000        6.000        6.000        6.000
   645:        6.000        6.000        6.000        6.000        6.000
   650:        6.000        6.000        6.000        6.000        6.000
   655:        6.000        6.000        6.000        6.000        6.000
   660:        6.000        6.000        6.000        6.000        6.000
   665:        6.000        6.000        6.000        6.000        6.000
   670:        6.000        6.000        6.000        6.000        6.000
   675:        6.000        6.000        6.000        6.000        6.000
   680:        6.000        6.000        6.000        6.000        6.000
   685:        6.000        6.000        6.000        6.000        6.000
   690:        6.000        6.000        6.000        6.000        6.000
   695:        6.000        6.000        6.000        6.000        6.000
   700:        6.000        6.000        6.000        6.000        6.000
   705:        6.000        6.000        6.000        6.000        6.000
   710:        6.000        6.000        6.000        6.000        6.000
   715:        6.000        6.000        6.000        6.000        6.000
   720:        6.000        6.000        6.000        6.000        6.000
   725:        6.000        6.000        6.000        6.000        6.000
   730:        6.000        6.000        6.000        6.000        6.000
   735:        6.000        6.000        6.000        6.000        6.000
   740:        6.000        6.000        6.000        6.000        6.000
   745:        6.000        6.000        6.000        6.000        6.000
   750:        6.000        6.000        6.000        6.000        6.000
   755:        6.000        6.000        6.000        6.000        6.000
   760:        6.000        6.000        6.000        6.000        6.000
   765:        6.000        6.000        6.000        6.000        6.000
   770:        6.000        6.000        6.000        6.000        6.000
   775:        6.000        6.000        6.000        6.000        6.000
   780:        6.000        6.000        6.000        6.000        6.000
   785:        6.000        6.000        6.000        6.000        6.000
   790:        6.000        6.000        6.000        6.000        6.000
   795:        6.000        6.000        6.000        6.000        6.000
   800:        6.000        6.000        6.000        6.000        6.000
   805:        6.000        6.000        6.000        6.000        6.000
   810:        6.000        6.000        6.000        6.000        6.000
   815:        6.000        6.000        6.000        6.000        6.000
   820:        6.000        6.000        6.000        6.000        6.000
   825:        6.000        6.000        6.000        6.000        6.000
   830:        6.000        6.000        6.000        6.000        6.000
   835:        6.000        6.000        6.000        6.000        6.000
   840:        6.000        6.000        6.000        6.000        6.000
   845:        6.000        6.000        6.000        6.000        6.000
   850:        6.000        6.000        6.000        6.000        6.000
   855:        6.000        6.000        6.000        6.000        6.000
   860:        6.000        6.000        6.000        6.000        6.000
   865:        6.000        6.000        6.000        6.000        6.000
   870:        6.000        6.000        6.000        6.000        6.000
   875:        6.000        6.000        6.000        6.000        6.000
   880:        6.000        6.000        6.000        6.000        6.000
   885:        6.000        6.000        6.000        6.000        6.000
   890:        6.000        6.000        6.000        6.000        6.000
   895:        6.000        6.000        6.000        6.000        6.000
   900:        6.000        6.000        6.000        6.000        6.000
   905:        6.000        6.000        6.000        6.000        6.000
   910:        6.000        6.000        6.000        6.000        6.000
   915:        6.000        6.000        6.000        6.000        6.000
   920:        6.000        6.000        6.000        6.000        6.000
   925:        6.000        6.000        6.000        6.000        6.000
   930:        6.000        6.000        6.000        6.000        6.000
   935:        6.000        6.000        6.000        6.000        6.000
   940:        6.000        6.000        6.000        6.000        6.000
   945:        6.000        6.000        6.000        6.000        6.000
   950:        6.000        6.000        6.000        6.000        6.000
   955:        6.000        6.000        6.000        6.000        6.000
   960:        6.000        6.000        6.000        6.000        6.000
   965:        6.000        6.000        6.000        6.000        6.000
   970:        6.000        6.000        6.000        6.000        6.000
   975:        6.000        6.000        6.000        6.000        6.000
   980:        6.000        6.000        6.000        6.000        6.000
   985:        6.000        6.000        6.000        6.000        6.000
   990:        6.000        6.000        6.000        6.000        6.000
   995:        6.000        6.000        6.000        6.000        6.000
  1000:        6.000        6.000        6.000        6.000        6.000
  1005:        6.000        6.000        6.000        6.000        6.000
  1010:        6.000        6.000        6.000        6.000        6.000
  1015:        6.000        6.000        6.000        6.000        6.000
  1020:        6.000        6.000        6.000        6.000        6.000
  1025:        6.000        6.000        6.000        6.000        6.000
  1030:        6.000        6.000        6.000        6.000        6.000
  1035:        6.000        6.000        6.000        6.000        6.000
  1040:        6.000        6.000        6.000        6.000        6.000
  1045:        6.000        6.000        6.000        6.000        6.000
  1050:        6.000        6.000        6.000        6.000        6.000
  1055:        6.000        6.000        6.000        6.000        6.000
  1060:        6.000        6.000        6.000        6.000        6.000
  1065:        6.000        6.000        6.000        6.000        6.000
  1070:        6.000        6.000        6.000        6.000        6.000
  1075:        6.000        6.000        6.000        6.000        6.000
  1080:        6.000        6.000        6.000        6.000        6.000
  1085:        6.000        6.000        6.000        6.000        6.000
  1090:        6.000        6.000        6.000        6.000        6.000
  1095:        6.000        6.000        6.000        6.000        6.000
  1100:        6.000        6.000        6.000        6.000        6.000
  1105:        6.000       25.000       24.000       13.000        8.000
  1110:        5.000       17.000        6.000       18.000       14.000
  1115:       10.000        6.000       19.000        6.000        6.000
  1120:        6.000        6.000        6.000        6.000        6.000
  1125:        6.000        6.000        6.000        6.000        6.000
  1130:        6.000        6.000        6.000        6.000        6.000
  1135:        6.000        6.000        6.000        6.000        6.000
  1140:        6.000        6.000        6.000        6.000        6.000
  1145:        6.000        6.000        6.000        6.000        6.000
  1150:        6.000        6.000        6.000        6.000        6.000
  1155:        6.000        6.000        6.000        6.000        6.000
  1160:        6.000        6.000        6.000        6.000        6.000
  1165:        6.000        6.000        6.000        6.000        6.000
  1170:        6.000        6.000        6.000        6.000        6.000
  1175:        6.000        6.000        6.000        6.000        6.000
  1180:        6.000        6.000        6.000        6.000        6.000
  1185:        6.000        6.000        6.000        6.000        6.000
  1190:        6.000        6.000        6.000        6.000        6.000
  1195:        6.000        6.000        6.000        6.000        6.000
  1200:        6.000        6.000        6.000        6.000        6.000
  1205:        6.000        6.000        6.000        6.000        6.000
  1210:        6.000        6.000        6.000        6.000        6.000
  1215:        6.000        6.000        6.000        6.000        6.000
  1220:        6.000        6.000        6.000        6.000        6.000
  1225:        6.000        6.000        6.000        6.000        6.000
  1230:        6.000        6.000        6.000        6.000        6.000
  1235:        6.000        6.000        6.000        6.000        6.000
  1240:        6.000        6.000        6.000        6.000        6.000
  1245:        6.000        6.000        6.000        6.000        6.000
  1250:        6.000        6.000        6.000        6.000        6.000
  1255:        6.000        6.000        6.000        6.000        6.000
  1260:        6.000        6.000        6.000        6.000        6.000
  1265:        6.000        6.000        6.000        6.000        6.000
  1270:        6.000        6.000        6.000        6.000        6.000
  1275:        6.000        6.000        6.000        6.000        6.000
  1280:        6.000        6.000        6.000        6.000        6.000
  1285:        6.000        6.000        6.000        6.000        6.000
  1290:        6.000        6.000        6.000        6.000        6.000
  1295:        6.000        6.000        6.000        6.000        6.000
  1300:        6.000        6.000        6.000        6.000        6.000
  1305:        6.000        6.000        6.000        6.000        6.000
  1310:        6.000        6.000        6.000        6.000        6.000
  1315:        6.000        6.000        6.000        6.000        6.000
  1320:        6.000        6.000        6.000        6.000        6.000
  1325:        6.000        6.000        6.000        6.000        6.000
  1330:        6.000        6.000        6.000        6.000        6.000
  1335:        6.000        6.000        6.000        6.000        6.000
  1340:        6.000        6.000        6.000        6.000        6.000
  1345:       30.000       24.000       13.000        8.000        5.000
  1350:       17.000        6.000       18.000       14.000       10.000
  1355:        6.000       19.000        6.000       30.000       24.000
  1360:       13.000        8.000        5.000       17.000        6.000
  1365:        6.000       18.000        6.000        6.000       14.000
  1370:       10.000        6.000        6.000       19.000       30.000
  1375:       24.000       13.000        8.000        5.000       17.000
  1380:        6.000        6.000        6.000       18.000       14.000
  1385:       10.000       30.000       13.000        8.000        5.000
  1390:       17.000        6.000       19.000       18.000        6.000
  1395:        6.000       14.000       10.000        6.000        6.000
  1400:        6.000        6.000        6.000        6.000        6.000
  1405:        6.000        6.000        6.000       30.000       24.000
  1410:       13.000        8.000        5.000       17.000        6.000
  1415:       18.000       14.000       10.000        6.000        6.000
  1420:       19.000        6.000        6.000        6.000        6.000
  1425:        6.000       30.000       24.000       13.000        8.000
  1430:        5.000       17.000        6.000        6.000       18.000
  1435:       14.000       10.000        6.000        6.000        6.000
  1440:        6.000       19.000        6.000       30.000       24.000
  1445:       13.000        8.000        5.000       17.000       18.000
  1450:       14.000       10.000       30.000       13.000        8.000
  1455:        5.000       17.000        6.000       19.000       18.000
  1460:        6.000        6.000       14.000       10.000        6.000
  1465:        6.000        6.000        6.000        6.000        6.000
  1470:       30.000       24.000       13.000        8.000        5.000
  1475:       17.000       30.000       18.000       14.000       10.000
  1480:        6.000        6.000        6.000       30.000       13.000
  1485:        8.000        5.000       17.000        6.000        6.000
  1490:       19.000        6.000        6.000       18.000       14.000
  1495:       10.000        6.000        6.000        6.000        6.000
  1500:        6.000        6.000        6.000        6.000       30.000
  1505:       24.000       13.000        8.000        5.000       17.000
  1510:        6.000        6.000        6.000       18.000       14.000
  1515:       10.000        6.000        6.000        6.000        6.000
  1520:       19.000       30.000       24.000       13.000        8.000
  1525:        5.000       17.000        6.000        6.000        6.000
  1530:       18.000       14.000       10.000       30.000       13.000
  1535:        8.000        5.000       17.000        6.000       19.000
  1540:       18.000       14.000       10.000        6.000        6.000
  1545:        6.000        6.000        6.000        6.000        6.000
  1550:        6.000        6.000        6.000        6.000        6.000
  1555:        6.000        6.000        6.000        6.000        6.000
  1560:        6.000        6.000        6.000        6.000        6.000
  1565:        6.000        6.000        6.000        6.000        6.000
  1570:        6.000        6.000        6.000        6.000        6.000
  1575:        6.000        6.000        6.000        6.000        6.000
  1580:        6.000        6.000        6.000        6.000        6.000
  1585:        6.000        6.000        6.000        6.000        6.000
  1590:        6.000        6.000        6.000        6.000        6.000
  1595:        6.000        6.000        6.000        6.000        6.000
  1600:        6.000        6.000        6.000        6.000        6.000
  1605:        6.000        6.000        6.000        6.000        6.000
  1610:        6.000        6.000        6.000        6.000        6.000
  1615:        6.000        6.000        6.000        6.000        6.000
  1620:        6.000        6.000        6.000        6.000        6.000
  1625:        6.000        6.000        6.000        6.000        6.000
  1630:        6.000        6.000        6.000        6.000        6.000
  1635:        6.000        6.000        6.000        6.000        6.000
  1640:        6.000        6.000        6.000        6.000        6.000
  1645:        6.000        6.000        6.000        6.000        6.000
  1650:        6.000        6.000        6.000        6.000        6.000
  1655:        6.000        6.000        6.000        6.000        6.000
  1660:        6.000        6.000        6.000        6.000        6.000
  1665:        6.000        6.000        6.000        6.000        6.000
  1670:        6.000        6.000        6.000        6.000        6.000
  1675:        6.000        6.000        6.000        6.000        6.000
  1680:        6.000        6.000        6.000        6.000        6.000
  1685:        6.000        6.000        6.000        6.000        6.000
  1690:        6.000        6.000        6.000        6.000        6.000
  1695:        6.000        6.000        6.000        6.000        6.000
  1700:        6.000        6.000        6.000        6.000        6.000
  1705:        6.000        6.000        6.000        6.000        6.000
  1710:        6.000        6.000        6.000        6.000        6.000
  1715:        6.000        6.000        6.000        6.000        6.000
  1720:        6.000        6.000        6.000        6.000        6.000
  1725:        6.000        6.000        6.000        6.000        6.000
  1730:        6.000        6.000        6.000        6.000        6.000
  1735:        6.000        6.000        6.000        6.000        6.000
  1740:        6.000        6.000        6.000        6.000        6.000
  1745:        6.000        6.000        6.000        6.000        6.000
  1750:        6.000        6.000        6.000        6.000        6.000
  1755:        6.000        6.000        6.000        6.000        6.000
  1760:        6.000        6.000        6.000        6.000        6.000
  1765:        6.000        6.000        6.000        6.000        6.000
  1770:        6.000        6.000        6.000        6.000        6.000
  1775:        6.000        6.000        6.000        6.000        6.000
  1780:        6.000        6.000        6.000        6.000        6.000
  1785:        6.000        6.000        6.000        6.000        6.000
  1790:        6.000        6.000        6.000        6.000        6.000
  1795:        6.000        6.000        6.000        6.000        6.000
  1800:        6.000        6.000        6.000        6.000        6.000
  1805:        6.000        6.000        6.000        6.000        6.000
  1810:        6.000        6.000        6.000        6.000        6.000
  1815:        6.000        6.000        6.000        6.000        6.000
  1820:        6.000        6.000        6.000        6.000        6.000
  1825:        6.000        6.000        6.000        6.000        6.000
  1830:        6.000        6.000        6.000        6.000        6.000
  1835:        6.000        6.000        6.000        6.000        6.000
  1840:        6.000        6.000        6.000        6.000        6.000
  1845:        6.000        6.000        6.000        6.000        6.000
  1850:        6.000        6.000        6.000        6.000        6.000
  1855:        6.000        6.000        6.000        6.000        6.000
  1860:        6.000        6.000        6.000        6.000        6.000
  1865:        6.000        6.000        6.000        6.000        6.000
  1870:        6.000        6.000        6.000        6.000        6.000
  1875:        6.000        6.000        6.000        6.000        6.000
  1880:        6.000        6.000        6.000        6.000        6.000
  1885:        6.000        6.000        6.000        6.000        6.000
  1890:        6.000        6.000        6.000        6.000        6.000
  1895:        6.000        6.000        6.000        6.000        6.000
  1900:        6.000        6.000        6.000        6.000        6.000
  1905:        6.000        6.000        6.000        6.000        6.000
  1910:        6.000        6.000        6.000        6.000        6.000
  1915:        6.000        6.000        6.000        6.000        6.000
  1920:        6.000        6.000        6.000        6.000        6.000
  1925:        6.000        6.000        6.000        6.000        6.000
  1930:        6.000        6.000        6.000        6.000        6.000
  1935:        6.000        6.000        6.000        6.000        6.000
  1940:        6.000        6.000        6.000        6.000        6.000
  1945:        6.000        6.000        6.000        6.000        6.000
  1950:        6.000        6.000        6.000        6.000        6.000
  1955:        6.000        6.000        6.000        6.000        6.000
  1960:        6.000        6.000        6.000        6.000        6.000
  1965:        6.000        6.000        6.000        6.000        6.000
  1970:        6.000        6.000        6.000        6.000        6.000
  1975:        6.000        6.000        6.000        6.000        6.000
  1980:        6.000        6.000        6.000        6.000        6.000
  1985:        6.000        6.000        6.000        6.000        6.000
  1990:        6.000        6.000        6.000        6.000        6.000
  1995:        6.000        6.000        6.000        6.000        6.000
  2000:        6.000        6.000        6.000        6.000        6.000
  2005:        6.000        6.000        6.000        6.000        6.000
  2010:        6.000        6.000        6.000        6.000        6.000
  2015:        6.000        6.000        6.000        6.000        6.000
  2020:        6.000        6.000        6.000        6.000        6.000
  2025:        6.000        6.000       25.000       24.000       13.000
  2030:        8.000        5.000       17.000        6.000        6.000
  2035:       18.000        6.000        6.000       14.000       10.000
  2040:        6.000        6.000        6.000       19.000        6.000
  2045:        6.000        6.000        6.000        6.000        6.000
  2050:        6.000        6.000        6.000        6.000        6.000
  2055:        6.000        6.000        6.000        6.000        6.000
  2060:        6.000        6.000        6.000        6.000        6.000
  2065:        6.000        6.000        6.000        6.000        6.000
  2070:        6.000        6.000        6.000        6.000        6.000
  2075:        6.000        6.000        6.000        6.000        6.000
  2080:        6.000        6.000        6.000        6.000        6.000
  2085:        6.000        6.000        6.000        6.000        6.000
  2090:        6.000        6.000        6.000        6.000        6.000
  2095:        6.000        6.000        6.000        6.000        6.000
  2100:        6.000        6.000        6.000        6.000        6.000
  2105:        6.000        6.000        6.000        6.000        6.000
  2110:        6.000        6.000        6.000        6.000        6.000
  2115:        6.000        6.000        6.000        6.000        6.000
  2120:        6.000        6.000        6.000        6.000        6.000
  2125:        6.000        6.000        6.000        6.000        6.000
  2130:        6.000        6.000        6.000        6.000        6.000
  2135:        6.000        6.000        6.000        6.000        6.000
  2140:        6.000        6.000        6.000        6.000        6.000
  2145:        6.000        6.000        6.000        6.000        6.000
  2150:        6.000        6.000        6.000        6.000        6.000
  2155:        6.000        6.000        6.000        6.000        6.000
  2160:        6.000        6.000        6.000        6.000        6.000
  2165:        6.000        6.000        6.000        6.000        6.000
  2170:        6.000        6.000        6.000        6.000        6.000
  2175:        6.000        6.000        6.000        6.000        6.000
  2180:        6.000        6.000        6.000        6.000        6.000
  2185:        6.000        6.000        6.000        6.000        6.000
  2190:        6.000        6.000        6.000        6.000        6.000
  2195:        6.000        6.000        6.000        6.000        6.000
  2200:        6.000        6.000        6.000        6.000        6.000
  2205:        6.000        6.000        6.000        6.000        6.000
  2210:        6.000        6.000        6.000        6.000        6.000
  2215:        6.000        6.000        6.000        6.000        6.000
  2220:        6.000        6.000        6.000        6.000        6.000
  2225:        6.000        6.000        6.000        6.000        6.000
  2230:        6.000        6.000        6.000        6.000        6.000
  2235:        6.000        6.000        6.000        6.000        6.000
  2240:        6.000        6.000        6.000        6.000        6.000
  2245:        6.000        6.000        6.000        6.000        6.000
  2250:        6.000        6.000        6.000        6.000        6.000
  2255:        6.000        6.000        6.000        6.000        6.000
  2260:        6.000        6.000        6.000        6.000        6.000
  2265:        6.000        6.000        6.000        6.000        6.000
  2270:        6.000        6.000        6.000        6.000        6.000
  2275:        6.000        6.000        6.000        6.000        6.000
  2280:        6.000        6.000        6.000        6.000        6.000
  2285:        6.000        6.000        6.000        6.000        6.000
  2290:        6.000        6.000        6.000        6.000        6.000
  2295:        6.000        6.000        6.000        6.000        6.000
  2300:        6.000        6.000        6.000        6.000        6.000
  2305:        6.000        6.000        6.000        6.000        6.000
  2310:        6.000        6.000        6.000        6.000        6.000
  2315:        6.000        6.000        6.000        6.000        6.000
  2320:        6.000        6.000        6.000        6.000        6.000
  2325:        6.000        6.000        6.000        6.000        6.000
  2330:        6.000        6.000        6.000        6.000        6.000
  2335:        6.000        6.000        6.000        6.000        6.000
  2340:        6.000        6.000        6.000        6.000        6.000
  2345:        6.000        6.000        6.000        6.000        6.000
  2350:        6.000        6.000        6.000        6.000        6.000
  2355:        6.000        6.000        6.000        6.000        6.000
  2360:        6.000        6.000        6.000        6.000        6.000
  2365:        6.000        6.000        6.000        6.000        6.000
  2370:        6.000        6.000        6.000        6.000        6.000
  2375:        6.000        6.000        6.000        6.000        6.000
  2380:        6.000        6.000        6.000        6.000        6.000
  2385:        6.000        6.000        6.000        6.000        6.000
  2390:        6.000        6.000        6.000        6.000        6.000
  2395:        6.000        6.000        6.000        6.000        6.000
  2400:        6.000        6.000        6.000        6.000        6.000
  2405:        6.000        6.000        6.000        6.000        6.000
  2410:        6.000        6.000        6.000        6.000        6.000
  2415:        6.000        6.000        6.000        6.000        6.000
  2420:        6.000        6.000        6.000        6.000        6.000
  2425:        6.000        6.000        6.000        6.000        6.000
  2430:        6.000        6.000        6.000        6.000        6.000
  2435:        6.000        6.000        6.000        6.000        6.000
  2440:        6.000        6.000        6.000        6.000        6.000
  2445:        6.000        6.000        6.000        6.000        6.000
  2450:        6.000        6.000        6.000        6.000        6.000
  2455:        6.000        6.000        6.000        6.000        6.000
  2460:        6.000        6.000        6.000        6.000        6.000
  2465:        6.000        6.000        6.000        6.000        6.000
  2470:        6.000        6.000        6.000        6.000        6.000
  2475:        6.000        6.000        6.000        6.000        6.000
  2480:        6.000        6.000        6.000        6.000        6.000
  2485:        6.000        6.000        6.000        6.000        6.000
  2490:        6.000        6.000        6.000        6.000        6.000
  2495:        6.000        6.000        6.000        6.000        6.000
  2500:        6.000        6.000        6.000        6.000        6.000
  2505:        6.000        6.000        6.000        6.000        6.000
  2510:        6.000        6.000        6.000        6.000        6.000
  2515:        6.000        6.000        6.000        6.000        6.000
  2520:        6.000        6.000        6.000        6.000        6.000
  2525:        6.000        6.000        6.000        6.000        6.000
  2530:        6.000        6.000        6.000        6.000        6.000
  2535:        6.000        6.000        6.000        6.000        6.000
  2540:        6.000        6.000        6.000        6.000        6.000
  2545:        6.000        6.000        6.000        6.000        6.000
  2550:        6.000        6.000        6.000        6.000        6.000
  2555:        6.000        6.000        6.000        6.000        6.000
  2560:        6.000        6.000        6.000        6.000        6.000
  2565:        6.000        6.000        6.000        6.000        6.000
  2570:        6.000        6.000        6.000        6.000        6.000
  2575:        6.000        6.000        6.000        6.000        6.000
  2580:        6.000        6.000        6.000        6.000        6.000
  2585:        6.000        6.000        6.000        6.000        6.000
  2590:        6.000        6.000        6.000        6.000        6.000
  2595:        6.000        6.000        6.000        6.000        6.000
  2600:        6.000        6.000        6.000        6.000        6.000
  2605:        6.000        6.000        6.000        6.000        6.000
  2610:        6.000        6.000        6.000        6.000        6.000
  2615:        6.000        6.000        6.000        6.000        6.000
  2620:        6.000        6.000        6.000        6.000        6.000
  2625:        6.000        6.000        6.000        6.000        6.000
  2630:        6.000        6.000        6.000        6.000        6.000
  2635:        6.000        6.000        6.000        6.000        6.000
  2640:        6.000        6.000        6.000        6.000        6.000
  2645:        6.000        6.000        6.000        6.000        6.000
  2650:        6.000        6.000        6.000        6.000        6.000
  2655:        6.000        6.000        6.000        6.000        6.000
  2660:        6.000        6.000        6.000        6.000        6.000
  2665:        6.000        6.000        6.000        6.000        6.000
  2670:        6.000        6.000        6.000        6.000        6.000
  2675:        6.000        6.000        6.000        6.000        6.000
  2680:        6.000        6.000        6.000        6.000        6.000
  2685:        6.000        6.000        6.000        6.000        6.000
  2690:        6.000        6.000        6.000        6.000        6.000
  2695:        6.000        6.000        6.000        6.000        6.000
  2700:        6.000        6.000        6.000        6.000        6.000
  2705:        6.000        6.000        6.000        6.000        6.000
  2710:        6.000        6.000        6.000        6.000        6.000
  2715:        6.000        6.000        6.000        6.000        6.000
  2720:        6.000        6.000        6.000        6.000        6.000
  2725:        6.000        6.000        6.000        6.000        6.000
  2730:        6.000        6.000        6.000        6.000        6.000
  2735:        6.000        6.000        6.000        6.000        6.000
  2740:        6.000        6.000        6.000        6.000        6.000
  2745:        6.000        6.000        6.000        6.000        6.000
  2750:        6.000        6.000        6.000        6.000        6.000
  2755:        6.000        6.000        6.000        6.000        6.000
  2760:        6.000        6.000        6.000        6.000        6.000
  2765:        6.000        6.000        6.000        6.000        6.000
  2770:        6.000        6.000        6.000        6.000        6.000
  2775:        6.000        6.000        6.000        6.000        6.000
  2780:        6.000        6.000        6.000        6.000        6.000
  2785:        6.000        6.000        6.000        6.000        6.000
  2790:        6.000        6.000        6.000        6.000        6.000
  2795:        6.000        6.000        6.000        6.000        6.000
  2800:        6.000        6.000        6.000        6.000        6.000
  2805:        6.000        6.000        6.000        6.000        6.000
  2810:        6.000        6.000        6.000        6.000        6.000
  2815:        6.000        6.000        6.000        6.000        6.000
  2820:        6.000        6.000        6.000        6.000        6.000
  2825:        6.000        6.000        6.000        6.000        6.000
  2830:        6.000        6.000        6.000        6.000        6.000
  2835:        6.000        6.000        6.000        6.000        6.000
  2840:        6.000        6.000        6.000        6.000        6.000
  2845:        6.000        6.000        6.000        6.000        6.000
  2850:        6.000        6.000        6.000        6.000       25.000
  2855:       24.000       13.000        8.000        5.000       17.000
  2860:        6.000       18.000       14.000       10.000        6.000
  2865:        6.000        6.000        6.000       19.000        6.000
  2870:        6.000        6.000        6.000        6.000        6.000
  2875:        6.000        6.000        6.000        6.000        6.000
  2880:        6.000        6.000        6.000        6.000        6.000
  2885:        6.000        6.000        6.000        6.000        6.000
  2890:        6.000        6.000        6.000        6.000        6.000
  2895:        6.000        6.000        6.000        6.000        6.000
  2900:        6.000        6.000        6.000        6.000        6.000
  2905:        6.000        6.000        6.000        6.000        6.000
  2910:        6.000        6.000        6.000        6.000        6.000
  2915:        6.000        6.000        6.000        6.000        6.000
  2920:        6.000        6.000        6.000        6.000        6.000
  2925:        6.000        6.000        6.000        6.000        6.000
  2930:        6.000        6.000        6.000        6.000        6.000
  2935:        6.000        6.000        6.000        6.000        6.000
  2940:        6.000        6.000        6.000        6.000        6.000
  2945:        6.000        6.000        6.000        6.000        6.000
  2950:        6.000        6.000        6.000        6.000        6.000
  2955:        6.000        6.000        6.000        6.000        6.000
  2960:        6.000        6.000        6.000        6.000        6.000
  2965:      100.000
T:
     0:        0.000        0.000        0.000        0.000        0.180
     5:        1.160        1.490       37.170       38.380       46.150
    10:       63.290       88.080      106.620      130.310      134.340
    15:      149.050      167.270      199.790      221.120      242.730
    20:      244.250      244.760      251.740      278.310      281.950
    25:      283.600      317.250      345.640      362.710      387.090
    30:      393.700      403.770      403.810      419.120      426.480
    35:      427.040      430.590      449.580      461.850      463.410
    40:      472.750      496.390      514.460      594.610      594.780
    45:      594.850      636.780      660.710      671.520      680.800
    50:      730.190      746.000      761.060      774.430      862.890
    55:      887.540      899.070      905.900      913.750      918.030
    60:      921.580      922.300      922.640      930.520      932.090
    65:      932.470      933.570      939.840      952.010      966.510
    70:      981.210      985.960      986.380      996.100     1002.290
    75:     1020.680     1024.460     1030.940     1041.830     1041.890
    80:     1042.050     1048.290     1057.940     1063.860     1070.690
    85:     1071.130     1071.310     1071.910     1080.180     1088.560
    90:     1094.190     1096.760     1100.440     1105.960     1113.910
    95:     1121.390     1133.760     1148.540     1149.000     1153.770
   100:     1158.850     1162.010     1174.110     1175.450     1175.730
   105:     1180.470     1185.320     1189.650     1194.200     1194.710
   110:     1202.500     1211.650     1215.040     1225.300     1229.810
   115:     1234.410     1234.630     1234.650     1235.190     1247.690
   120:     1257.200     1260.920     1261.080     1268.340     1271.600
   125:     1271.750     1278.860     1282.750     1283.050     1283.920
   130:     1288.530     1288.760     1292.190     1296.120     1300.300
   135:     1304.480     1304.700     1310.130     1315.220     1315.360
   140:     1321.150     1324.740     1328.690     1329.010     1329.550
   145:     1332.720     1336.420     1343.110     1348.930     1352.450
   150:     1357.840     1361.980     1362.380     1366.940     1371.180
   155:     1371.320     1374.560     1378.390     1378.880     1382.850
   160:     1386.880     1394.480     1397.810     1398.000     1401.570
   165:     1406.400     1410.120     1414.880     1419.810     1420.000
   170:     1423.260     1426.910     1430.270     1430.650     1434.070
   175:     1437.230     1437.490     1442.570     1443.000     1452.170
   180:     1455.700     1458.890     1459.090     1463.020     1469.720
   185:     1473.130     1477.980     1482.750     1488.020     1488.330
   190:     1488.680     1493.120     1493.350     1497.270     1501.940
   195:     1502.240     1502.280     1502.310     1507.890     1511.190
   200:     1514.680     1519.200     1519.450     1532.030     1532.160
   205:     1535.750     1536.090     1536.760     1541.970     1547.970
   210:     1548.200     1551.470     1551.970     1555.210     1555.410
   215:     1562.150     1566.030     1566.240     1571.310     1571.520
   220:     1577.810     1582.510     1586.630     1592.200     1592.430
   225:     1596.450     1596.620     1602.580     1602.790     1610.890
   230:     1611.040     1616.020     1616.210     1620.680     1620.930
   235:     1628.920     1629.070     1633.410     1633.590     1633.700
   240:     1637.740     1637.850     1641.700     1646.240     1650.100
   245:     1650.220     1658.820     1659.100     1663.690     1663.850
   250:     1671.810     1672.060     1677.230     1677.360     1682.640
   255:     1682.870     1695.840     1695.960     1699.770     1712.460
   260:     1720.650     1720.890     1728.920     1729.250     1741.870
   265:     1742.140     1745.140     1745.350     1756.620     1756.850
   270:     1761.350     1761.580     1769.750     1769.970     1770.140
   275:     1778.230     1778.510     1786.520     1786.720     1786.870
   280:     1790.900     1791.090     1791.290     1795.180     1795.490
   285:     1795.530     1799.110     1803.660     1803.840     1813.250
   290:     1813.520     1816.670     1820.270     1824.730     1825.050
   295:     1829.220     1829.460     1829.520     1838.120     1838.380
   300:     1843.510     1851.690     1851.850     1852.110     1857.610
   305:     1857.700     1857.750     1857.920     1862.240     1880.000
   310:     1883.770     1899.710     1905.480     1909.500     1918.990
   315:     1925.960     1941.890     1947.360     1958.940     1962.810
   320:     1966.930     1975.460     1975.750     1976.220     1980.740
   325:     1985.430     1985.730     1985.910     1991.900     1997.620
   330:     2004.630     2005.210     2005.260     2019.990     2020.330
   335:     2031.450     2031.630     2038.670     2055.250     2061.010
   340:     2066.960     2067.160     2071.310     2083.330     2083.700
   345:     2088.890     2089.090     2093.120     2097.270     2107.300
   350:     2114.070     2114.310     2124.360     2129.820     2140.550
   355:     2146.160     2150.410     2157.290     2157.540     2164.910
   360:     2165.100     2165.250     2169.350     2176.570     2182.510
   365:     2182.770     2188.000     2194.290     2194.520     2198.690
   370:     2209.570     2209.730     2217.140     2217.310     2217.480
   375:     2227.600     2227.760     2238.040     2249.940     2255.600
   380:     2255.970     2256.330     2264.290     2286.650     2286.720
   385:     2298.290     2302.230     2306.010     2306.430     2311.480
   390:     2311.640     2311.760     2311.880     2316.980     2317.350
   395:     2326.830     2326.940     2334.300     2334.530     2334.670
   400:     2337.900     2339.420     2339.700     2358.460     2364.550
   405:     2364.760     2365.470     2368.970     2375.250     2375.500
   410:     2384.380     2390.190     2390.490     2390.650     2394.520
   415:     2399.990     2400.000     2400.000     2400.000     2400.000
   420:     2400.000     2401.140     2404.000     2405.000     2405.000
   425:     2406.610     2409.990     2411.440     2411.820     2412.010
   430:     2417.470     2417.820     2426.750     2432.210     2443.240
   435:     2457.130     2465.350     2469.330     2479.780     2480.020
   440:     2480.240     2505.290     2505.710     2511.330     2511.850
   445:     2517.090     2517.350     2523.530     2523.650     2535.530
   450:     2540.820     2540.930     2545.620     2555.570     2555.730
   455:     2561.660     2561.960     2571.030     2576.480     2576.710
   460:     2587.520     2587.690     2587.860     2606.360     2606.860
   465:     2617.530     2617.840     2618.190     2624.560     2650.630
   470:     2666.770     2666.850     2667.040     2670.530     2675.280
   475:     2698.400     2698.620     2708.950     2709.360     2713.590
   480:     2722.500     2728.620     2728.840     2728.990     2737.620
   485:     2737.920     2742.430     2742.610     2748.530     2748.980
   490:     2755.450     2756.100     2765.650     2765.910     2780.320
   495:     2784.990     2800.720     2802.130     2802.470     2802.700
   500:     2806.670     2813.310     2813.480     2828.510     2851.500
   505:     2851.560     2852.000     2854.320     2864.950     2865.060
   510:     2870.120     2870.450     2879.390     2879.630     2899.770
   515:     2899.990     2918.470     2937.640     2941.140     2972.100
   520:     2972.380     2976.550     2980.330     2984.520     2988.450
   525:     2992.540     2997.940     3002.050     3005.840     3007.370
   530:     3019.630     3023.760     3046.230     3054.700     3059.320
   535:     3065.950     3076.090     3076.390     3080.340     3089.390
   540:     3089.540     3093.250     3099.910     3104.730     3105.000
   545:     3105.190     3123.050     3127.540     3132.230     3138.290
   550:     3138.650     3143.020     3143.390     3150.980     3154.760
   555:     3164.510     3164.650     3164.770     3172.390     3172.630
   560:     3179.250     3179.510     3179.650     3183.590     3183.850
   565:     3187.620     3191.430     3191.680     3195.280     3195.540
   570:     3195.910     3200.180     3200.480     3203.750     3203.920
   575:     3208.820     3208.980     3212.740     3218.050     3218.250
   580:     3221.300     3228.800     3228.830     3228.910     3234.400
   585:     3234.630     3239.430     3247.140     3252.540     3258.610
   590:     3264.750     3264.880     3264.970     3268.660     3273.660
   595:     3274.640     3278.240     3284.890     3288.660     3288.830
   600:     3292.740     3300.010     3312.220     3312.460     3312.630
   605:     3316.140     3316.390     3320.410     3320.630     3326.390
   610:     3326.500     3326.800     3330.950     3331.240     3336.020
   615:     3340.240     3340.410     3344.110     3349.040     3349.230
   620:     3349.400     3353.510     3358.280     3362.280     3367.820
   625:     3367.940     3373.420     3378.600     3378.900     3382.890
   630:     3383.450     3383.530     3383.640     3389.010     3389.200
   635:     3395.550     3400.110     3406.670     3411.440     3411.740
   640:     3417.560     3421.420     3425.510     3429.810     3435.170
   645:     3440.030     3445.430     3448.890     3449.510     3453.290
   650:     3457.970     3458.070     3458.240     3464.850     3465.410
   655:     3470.280     3473.850     3474.140     3478.940     3479.290
   660:     3479.670     3482.320     3486.500     3490.110     3494.280
   665:     3494.320     3494.350     3498.520     3498.800     3499.130
   670:     3504.100     3511.790     3512.020     3515.620     3515.820
   675:     3520.110     3525.730     3525.880     3530.700     3530.930
   680:     3534.900     3535.410     3538.520     3538.760     3542.030
   685:     3546.040     3550.050     3553.820     3554.090     3554.330
   690:     3559.150     3559.330     3563.070     3563.310     3568.480
   695:     3576.640     3577.020     3584.360     3584.580     3588.000
   700:     3588.230     3594.460     3594.710     3600.010     3605.400
   705:     3605.960     3609.740     3609.950     3614.600     3618.590
   710:     3618.710     3622.380     3625.990     3626.270     3629.730
   715:     3629.880     3630.240     3630.500     3639.640     3644.960
   720:     3649.180     3649.430     3653.470     3659.370     3664.130
   725:     3672.350     3676.030     3676.270     3680.600     3680.760
   730:     3686.250     3686.460     3691.150     3695.250     3695.460
   735:     3699.680     3704.290     3704.380     3704.570     3709.080
   740:     3713.450     3717.770     3718.000     3721.570     3721.800
   745:     3727.250     3730.360     3730.580     3737.560     3742.400
   750:     3742.650     3746.000     3746.260     3752.150     3752.330
   755:     3752.460     3756.880     3760.260     3760.540     3766.490
   760:     3766.720     3772.770     3772.890     3776.400     3776.690
   765:     3779.660     3779.950     3784.250     3789.830     3793.190
   770:     3793.780     3806.730     3810.610     3810.780     3810.960
   775:     3810.980     3814.450     3814.660     3819.700     3819.830
   780:     3823.390     3823.680     3823.800     3827.780     3828.380
   785:     3834.570     3834.620     3834.750     3834.830     3840.370
   790:     3842.330     3842.610     3849.820     3849.880     3865.890
   795:     3869.400     3874.270     3877.960     3878.320     3885.500
   800:     3889.050     3906.370     3906.400     3910.830     3914.950
   805:     3915.290     3919.850     3924.460     3927.710     3933.090
   810:     3933.430     3947.530     3947.610     3951.800     3952.010
   815:     3956.170     3956.740     3961.110     3964.320     3964.500
   820:     3968.250     3968.550     3973.390     3977.010     3980.840
   825:     3981.130     3986.970     3987.190     3992.990     3993.330
   830:     3997.480     4002.080     4005.260     4005.540     4010.350
   835:     4010.610     4014.840     4020.950     4024.940     4025.220
   840:     4029.870     4030.050     4035.440     4036.000     4036.230
   845:     4040.110     4040.380     4044.150     4044.420     4050.270
   850:     4050.400     4060.050     4060.310     4065.020     4065.210
   855:     4068.970     4073.020     4077.620     4086.940     4087.170
   860:     4090.850     4091.090     4091.390     4095.970     4100.960
   865:     4101.190     4109.850     4110.130     4115.560     4115.720
   870:     4121.490     4121.640     4125.930     4129.550     4135.310
   875:     4139.890     4140.140     4143.420     4143.710     4143.790
   880:     4147.930     4148.170     4154.700     4154.890     4160.680
   885:     4160.950     4164.330     4164.600     4169.910     4174.510
   890:     4174.650     4174.690     4180.400     4180.620     4186.350
   895:     4186.450     4190.890     4191.080     4195.800     4195.890
   900:     4196.300     4199.370     4199.520     4204.740     4209.400
   905:     4209.660     4209.750     4210.020     4210.070     4213.040
   910:     4213.290     4217.440     4220.950     4221.210     4221.540
   915:     4226.020     4226.310     4226.830     4229.820     4230.100
   920:     4230.380     4234.050     4234.250     4234.410     4234.590
   925:     4238.470     4238.870     4242.920     4243.040     4243.180
   930:     4247.080     4251.400     4251.650     4254.770     4255.050
   935:     4255.290     4261.620     4261.830     4266.120     4266.570
   940:     4271.400     4271.670     4277.390     4277.670     4281.010
   945:     4285.080     4285.460     4290.080     4290.180     4290.420
   950:     4294.240     4294.440     4294.830     4301.080     4304.730
   955:     4305.000     4308.750     4309.060     4314.890     4315.110
   960:     4319.190     4319.340     4319.480     4323.030     4323.210
   965:     4327.090     4335.240     4335.520     4335.900     4340.960
   970:     4341.190     4348.950     4349.120     4353.620     4353.810
   975:     4357.410     4357.580     4362.840     4363.190     4366.460
   980:     4366.750     4370.130     4370.490     4375.330     4375.610
   985:     4379.330     4385.770     4385.860     4391.350     4391.770
   990:     4404.180     4407.310     4407.650     4411.650     4459.320
   995:     4467.980     4475.360     4475.600     4480.640     4480.860
  1000:     4485.150     4485.550     4489.210     4489.510     4495.430
  1005:     4495.550     4499.660     4500.010     4505.830     4506.030
  1010:     4509.190     4509.750     4515.650     4521.120     4521.420
  1015:     4527.980     4528.040     4528.110     4528.170     4528.440
  1020:     4532.440     4537.930     4538.130     4543.190     4543.290
  1025:     4548.900     4554.010     4559.280     4559.500     4566.990
  1030:     4573.890     4581.040     4592.270     4596.060     4596.350
  1035:     4601.760     4606.950     4612.550     4612.770     4616.850
  1040:     4622.220     4627.540     4632.160     4635.840     4636.130
  1045:     4639.970     4640.240     4645.330     4645.600     4649.850
  1050:     4650.000     4650.030     4653.620     4658.700     4658.970
  1055:     4659.350     4662.860     4669.250     4669.410     4669.830
  1060:     4673.070     4677.440     4677.720     4682.760     4683.120
  1065:     4683.210     4686.460     4691.570     4691.740     4691.810
  1070:     4696.840     4697.190     4701.960     4702.150     4705.350
  1075:     4705.900     4709.760     4709.960     4710.550     4716.630
  1080:     4720.410     4727.940     4728.490     4733.070     4741.120
  1085:     4741.290     4748.740     4753.640     4758.050     4761.560
  1090:     4766.650     4766.870     4773.630     4773.770     4778.620
  1095:     4782.990     4783.250     4787.420     4792.560     4799.750
  1100:     4799.900     4800.080     4803.210     4803.360     4805.120
  1105:     4808.900     4809.990     4810.000     4810.000     4810.000
  1110:     4810.000     4810.000     4812.140     4814.000     4815.000
  1115:     4815.000     4815.740     4819.990     4821.240     4821.400
  1120:     4821.540     4825.430     4825.660     4829.110     4832.730
  1125:     4835.900     4836.210     4841.510     4841.780     4845.680
  1130:     4845.850     4845.990     4850.210     4854.450     4857.800
  1135:     4857.970     4864.960     4865.230     4868.890     4869.200
  1140:     4873.740     4873.860     4877.630     4877.900     4881.310
  1145:     4881.440     4881.570     4885.620     4901.540     4901.630
  1150:     4906.080     4909.710     4910.030     4914.070     4914.390
  1155:     4936.410     4936.680     4940.040     4944.900     4950.340
  1160:     4950.490     4956.470     4962.120     4994.270     4998.750
  1165:     4998.960     5002.770     5002.870     5003.040     5007.060
  1170:     5007.320     5011.350     5011.810     5017.620     5017.900
  1175:     5021.840     5022.080     5029.260     5033.930     5034.100
  1180:     5034.250     5037.860     5042.380     5042.630     5047.000
  1185:     5047.300     5052.850     5082.890     5087.210     5091.310
  1190:     5091.640     5099.710     5106.030     5110.970     5114.780
  1195:     5114.930     5115.090     5118.390     5124.620     5124.830
  1200:     5131.290     5131.440     5131.570     5135.980     5136.270
  1205:     5152.200     5156.700     5157.080     5162.130     5162.830
  1210:     5169.150     5183.880     5183.990     5191.620     5195.440
  1215:     5199.290     5199.610     5204.770     5204.900     5205.060
  1220:     5214.210     5218.570     5224.710     5224.950     5228.350
  1225:     5235.440     5240.140     5240.290     5240.360     5240.630
  1230:     5247.480     5247.620     5253.220     5260.410     5261.600
  1235:     5267.130     5267.240     5273.130     5279.390     5279.520
  1240:     5279.620     5284.890     5289.460     5289.620     5294.540
  1245:     5294.780     5298.810     5298.990     5299.800     5303.340
  1250:     5311.330     5317.350     5317.890     5322.420     5322.710
  1255:     5327.610     5332.530     5332.700     5337.690     5337.900
  1260:     5349.880     5357.070     5357.420     5360.770     5364.510
  1265:     5364.760     5370.060     5375.430     5379.880     5381.000
  1270:     5382.270     5387.460     5387.890     5394.000     5394.260
  1275:     5398.480     5398.690     5404.960     5405.220     5409.850
  1280:     5410.060     5410.440     5414.800     5414.980     5421.080
  1285:     5421.200     5426.760     5433.920     5443.080     5443.240
  1290:     5447.010     5451.760     5451.950     5455.780     5463.580
  1295:     5470.160     5476.160     5481.880     5482.110     5488.390
  1300:     5488.670     5493.630     5493.830     5497.730     5504.740
  1305:     5511.070     5511.240     5517.460     5517.700     5525.760
  1310:     5532.930     5533.180     5537.930     5542.080     5547.060
  1315:     5547.290     5553.820     5560.810     5560.980     5568.150
  1320:     5568.480     5568.730     5572.380     5576.200     5576.240
  1325:     5584.500     5588.590     5594.490     5598.270     5598.420
  1330:     5601.240     5601.370     5608.270     5608.520     5615.110
  1335:     5615.280     5619.410     5619.650     5622.400     5625.930
  1340:     5629.160     5629.320     5632.860     5636.000     5639.350
  1345:     5640.440     5640.440     5640.440     5640.440     5640.440
  1350:     5640.440     5643.270     5644.440     5645.440     5645.440
  1355:     5647.500     5650.430     5651.500     5651.550     5651.550
  1360:     5651.550     5651.550     5651.550     5651.550     5651.720
  1365:     5651.940     5655.550     5655.830     5656.000     5656.550
  1370:     5656.550     5656.610     5661.030     5661.540     5664.960
  1375:     5664.960     5664.960     5664.960     5664.960     5664.960
  1380:     5665.100     5665.220     5665.320     5668.960     5669.960
  1385:     5669.960     5672.390     5672.390     5672.390     5672.390
  1390:     5672.390     5672.660     5674.950     5676.390     5676.600
  1395:     5676.820     5677.390     5677.390     5680.160     5684.580
  1400:     5688.470     5692.490     5692.800     5696.280     5696.340
  1405:     5696.570     5699.980     5700.360     5704.170     5704.170
  1410:     5704.170     5704.170     5704.170     5704.170     5704.350
  1415:     5708.170     5709.170     5709.170     5711.970     5712.010
  1420:     5714.160     5715.660     5718.740     5718.930     5722.770
  1425:     5726.340     5726.390     5726.390     5726.390     5726.390
  1430:     5726.390     5726.390     5726.490     5729.810     5730.390
  1435:     5731.390     5731.390     5733.500     5733.710     5733.950
  1440:     5734.150     5736.380     5739.350     5745.790     5745.790
  1445:     5745.790     5745.790     5745.790     5745.790     5749.790
  1450:     5750.790     5750.790     5753.590     5753.590     5753.590
  1455:     5753.590     5753.590     5753.680     5755.780     5757.590
  1460:     5758.150     5758.360     5758.590     5758.590     5761.330
  1465:     5761.510     5765.210     5770.130     5770.400     5771.040
  1470:     5773.840     5773.840     5773.840     5773.840     5773.840
  1475:     5773.840     5777.180     5777.840     5778.840     5778.840
  1480:     5779.010     5779.210     5779.350     5782.740     5782.740
  1485:     5782.740     5782.740     5782.740     5782.890     5783.120
  1490:     5783.830     5785.970     5786.270     5786.740     5787.740
  1495:     5787.740     5789.350     5794.790     5794.950     5795.070
  1500:     5798.740     5798.970     5802.880     5803.030     5806.830
  1505:     5806.830     5806.830     5806.830     5806.830     5806.830
  1510:     5806.960     5807.090     5807.280     5810.830     5811.830
  1515:     5811.830     5812.250     5812.370     5812.410     5812.770
  1520:     5816.820     5820.350     5820.350     5820.350     5820.350
  1525:     5820.350     5820.350     5820.490     5820.770     5824.040
  1530:     5824.350     5825.350     5825.350     5827.700     5827.700
  1535:     5827.700     5827.700     5827.700     5827.970     5830.340
  1540:     5831.700     5832.700     5832.700     5836.480     5842.630
  1545:     5847.440     5851.180     5857.960     5862.820     5863.220
  1550:     5866.930     5867.210     5873.260     5877.550     5877.670
  1555:     5881.030     5881.260     5885.480     5885.610     5885.710
  1560:     5888.900     5889.090     5893.050     5896.700     5900.240
  1565:     5900.420     5900.600     5906.150     5906.340     5909.360
  1570:     5916.340     5916.540     5921.000     5921.170     5921.310
  1575:     5924.930     5925.210     5931.070     5936.510     5940.100
  1580:     5945.500     5949.380     5956.770     5956.890     5961.780
  1585:     5961.890     5965.650     5966.470     5971.040     5971.180
  1590:     5975.480     5981.000     5984.650     5985.480     5989.250
  1595:     5993.920     5997.990     5999.070     6002.330     6002.500
  1600:     6002.540     6002.670     6006.300     6006.410     6013.050
  1605:     6013.130     6013.230     6019.110     6019.230     6019.360
  1610:     6023.100     6023.250     6026.730     6026.970     6032.500
  1615:     6032.730     6037.290     6040.790     6040.810     6041.080
  1620:     6045.560     6045.720     6045.880     6046.420     6052.270
  1625:     6052.310     6052.440     6052.590     6052.690     6058.630
  1630:     6063.210     6068.200     6072.700     6072.980     6073.410
  1635:     6079.910     6080.110     6086.280     6086.420     6092.350
  1640:     6092.610     6092.790     6098.390     6098.690     6102.700
  1645:     6108.780     6113.430     6113.630     6117.420     6117.620
  1650:     6121.470     6125.440     6125.670     6130.280     6134.570
  1655:     6134.730     6134.890     6135.140     6141.150     6141.390
  1660:     6147.280     6147.480     6154.450     6161.040     6161.160
  1665:     6161.360     6164.710     6169.860     6170.110     6170.400
  1670:     6176.430     6176.760     6182.140     6182.380     6182.570
  1675:     6186.870     6191.920     6192.190     6192.440     6196.850
  1680:     6200.630     6205.120     6209.820     6214.560     6218.040
  1685:     6222.270     6227.670     6227.980     6231.970     6232.160
  1690:     6236.660     6249.150     6249.380     6256.030     6256.360
  1695:     6260.380     6260.530     6267.390     6267.680     6267.720
  1700:     6268.040     6273.800     6274.020     6278.500     6285.360
  1705:     6285.710     6285.850     6293.680     6293.890     6294.140
  1710:     6298.190     6298.530     6303.580     6310.230     6310.570
  1715:     6310.760     6317.200     6317.230     6317.400     6317.520
  1720:     6317.740     6321.520     6321.670     6321.970     6327.280
  1725:     6327.500     6332.000     6337.960     6338.180     6338.420
  1730:     6342.510     6342.780     6349.590     6349.870     6354.500
  1735:     6358.600     6362.840     6363.110     6363.330     6368.160
  1740:     6368.350     6372.240     6372.380     6377.800     6377.970
  1745:     6383.800     6383.980     6384.480     6389.180     6392.850
  1750:     6393.090     6393.800     6399.240     6399.660     6400.040
  1755:     6405.560     6406.010     6406.270     6407.090     6407.300
  1760:     6414.390     6414.620     6414.640     6418.490     6418.820
  1765:     6425.880     6426.110     6432.360     6433.000     6437.160
  1770:     6444.600     6444.720     6450.310     6450.550     6457.030
  1775:     6457.190     6466.680     6467.100     6472.100     6480.480
  1780:     6480.530     6491.840     6496.090     6496.350     6501.480
  1785:     6506.720     6512.420     6512.730     6512.920     6517.390
  1790:     6517.520     6522.330     6531.210     6536.370     6541.920
  1795:     6542.210     6546.290     6546.650     6551.180     6551.360
  1800:     6551.480     6551.580     6551.690     6556.120     6560.690
  1805:     6561.860     6567.050     6567.310     6567.780     6574.430
  1810:     6574.550     6574.770     6575.590     6582.210     6582.400
  1815:     6582.560     6586.960     6587.200     6587.230     6593.520
  1820:     6593.800     6593.890     6599.350     6603.920     6604.210
  1825:     6604.370     6605.100     6605.240     6611.390     6616.630
  1830:     6616.900     6616.940     6617.130     6622.310     6627.630
  1835:     6627.840     6633.140     6635.110     6641.330     6652.850
  1840:     6671.060     6676.480     6681.730     6695.110     6701.720
  1845:     6702.150     6706.490     6706.930     6713.940     6722.990
  1850:     6723.130     6728.530     6728.740     6740.730     6751.400
  1855:     6751.610     6763.440     6770.800     6775.240     6787.160
  1860:     6787.360     6793.190     6793.600     6793.890     6800.120
  1865:     6806.130     6810.170     6810.530     6816.340     6819.840
  1870:     6820.140     6825.330     6829.010     6832.960     6838.250
  1875:     6838.390     6842.580     6846.850     6850.820     6851.570
  1880:     6851.830     6855.200     6855.490     6859.590     6859.620
  1885:     6859.700     6863.490     6868.240     6872.470     6872.600
  1890:     6873.450     6877.640     6895.360     6898.150     6901.600
  1895:     6905.980     6909.210     6915.120     6915.330     6917.640
  1900:     6920.930     6924.480     6924.670     6924.770     6925.710
  1905:     6929.750     6936.260     6936.450     6943.730     6943.920
  1910:     6946.960     6950.220     6954.460     6955.460     6961.130
  1915:     6961.440     6961.540     6964.520     6965.050     6971.500
  1920:     6980.000     6983.460     6987.260     6990.240     6995.000
  1925:     6999.470     7002.720     7006.160     7010.070     7011.450
  1930:     7011.630     7012.990     7021.020     7024.700     7029.480
  1935:     7032.900     7033.130     7033.340     7033.530     7036.650
  1940:     7040.590     7043.860     7043.990     7044.210     7044.330
  1945:     7048.180     7051.940     7052.630     7056.850     7056.990
  1950:     7064.010     7064.310     7064.460     7071.280     7071.320
  1955:     7071.370     7071.540     7074.590     7078.720     7079.000
  1960:     7079.310     7082.110     7085.880     7091.090     7091.220
  1965:     7095.710     7098.720     7098.870     7098.960     7103.170
  1970:     7106.150     7106.200     7106.230     7106.370     7114.700
  1975:     7118.150     7118.400     7121.730     7121.940     7122.030
  1980:     7125.430     7132.140     7132.350     7132.580     7136.020
  1985:     7136.160     7139.400     7143.020     7143.210     7146.100
  1990:     7146.290     7146.340     7150.460     7153.850     7156.940
  1995:     7157.110     7157.210     7157.300     7164.820     7164.990
  2000:     7168.400     7168.570     7171.830     7172.530     7172.900
  2005:     7176.030     7178.900     7179.050     7179.310     7182.080
  2010:     7182.260     7182.480     7187.070     7187.270     7187.570
  2015:     7189.900     7190.090     7200.090     7203.960     7206.790
  2020:     7206.990     7211.080     7211.390     7211.500     7214.600
  2025:     7214.700     7219.850     7219.990     7220.000     7220.000
  2030:     7220.000     7220.000     7220.000     7220.010     7223.410
  2035:     7224.000     7224.070     7224.110     7225.000     7225.000
  2040:     7227.140     7227.330     7227.570     7229.990     7231.120
  2045:     7235.050     7239.200     7239.410     7239.530     7240.680
  2050:     7240.820     7240.920     7244.000     7244.480     7248.110
  2055:     7248.200     7251.970     7252.090     7258.390     7258.850
  2060:     7261.540     7261.860     7267.070     7267.090     7270.410
  2065:     7270.510     7274.420     7278.340     7281.800     7282.050
  2070:     7287.040     7287.450     7292.520     7292.810     7296.010
  2075:     7296.280     7297.840     7300.790     7300.900     7303.280
  2080:     7303.550     7307.570     7307.600     7314.690     7314.980
  2085:     7318.080     7318.330     7322.100     7322.250     7322.370
  2090:     7322.600     7325.450     7329.950     7330.200     7333.930
  2095:     7334.030     7334.200     7334.520     7338.230     7338.400
  2100:     7338.610     7341.360     7341.520     7341.570     7347.470
  2105:     7351.610     7351.810     7357.770     7357.780     7363.550
  2110:     7372.900     7373.210     7373.450     7373.570     7377.260
  2115:     7382.270     7386.080     7389.810     7392.810     7393.010
  2120:     7398.540     7399.020     7403.140     7403.470     7407.320
  2125:     7408.410     7410.670     7414.260     7424.780     7425.140
  2130:     7425.390     7428.940     7432.790     7433.450     7443.230
  2135:     7443.440     7448.830     7452.320     7452.730     7452.980
  2140:     7456.030     7456.260     7460.810     7460.940     7461.170
  2145:     7461.320     7464.660     7464.780     7470.740     7470.980
  2150:     7477.230     7477.550     7477.860     7491.060     7491.200
  2155:     7491.860     7491.880     7495.460     7500.640     7500.840
  2160:     7504.250     7504.370     7505.420     7509.970     7516.500
  2165:     7527.500     7527.660     7527.790     7531.410     7531.460
  2170:     7531.670     7538.280     7538.420     7538.570     7538.800
  2175:     7544.200     7544.490     7544.670     7556.160     7556.190
  2180:     7561.960     7562.240     7562.330     7567.330     7567.530
  2185:     7576.900     7580.120     7583.850     7583.980     7584.470
  2190:     7588.510     7588.740     7592.290     7596.440     7597.400
  2195:     7600.870     7601.090     7601.140     7604.640     7604.860
  2200:     7609.170     7619.300     7619.460     7623.870     7624.120
  2205:     7630.400     7630.800     7630.930     7634.830     7634.930
  2210:     7645.510     7645.730     7649.670     7653.410     7657.370
  2215:     7657.510     7661.910     7662.220     7666.080     7675.680
  2220:     7680.000     7685.940     7686.130     7687.110     7692.500
  2225:     7693.370     7697.000     7700.850     7704.920     7709.390
  2230:     7714.550     7714.700     7715.790     7715.940     7716.630
  2235:     7719.600     7719.740     7723.570     7729.310     7729.610
  2240:     7729.700     7733.210     7733.460     7737.190     7744.870
  2245:     7749.200     7749.460     7753.010     7753.270     7757.220
  2250:     7769.690     7773.150     7780.470     7783.330     7786.380
  2255:     7786.690     7790.920     7795.020     7797.770     7803.010
  2260:     7807.660     7810.810     7810.980     7815.100     7815.130
  2265:     7824.100     7829.190     7833.350     7833.490     7838.330
  2270:     7841.850     7845.910     7846.740     7851.060     7854.560
  2275:     7854.720     7854.850     7859.200     7859.400     7868.470
  2280:     7873.310     7879.390     7884.640     7890.010     7890.200
  2285:     7895.590     7906.390     7906.490     7911.120     7911.840
  2290:     7918.430     7922.050     7923.190     7928.400     7928.480
  2295:     7928.970     7932.250     7932.540     7936.020     7940.860
  2300:     7944.800     7948.220     7948.780     7953.200     7953.950
  2305:     7957.980     7958.080     7958.330     7963.690     7971.490
  2310:     7974.960     7975.220     7980.700     7984.170     7984.330
  2315:     7987.510     7997.650     8001.230     8001.470     8001.620
  2320:     8004.260     8009.100     8009.240     8009.360     8018.950
  2325:     8019.180     8022.620     8027.350     8031.490     8031.660
  2330:     8036.850     8037.060     8040.960     8041.060     8047.350
  2335:     8051.290     8051.570     8055.490     8061.220     8061.470
  2340:     8066.230     8066.430     8071.680     8071.960     8078.100
  2345:     8078.300     8078.620     8078.840     8082.120     8090.340
  2350:     8098.500     8102.880     8103.080     8108.830     8109.020
  2355:     8112.540     8112.750     8113.990     8119.100     8124.510
  2360:     8129.440     8129.630     8133.270     8133.300     8133.780
  2365:     8138.170     8138.430     8141.500     8141.650     8147.360
  2370:     8147.540     8147.850     8151.010     8151.210     8151.420
  2375:     8155.310     8161.420     8168.660     8168.920     8174.130
  2380:     8174.320     8180.600     8180.650     8180.810     8187.770
  2385:     8187.980     8194.030     8194.310     8194.810     8201.460
  2390:     8206.170     8206.480     8210.870     8211.290     8217.340
  2395:     8217.670     8226.750     8230.680     8230.840     8230.910
  2400:     8235.210     8239.540     8243.930     8244.130     8253.830
  2405:     8257.620     8257.950     8261.340     8261.470     8270.370
  2410:     8274.910     8275.320     8279.950     8280.210     8280.380
  2415:     8285.210     8285.610     8289.770     8289.880     8294.830
  2420:     8295.020     8298.140     8298.450     8301.650     8312.870
  2425:     8317.420     8317.640     8321.960     8322.200     8327.480
  2430:     8332.430     8336.420     8341.080     8345.810     8350.520
  2435:     8350.760     8354.030     8354.290     8359.450     8359.610
  2440:     8364.070     8364.270     8368.920     8369.070     8369.240
  2445:     8374.130     8374.290     8379.410     8383.330     8383.540
  2450:     8388.970     8389.210     8395.270     8395.590     8399.880
  2455:     8405.110     8405.330     8408.700     8409.020     8409.160
  2460:     8413.860     8413.990     8417.480     8424.530     8429.410
  2465:     8437.020     8437.310     8444.070     8444.320     8444.420
  2470:     8449.750     8456.010     8456.200     8462.230     8462.530
  2475:     8467.620     8467.880     8473.040     8473.190     8477.580
  2480:     8477.890     8478.530     8482.560     8482.760     8483.040
  2485:     8486.820     8492.770     8493.030     8497.160     8497.310
  2490:     8503.150     8508.520     8508.770     8514.080     8514.250
  2495:     8518.150     8522.480     8522.920     8527.210     8527.430
  2500:     8532.040     8532.350     8536.310     8536.670     8541.560
  2505:     8541.800     8541.920     8542.190     8545.530     8549.980
  2510:     8555.530     8555.690     8555.820     8559.580     8559.780
  2515:     8564.900     8566.210     8566.450     8569.510     8569.650
  2520:     8574.260     8574.350     8578.860     8583.910     8588.940
  2525:     8589.100     8595.180     8595.310     8601.030     8601.240
  2530:     8606.270     8606.500     8611.120     8611.360     8616.140
  2535:     8616.970     8621.110     8621.390     8626.930     8627.050
  2540:     8627.780     8632.110     8632.510     8632.610     8632.710
  2545:     8636.530     8641.850     8642.240     8645.360     8645.540
  2550:     8645.570     8645.860     8646.050     8650.150     8650.390
  2555:     8650.570     8654.490     8659.730     8659.970     8663.800
  2560:     8663.930     8668.910     8669.060     8669.330     8673.140
  2565:     8673.290     8673.330     8673.460     8677.870     8678.020
  2570:     8682.480     8687.200     8687.370     8687.530     8691.100
  2575:     8696.160     8696.400     8696.830     8701.630     8701.920
  2580:     8706.140     8706.290     8706.430     8711.500     8711.700
  2585:     8715.920     8716.050     8716.290     8716.630     8721.750
  2590:     8722.040     8722.420     8726.450     8726.810     8732.320
  2595:     8732.690     8735.210     8754.810     8755.050     8759.950
  2600:     8760.110     8760.770     8760.940     8765.480     8765.760
  2605:     8776.780     8782.370     8782.600     8782.850     8787.400
  2610:     8787.590     8793.890     8794.220     8800.200     8805.430
  2615:     8805.660     8810.680     8810.790     8810.990     8816.700
  2620:     8817.010     8817.230     8822.420     8822.750     8826.550
  2625:     8826.750     8830.740     8837.520     8837.790     8837.930
  2630:     8838.140     8838.980     8839.250     8865.940     8871.150
  2635:     8871.370     8876.560     8876.690     8876.740     8881.810
  2640:     8881.970     8882.020     8886.670     8891.950     8897.700
  2645:     8897.900     8901.740     8902.100     8905.760     8906.120
  2650:     8909.970     8914.520     8915.290     8919.330     8919.600
  2655:     8920.220     8925.960     8929.800     8929.870     8930.160
  2660:     8934.430     8939.860     8940.080     8945.170     8945.420
  2665:     8945.600     8950.630     8955.810     8956.020     8961.490
  2670:     8965.440     8965.800     8970.840     8971.030     8975.340
  2675:     8975.490     8975.660     8981.390     8985.380     8991.370
  2680:     8995.440     8995.680     8999.790     9000.630     9005.810
  2685:     9005.990     9006.380     9006.780     9011.970     9012.260
  2690:     9018.680     9018.980     9023.180     9023.400     9027.280
  2695:     9027.510     9031.360     9037.700     9038.050     9038.170
  2700:     9044.290     9044.500     9044.680     9048.750     9049.250
  2705:     9053.290     9059.040     9064.850     9064.870     9071.240
  2710:     9071.460     9076.240     9082.610     9082.860     9087.760
  2715:     9092.360     9096.230     9115.410     9121.640     9122.050
  2720:     9127.290     9127.460     9127.680     9132.900     9138.680
  2725:     9138.860     9139.090     9144.170     9144.380     9149.760
  2730:     9149.960     9150.130     9155.170     9155.360     9159.930
  2735:     9160.250     9165.130     9165.380     9168.810     9174.090
  2740:     9174.320     9174.880     9178.750     9191.080     9191.220
  2745:     9196.250     9196.510     9197.290     9202.340     9202.590
  2750:     9207.720     9208.200     9220.050     9220.360     9224.630
  2755:     9224.800     9225.070     9230.540     9230.800     9230.960
  2760:     9236.050     9236.220     9236.970     9250.120     9254.910
  2765:     9255.240     9265.070     9265.360     9266.030     9277.890
  2770:     9278.170     9278.210     9278.300     9287.750     9301.070
  2775:     9301.420     9308.260     9313.660     9313.940     9319.500
  2780:     9319.690     9319.890     9324.930     9330.090     9330.330
  2785:     9340.830     9360.830     9360.980     9365.600     9365.800
  2790:     9366.050     9388.170     9392.500     9392.950     9398.760
  2795:     9399.070     9399.530     9408.440     9430.930     9431.160
  2800:     9436.450     9436.720     9437.330     9437.670     9443.050
  2805:     9459.650     9464.760     9465.000     9469.710     9469.830
  2810:     9474.920     9475.220     9480.800     9480.950     9480.990
  2815:     9481.750     9486.820     9486.880     9491.050     9491.490
  2820:     9498.430     9498.690     9506.060     9506.340     9510.170
  2825:     9517.390     9517.640     9524.680     9525.330     9530.850
  2830:     9531.040     9531.620     9538.350     9544.050     9551.750
  2835:     9553.230     9558.490     9558.860     9563.530     9563.730
  2840:     9572.340     9579.510     9579.890     9583.830     9589.110
  2845:     9595.370     9601.430     9601.680     9606.630     9606.930
  2850:     9614.170     9618.370     9623.500     9629.060     9629.990
  2855:     9630.000     9630.000     9630.000     9630.000     9630.000
  2860:     9633.210     9634.000     9635.000     9635.000     9638.760
  2865:     9638.900     9638.940     9639.080     9639.990     9645.860
  2870:     9646.110     9651.220     9656.620     9656.880     9662.290
  2875:     9662.740     9669.040     9669.300     9669.340     9676.230
  2880:     9740.340     9740.670     9748.290     9749.350     9755.460
  2885:     9755.750     9762.580     9769.390     9770.030     9777.540
  2890:     9777.710     9786.700     9787.000     9794.800     9795.760
  2895:     9801.360     9801.510     9801.760     9809.420     9816.390
  2900:     9833.160     9840.340     9840.550     9840.740     9848.380
  2905:     9848.560     9848.700    10005.170    10005.860    10046.380
  2910:    10048.920    10053.130    10053.360    10077.680    10086.100
  2915:    10086.320    10096.910    10097.530    10102.310    10107.280
  2920:    10115.810    10122.370    10122.720    10140.800    10153.000
  2925:    10172.190    10172.810    10187.910    10188.300    10188.370
  2930:    10201.320    10206.780    10214.820    10215.320    10222.000
  2935:    10230.470    10236.920    10244.040    10251.180    10257.730
  2940:    10270.400    10277.920    10278.430    10288.980    10289.410
  2945:    10293.270    10293.580    10301.940    10314.050    10314.350
  2950:    10316.160    10323.930    10351.120    10365.120    10370.720
  2955:    10376.750    10447.490    10508.850    10706.360    10706.610
  2960:    10707.730    10708.360    10719.480    10757.990    10771.230
  2965:    10800.010
