File: C:\MED-PC IV\DATA\!2025-08-29_12h09m.Subject T13



Start Date: 08/29/25
End Date: 08/29/25
Subject: T13
Experiment: OralFentSA
Group: One
Box: 1
Start Time: 12:09:23
End Time: 15:09:31
MSN: Golden_Liq_SelfAdmin_LIT
F:       0.000
G:     907.000
H:   10800.010
I:       0.000
J:       0.000
K:       0.000
L:       0.000
M:       0.000
N:       0.000
O:       0.000
P:       0.000
Q:       0.000
R:       0.000
S:       0.000
U:       0.000
V:       0.000
W:       0.000
X:       0.000
Y:       0.000
Z:       0.000
A:
     0:        0.000        0.000      180.000        4.000        0.000
     5:        5.000        0.000        5.000        0.000        0.000
    10:        1.000        0.000       10.000 300000000.00       21.000
    15:       10.000      320.000        0.000        0.000        0.000
    20:        0.000
B:
     0:        0.000        0.000        0.000      400.000        0.000
     5:      500.000        0.000      500.000        0.000        0.000
    10:        0.000        0.000     1000.000 30000000000.        0.000
    15:        0.000        0.000        0.000        0.000        0.000
    20:        0.000
C:
     0:       15.000       16.000        0.000       21.000      705.000
     5:     9571.070        7.860       13.000       37.080        2.852
    10:       21.000        6.000        0.000        0.000        0.000
    15:        0.000        0.000        0.000        0.000        0.000
    20:        0.000
D:
     0:        4.690        2.310        1.260        0.910        3.120
     5:        1.380        1.080        1.110        3.580        5.560
    10:        1.830        2.390        7.860
E:
     0:       19.000       11.000       26.000       27.000        6.000
     5:        6.000        6.000        6.000        6.000        6.000
    10:        6.000        6.000        6.000        6.000        6.000
    15:        6.000        6.000        6.000        6.000        6.000
    20:        6.000        6.000        6.000       23.000        6.000
    25:        6.000        6.000        6.000        6.000        6.000
    30:        6.000        6.000        6.000        6.000        6.000
    35:        2.000        4.000       22.000       24.000       13.000
    40:        8.000        5.000       17.000       18.000        6.000
    45:       14.000       10.000        6.000        6.000       19.000
    50:        6.000        6.000        6.000        6.000        6.000
    55:        6.000        6.000        6.000        6.000        6.000
    60:        6.000        6.000        6.000        6.000        2.000
    65:        4.000       22.000       24.000       13.000        8.000
    70:        5.000       17.000        6.000       18.000       14.000
    75:       10.000        6.000        6.000        6.000        6.000
    80:       19.000        6.000        6.000        6.000        6.000
    85:        6.000        6.000        6.000        6.000        6.000
    90:        6.000        6.000        6.000        6.000        6.000
    95:       23.000        6.000        6.000        6.000        6.000
   100:        6.000        6.000        6.000        6.000        6.000
   105:        6.000        6.000        6.000        6.000        6.000
   110:        6.000        6.000        6.000        6.000        6.000
   115:        6.000        6.000        6.000        6.000        6.000
   120:        6.000        6.000        6.000        6.000        6.000
   125:        6.000        6.000        6.000        6.000        6.000
   130:        6.000        6.000        6.000        6.000        6.000
   135:        6.000        6.000        6.000        2.000        4.000
   140:       22.000       24.000       13.000        8.000        5.000
   145:       17.000        6.000       18.000       14.000       10.000
   150:        6.000        6.000        6.000       19.000        6.000
   155:        6.000        6.000        6.000        6.000        6.000
   160:        6.000        6.000        6.000        6.000        6.000
   165:        6.000        6.000        6.000        6.000        6.000
   170:        6.000        6.000        6.000        6.000        6.000
   175:        6.000        6.000        6.000        6.000        6.000
   180:        6.000        6.000        6.000        6.000        6.000
   185:        6.000        6.000        6.000        6.000        6.000
   190:        6.000       23.000        6.000        6.000        6.000
   195:        2.000        4.000       22.000       24.000       13.000
   200:        8.000        5.000       17.000        6.000       18.000
   205:        6.000        6.000        6.000       14.000       10.000
   210:        6.000       19.000        6.000        6.000        6.000
   215:        6.000        6.000       23.000        6.000        6.000
   220:        6.000        6.000        6.000        6.000        6.000
   225:        6.000        6.000        6.000        6.000        6.000
   230:        6.000        6.000        6.000        6.000        6.000
   235:        6.000        6.000        6.000        6.000        6.000
   240:        6.000        6.000        6.000        6.000        6.000
   245:        6.000        6.000        6.000        6.000        6.000
   250:        6.000        6.000        6.000        6.000        6.000
   255:        6.000        6.000        6.000        6.000        6.000
   260:        6.000        6.000        6.000        6.000        6.000
   265:        6.000        6.000        6.000        6.000        6.000
   270:        6.000        6.000        6.000        6.000        6.000
   275:        6.000        6.000        6.000        6.000        6.000
   280:        6.000        6.000        6.000        6.000        6.000
   285:        6.000        6.000        6.000        6.000        2.000
   290:        4.000       22.000       24.000       13.000        8.000
   295:        5.000       17.000       21.000       22.000        6.000
   300:       18.000       14.000       10.000       19.000        6.000
   305:        6.000        6.000        6.000        6.000        6.000
   310:        6.000        6.000        6.000        6.000        6.000
   315:        6.000        6.000        6.000        6.000        6.000
   320:        6.000        6.000        6.000        6.000        6.000
   325:        6.000        6.000        6.000        6.000        6.000
   330:        6.000        6.000        6.000        6.000        6.000
   335:        6.000        6.000        6.000        6.000        6.000
   340:        6.000        6.000        6.000        6.000        6.000
   345:        6.000        6.000        6.000        6.000        6.000
   350:        6.000        6.000        6.000        6.000        6.000
   355:        6.000        6.000        6.000        6.000        6.000
   360:        6.000        6.000        6.000        6.000        6.000
   365:        6.000        6.000        6.000        6.000        6.000
   370:        6.000        6.000        6.000        6.000        6.000
   375:        6.000        6.000        6.000        6.000        6.000
   380:        6.000        6.000        6.000        6.000        6.000
   385:        6.000        6.000        6.000        6.000        6.000
   390:        6.000        6.000        6.000        6.000        6.000
   395:        6.000        6.000        6.000        6.000        6.000
   400:        6.000        6.000        6.000        6.000        6.000
   405:        6.000        6.000        6.000        6.000        6.000
   410:        6.000        6.000        6.000        6.000        2.000
   415:        4.000       22.000       24.000       13.000        8.000
   420:        5.000       17.000        6.000        6.000       18.000
   425:       14.000       10.000        6.000        6.000       19.000
   430:        6.000        6.000        6.000        6.000        6.000
   435:        6.000        6.000        6.000        6.000        6.000
   440:        6.000        6.000        6.000        2.000        4.000
   445:       22.000       24.000       13.000        8.000        5.000
   450:       17.000        6.000       18.000        6.000       14.000
   455:       10.000       19.000        6.000        6.000        6.000
   460:        6.000        6.000        6.000        6.000        6.000
   465:        6.000        6.000        6.000        6.000        6.000
   470:        6.000        6.000        6.000        6.000        6.000
   475:        6.000        6.000        6.000        6.000        6.000
   480:        6.000        6.000        6.000        6.000        6.000
   485:        6.000        6.000        6.000        6.000        6.000
   490:        6.000        6.000        6.000        6.000        6.000
   495:        6.000        6.000        6.000        6.000        6.000
   500:        6.000        6.000        6.000        6.000        6.000
   505:        6.000        6.000        6.000        6.000        6.000
   510:        6.000        6.000        6.000        6.000        6.000
   515:        6.000        6.000        6.000       23.000        6.000
   520:        6.000        6.000        6.000        6.000        6.000
   525:        6.000        6.000        6.000        6.000        6.000
   530:        6.000        6.000        6.000        6.000        6.000
   535:        6.000        6.000        6.000        6.000        6.000
   540:        6.000        6.000        6.000        6.000        6.000
   545:        6.000        6.000        6.000        6.000        6.000
   550:        6.000        6.000        6.000        6.000        6.000
   555:        6.000        6.000        6.000        6.000        2.000
   560:        4.000       22.000       24.000       13.000        8.000
   565:        5.000       17.000        6.000       18.000       14.000
   570:       10.000        6.000        6.000        6.000        6.000
   575:        6.000       19.000        6.000        6.000        6.000
   580:        6.000        6.000        6.000        6.000        6.000
   585:        6.000        6.000        6.000        6.000        6.000
   590:        6.000        6.000        6.000        6.000        6.000
   595:        6.000        6.000        6.000        6.000        6.000
   600:        6.000        6.000        6.000        6.000        6.000
   605:        6.000        6.000        6.000        6.000        6.000
   610:        6.000        2.000        4.000       22.000       24.000
   615:       13.000        8.000        5.000       17.000       21.000
   620:       22.000        6.000       18.000       14.000       10.000
   625:        6.000        6.000       19.000        6.000        6.000
   630:        6.000        6.000        6.000        6.000        6.000
   635:        6.000        6.000        6.000        6.000        6.000
   640:        6.000        6.000        6.000        6.000        6.000
   645:       23.000        6.000        6.000        6.000        6.000
   650:        6.000        6.000        6.000        6.000        6.000
   655:        6.000        6.000        6.000        6.000        6.000
   660:        6.000        6.000        6.000        6.000        6.000
   665:        6.000        6.000        6.000        6.000        6.000
   670:        6.000        6.000        6.000        6.000        6.000
   675:        6.000        6.000        6.000        2.000        4.000
   680:       22.000       24.000       13.000        8.000        5.000
   685:       17.000       21.000       22.000       21.000       22.000
   690:       18.000       14.000       10.000        6.000        6.000
   695:       19.000        6.000        6.000        6.000        6.000
   700:        6.000        6.000        6.000        6.000        6.000
   705:        6.000        6.000        6.000        6.000        6.000
   710:        6.000        6.000        6.000        6.000        6.000
   715:        6.000        6.000        6.000        6.000        6.000
   720:        6.000        6.000        6.000        6.000        6.000
   725:        6.000        6.000        6.000        6.000        6.000
   730:        6.000        6.000        6.000        6.000        6.000
   735:        6.000        6.000        6.000        6.000        6.000
   740:        6.000        6.000        6.000        6.000        6.000
   745:        6.000        6.000        6.000        6.000        6.000
   750:        6.000        6.000        6.000        6.000        6.000
   755:        6.000        6.000        6.000        6.000        6.000
   760:        6.000        6.000        6.000        6.000        6.000
   765:        6.000        6.000        6.000        6.000        6.000
   770:        6.000        2.000        4.000       22.000       24.000
   775:       13.000        8.000        5.000       17.000        6.000
   780:       18.000       14.000       10.000       19.000        6.000
   785:        6.000        6.000        6.000        6.000        6.000
   790:        6.000        6.000        6.000        6.000        6.000
   795:        6.000        6.000        6.000        6.000        2.000
   800:        4.000       22.000       24.000       13.000        8.000
   805:        5.000       17.000        6.000       18.000       14.000
   810:       10.000       19.000        2.000        4.000       22.000
   815:       24.000       13.000        8.000        5.000       17.000
   820:       18.000       14.000       10.000       19.000        2.000
   825:        4.000       22.000       24.000       13.000        8.000
   830:        5.000       17.000       18.000       14.000       10.000
   835:       19.000        2.000        4.000       22.000       24.000
   840:       13.000        8.000        5.000       17.000       21.000
   845:       22.000       21.000       22.000       18.000       14.000
   850:       10.000        6.000        6.000       19.000        6.000
   855:        6.000        6.000        6.000        6.000        6.000
   860:        6.000        6.000        6.000        6.000        6.000
   865:        6.000        6.000        6.000        6.000        6.000
   870:        6.000        6.000        6.000        6.000        6.000
   875:        6.000        6.000        6.000        6.000        6.000
   880:        6.000        6.000        6.000        6.000        6.000
   885:        6.000        6.000        6.000        6.000        6.000
   890:        6.000        6.000        6.000        6.000        6.000
   895:        6.000        6.000        6.000        6.000        6.000
   900:        6.000        6.000        6.000        6.000        6.000
   905:        6.000        6.000      100.000
T:
     0:        0.000        0.000        0.000        0.000        8.870
     5:       17.520       17.550       17.730       17.890       18.150
    10:       18.270       18.660       18.720       19.120       21.850
    15:       72.130       73.900       73.990       74.120       74.910
    20:       76.660      170.790      171.280      195.150      208.220
    25:      210.070      210.160      210.640      210.710      210.960
    30:      211.620      211.660      211.870      223.940      224.340
    35:      252.520      252.520      252.520      252.530      252.530
    40:      252.530      252.530      252.530      256.530      257.220
    45:      257.530      257.530      261.610      261.620      262.520
    50:      268.360      268.600      269.080      274.370      274.810
    55:      275.990      277.090      301.520      337.020      337.660
    60:      375.960      376.980      377.130      377.270      382.630
    65:      382.630      382.630      382.640      382.640      382.640
    70:      382.640      382.640      384.950      386.640      387.640
    75:      387.640      388.750      389.700      389.960      392.300
    80:      392.630      392.900      393.080      393.170      415.710
    85:      415.970      420.230      422.530      450.530      451.470
    90:      460.060      460.450      465.660      466.210      466.540
    95:      476.470      491.360      491.750      504.190      504.770
   100:      522.900      553.720      560.690      579.810      580.750
   105:      580.790      581.580      581.680      581.700      581.740
   110:      582.030      582.060      586.350      586.380      586.500
   115:      586.890      588.360      588.640      603.780      604.530
   120:      693.690      713.210      727.180      801.070      829.530
   125:      829.630      833.850      834.570      835.950      837.320
   130:      837.710      837.940      839.520      839.550      839.640
   135:      840.160      841.740      920.710      923.600      923.600
   140:      923.600      923.610      923.610      923.610      923.610
   145:      923.610      924.870      927.610      928.610      928.610
   150:      931.700      931.900      931.960      933.600      936.690
   155:      938.550      939.390      939.720      941.880      942.370
   160:      942.980      947.940      991.890      999.160     1008.750
   165:     1008.880     1015.160     1455.010     1456.150     1456.200
   170:     1459.540     1460.210     1460.390     1590.550     1591.120
   175:     1591.160     1591.270     1591.290     1591.740     1591.810
   180:     1591.910     1592.090     1592.340     1598.010     1601.860
   185:     1613.330     1613.650     1623.020     1624.870     1624.910
   190:     1625.080     1715.210     1724.430     1724.810     1725.130
   195:     1729.300     1729.300     1729.300     1729.310     1729.310
   200:     1729.310     1729.310     1729.310     1730.220     1733.310
   205:     1733.800     1734.080     1734.110     1734.310     1734.310
   210:     1735.360     1739.300     1760.630     1761.650     1761.730
   215:     1762.490     1763.030     1817.000     1972.690     1973.840
   220:     1973.950     1973.960     1974.040     1974.500     1974.780
   225:     1974.840     1975.440     1980.310     1980.350     1980.610
   230:     1980.680     1980.800     2389.400     2389.660     2448.390
   235:     2460.650     2461.340     2461.370     2464.130     2464.350
   240:     2495.280     2495.720     2496.040     2758.550     2758.660
   245:     2760.150     2760.220     2760.320     2760.420     2766.190
   250:     2776.830     2885.980     2886.170     2886.790     2985.930
   255:     2990.870     3106.490     3107.000     3108.170     3114.440
   260:     3115.900     3116.110     3119.940     3139.290     3139.670
   265:     3142.650     3142.710     3152.090     3152.490     3152.930
   270:     3153.310     3153.340     3153.470     3153.770     3154.880
   275:     3157.540     3158.240     3158.270     3161.260     3196.940
   280:     3249.750     3250.410     3250.580     3251.280     3251.340
   285:     3251.490     3252.380     3252.490     3296.400     3301.530
   290:     3301.530     3301.530     3301.540     3301.540     3301.540
   295:     3301.540     3301.540     3302.640     3302.640     3304.660
   300:     3305.540     3306.540     3306.540     3311.530     3313.520
   305:     3335.610     3416.120     3416.290     3421.360     3479.700
   310:     3481.260     3483.480     3484.520     3486.700     3487.130
   315:     3487.970     3489.070     3489.210     3490.000     3491.600
   320:     3494.120     3496.870     3506.270     3506.410     3507.060
   325:     3512.400     3512.450     3512.580     3513.910     3516.190
   330:     3519.010     3519.310     3520.380     3524.820     3527.870
   335:     3528.020     3528.930     3534.240     3534.530     3535.170
   340:     3537.440     3543.780     3544.210     3546.140     3546.340
   345:     3546.370     3546.890     3548.000     3555.910     3655.930
   350:     3659.040     3659.740     3662.340     3662.500     3662.970
   355:     3663.290     3663.410     3663.460     3663.490     3663.570
   360:     3663.650     3663.960     3667.190     3667.320     3667.500
   365:     3670.190     3670.330     3671.110     3679.100     3680.130
   370:     3681.400     3681.460     3681.950     3682.420     3687.710
   375:     3687.840     3688.220     3688.520     3715.790     4459.420
   380:     4461.110     4464.860     4466.860     4466.980     4470.000
   385:     4470.690     4471.120     4510.840     4511.640     4513.190
   390:     4513.320     4513.480     4513.650     4514.420     4515.470
   395:     4521.740     4525.210     4529.900     4537.550     4537.600
   400:     4538.510     4539.760     4540.240     4598.350     4598.550
   405:     4599.630     4599.740     4600.040     4601.070     4601.140
   410:     4601.310     4602.490     4602.670     4602.930     4608.440
   415:     4608.440     4608.440     4608.450     4608.450     4608.450
   420:     4608.450     4608.450     4609.830     4611.480     4612.450
   425:     4613.450     4613.450     4617.770     4618.000     4618.440
   430:     4621.270     4621.420     4623.700     4625.520     4626.560
   435:     4626.620     4626.740     4628.530     4629.060     4629.940
   440:     4630.130     4631.140     4639.140     4647.810     4647.810
   445:     4647.810     4647.820     4647.820     4647.820     4647.820
   450:     4647.820     4648.900     4651.820     4652.410     4652.820
   455:     4652.820     4657.810     4664.960     4665.220     4665.360
   460:     4665.770     4669.040     4669.190     4669.330     4669.440
   465:     4672.790     4676.050     4677.890     4677.940     4678.140
   470:     4680.600     4680.690     4684.650     4684.990     4692.550
   475:     4697.010     4715.290     4715.500     4715.720     4716.030
   480:     4733.120     4734.430     4734.650     4735.130     4737.870
   485:     4740.460     4747.750     4750.190     4751.720     4761.630
   490:     4761.950     4769.570     4771.480     4772.270     4772.510
   495:     4772.840     4773.280     4775.180     4775.270     4775.300
   500:     4775.420     4779.590     4779.710     4780.010     4780.290
   505:     4804.130     4804.770     4812.380     4812.640     4836.980
   510:     4837.390     4837.900     4838.940     4839.710     4839.900
   515:     5533.920     5535.400     5535.490     5564.610     5571.090
   520:     5572.060     5581.090     5587.850     5588.240     5589.320
   525:     5594.270     5707.680     5708.530     5708.900     5710.510
   530:     5710.550     5713.800     5713.910     5719.180     5723.460
   535:     5728.620     5729.420     5730.470     6181.880     6182.550
   540:     6182.600     6183.510     6183.890     6185.820     6185.940
   545:     6186.030     6187.130     6187.330     6189.030     6192.700
   550:     6197.860     6198.680     6255.760     6305.240     6305.820
   555:     6305.910     6308.450     6324.950     6327.010     6329.840
   560:     6329.840     6329.840     6329.850     6329.850     6329.850
   565:     6329.850     6329.850     6330.960     6333.850     6334.850
   570:     6334.850     6337.200     6337.540     6337.600     6337.760
   575:     6337.850     6339.840     6341.080     6342.470     6346.410
   580:     6346.700     6346.820     6352.190     6354.940     6365.690
   585:     6367.550     6370.370     6377.890     6378.760     6378.860
   590:     6378.990     6379.050     6379.080     6379.140     6379.280
   595:     6379.700     6380.010     6380.360     6380.490     6380.530
   600:     6381.520     6381.660     6427.060     6427.940     6446.750
   605:     6447.230     6448.620     6449.090     6460.400     6461.440
   610:     6461.910     6556.930     6556.930     6556.930     6556.940
   615:     6556.940     6556.940     6556.940     6556.940     6559.610
   620:     6559.610     6560.520     6560.940     6561.940     6561.940
   625:     6563.410     6566.680     6566.930     6569.000     6628.030
   630:     7129.290     7133.370     7134.310     7134.470     7136.390
   635:     7142.380     7144.020     7148.540     7148.890     7182.920
   640:     7182.950     7188.580     7202.240     7231.460     7259.490
   645:     7280.080     7351.710     7352.210     7352.300     7352.620
   650:     7352.730     7352.780     7358.190     7358.350     7361.290
   655:     7364.810     7365.860     7370.450     7370.630     7768.740
   660:     7770.220     7770.300     7770.500     7770.620     7783.300
   665:     7799.780     7804.480     7805.780     7806.020     7809.830
   670:     7810.660     7815.860     7816.700     7834.560     7837.080
   675:     7906.200     7939.790     7940.440     7944.270     7944.270
   680:     7944.270     7944.280     7944.280     7944.280     7944.280
   685:     7944.280     7946.500     7946.500     7947.760     7947.760
   690:     7948.280     7949.280     7949.280     7949.840     7953.050
   695:     7954.270     7956.160     7961.360     7961.910     7966.160
   700:     7968.850     7970.690     7972.670     7972.740     7973.100
   705:     8042.820     8043.470     8046.760     8046.960     8047.080
   710:     8051.680     8054.340     8054.580     8054.610     8061.340
   715:     8063.600     8065.170     8067.170     8070.050     8076.860
   720:     8079.730     8083.450     8083.490     8083.920     8087.040
   725:     8087.440     8103.240     8103.460     8109.410     8109.660
   730:     8114.100     8116.110     8231.130     8232.470     8232.840
   735:     8235.100     8235.530     8236.620     8239.990     8397.430
   740:     9152.330     9153.760     9153.920     9154.000     9154.110
   745:     9154.270     9154.460     9154.550     9154.850     9155.510
   750:     9155.560     9234.410     9235.010     9235.050     9235.180
   755:     9235.230     9236.850     9236.930     9237.800     9249.590
   760:     9282.420     9282.840     9282.940     9283.330     9283.420
   765:     9283.730     9284.070     9328.990     9329.180     9330.420
   770:     9330.660     9339.200     9339.200     9339.200     9339.210
   775:     9339.210     9339.210     9339.210     9339.210     9341.040
   780:     9343.210     9344.210     9344.210     9349.200     9426.410
   785:     9426.610     9429.820     9434.690     9434.820     9435.420
   790:     9436.500     9437.280     9437.710     9437.750     9440.640
   795:     9440.740     9441.220     9441.520     9481.500     9489.120
   800:     9489.120     9489.120     9489.130     9489.130     9489.130
   805:     9489.130     9489.130     9491.520     9493.130     9494.130
   810:     9494.130     9499.120     9540.230     9540.230     9540.230
   815:     9540.240     9540.240     9540.240     9540.240     9540.240
   820:     9544.240     9545.240     9545.240     9550.230     9559.840
   825:     9559.840     9559.840     9559.850     9559.850     9559.850
   830:     9559.850     9559.850     9563.850     9564.850     9564.850
   835:     9569.840     9571.060     9571.060     9571.060     9571.070
   840:     9571.070     9571.070     9571.070     9571.070     9571.710
   845:     9571.710     9574.770     9574.770     9575.070     9576.070
   850:     9576.070     9578.930     9580.850     9581.060     9595.250
   855:     9595.950     9601.910     9603.610     9608.940     9615.570
   860:     9615.710     9615.720     9617.030     9619.000     9624.040
   865:     9625.130     9625.810     9629.410     9629.810     9631.270
   870:     9631.440     9634.850     9664.650     9665.850     9666.050
   875:     9677.640     9678.070     9689.480     9723.870     9728.000
   880:     9730.690     9730.750     9732.510     9733.320     9733.630
   885:     9741.910     9747.530     9751.490     9751.900     9754.770
   890:     9757.800     9757.880     9770.770     9778.650     9786.110
   895:     9801.420     9802.130     9802.470     9803.320     9803.380
   900:     9803.410    10577.260    10578.490    10578.680    10648.320
   905:    10648.350    10649.520    10800.010
