File: C:\MED-PC IV\DATA\!2025-09-04_13h03m.Subject T15



Start Date: 09/04/25
End Date: 09/04/25
Subject: T15
Experiment: OralFentSA
Group: One
Box: 8
Start Time: 13:03:56
End Time: 16:03:59
MSN: Golden_Liq_SelfAdmin_LIT
F:       0.000
G:     634.000
H:   10800.010
I:       0.000
J:       0.000
K:       0.000
L:       0.000
M:       0.000
N:       0.000
O:       0.000
P:       0.000
Q:       0.000
R:       0.000
S:       0.000
U:       0.000
V:       0.000
W:       0.000
X:       0.000
Y:       0.000
Z:       0.000
A:
     0:        0.000        0.000      180.000        4.000        0.000
     5:        5.000        0.000        5.000        0.000        0.000
    10:        1.000        0.000       10.000 180000000.00       22.000
    15:       14.000      320.000        0.000        0.000        0.000
    20:        0.000
B:
     0:        0.000        0.000        0.000      400.000        0.000
     5:      500.000        0.000      500.000        0.000        0.000
    10:        0.000        0.000     1000.000 18000000000.        0.000
    15:        0.000        0.000        0.000        0.000        0.000
    20:        0.000
C:
     0:       13.000       14.000        0.000       22.000      395.000
     5:     7451.310       66.980       12.000      766.960       63.913
    10:       22.000       61.000        0.000        0.000        0.000
    15:        0.000        0.000        0.000        0.000        0.000
    20:        0.000
D:
     0:        2.210        0.920       50.680       12.180       54.320
     5:       29.660        5.000       97.180      427.310        9.990
    10:       10.530       66.980
E:
     0:       19.000       11.000       26.000       27.000        6.000
     5:        6.000        6.000        6.000        6.000        6.000
    10:        6.000        6.000        6.000        6.000        6.000
    15:        6.000        6.000        6.000        6.000        6.000
    20:        6.000        6.000        6.000        6.000        6.000
    25:        6.000        6.000        6.000        6.000        6.000
    30:        6.000        6.000        2.000        4.000       22.000
    35:       24.000       13.000        8.000        5.000       17.000
    40:        6.000       18.000       14.000       10.000       19.000
    45:       23.000        2.000        4.000       22.000       24.000
    50:       13.000        8.000        5.000       17.000        6.000
    55:       18.000        6.000       14.000       10.000       19.000
    60:       23.000       23.000        6.000        6.000        6.000
    65:        6.000        6.000        6.000        6.000        6.000
    70:        6.000        6.000       23.000       23.000       23.000
    75:        6.000        6.000        6.000        6.000        6.000
    80:        6.000        6.000        6.000        6.000        6.000
    85:        6.000        6.000        6.000        6.000        6.000
    90:        6.000        6.000        6.000        6.000        6.000
    95:        6.000        6.000        6.000        6.000        6.000
   100:        6.000        6.000        6.000        6.000        6.000
   105:        6.000        6.000        6.000       23.000       23.000
   110:       23.000       23.000       23.000       23.000       23.000
   115:       23.000       23.000        6.000        6.000        6.000
   120:        6.000        6.000        6.000       23.000        6.000
   125:        6.000        6.000       23.000        6.000        6.000
   130:       23.000       23.000       23.000        6.000        6.000
   135:        6.000        6.000        6.000        6.000        6.000
   140:        6.000        6.000        6.000        6.000       23.000
   145:       23.000        6.000        6.000        6.000        6.000
   150:        2.000        4.000       22.000       24.000       13.000
   155:        8.000        5.000       17.000       21.000       22.000
   160:       18.000       14.000       10.000       19.000        6.000
   165:        6.000        6.000        6.000        6.000        2.000
   170:        4.000       22.000       24.000       13.000        8.000
   175:        5.000       17.000       18.000       14.000       10.000
   180:       19.000        2.000        4.000       22.000       24.000
   185:       13.000        8.000        5.000       17.000       18.000
   190:       14.000       10.000       21.000       22.000       19.000
   195:        6.000        2.000        4.000       22.000       24.000
   200:       13.000        8.000        5.000       17.000       21.000
   205:       22.000       18.000       14.000       10.000       21.000
   210:       22.000       21.000       22.000       19.000        6.000
   215:        6.000        6.000        6.000        6.000        6.000
   220:        6.000        6.000        6.000        6.000        6.000
   225:        6.000        6.000        6.000        6.000        6.000
   230:        6.000        6.000       23.000       23.000       23.000
   235:       23.000       23.000       23.000       23.000       23.000
   240:       23.000       23.000       23.000       23.000       23.000
   245:       23.000        6.000        6.000       23.000       23.000
   250:       23.000        6.000       23.000        6.000        6.000
   255:        6.000        6.000        6.000        6.000        6.000
   260:        6.000        6.000        6.000        2.000        4.000
   265:       22.000       24.000       13.000        8.000        5.000
   270:       17.000       18.000       14.000       10.000       21.000
   275:       22.000       19.000        6.000        6.000        6.000
   280:        6.000        6.000        6.000        6.000        6.000
   285:        2.000        4.000       22.000       24.000       13.000
   290:        8.000        5.000       17.000       18.000       14.000
   295:       10.000        6.000        6.000       19.000        6.000
   300:        6.000        6.000        6.000       23.000        6.000
   305:        6.000        6.000        6.000        6.000        6.000
   310:        6.000        6.000        6.000        6.000        6.000
   315:        6.000        6.000        6.000        6.000        6.000
   320:        6.000        6.000        6.000        6.000        6.000
   325:        6.000        6.000        6.000        6.000        6.000
   330:        6.000        6.000        2.000        4.000       22.000
   335:       24.000       13.000        8.000        5.000       17.000
   340:       21.000       22.000       18.000       14.000       10.000
   345:       19.000        6.000        6.000        6.000        6.000
   350:        6.000        6.000        6.000        6.000        6.000
   355:        6.000        6.000        6.000        6.000        6.000
   360:        6.000        6.000        6.000        6.000       23.000
   365:       23.000       23.000        6.000        6.000        6.000
   370:        6.000        6.000        6.000        6.000        6.000
   375:        6.000        6.000        2.000        4.000       22.000
   380:       24.000       13.000        8.000        5.000       17.000
   385:       21.000       22.000       18.000       14.000       10.000
   390:       19.000        6.000        6.000        2.000        4.000
   395:       22.000       24.000       13.000        8.000        5.000
   400:       17.000       18.000       14.000       10.000       19.000
   405:        6.000        6.000        6.000        6.000        6.000
   410:        2.000        4.000       22.000       24.000       13.000
   415:        8.000        5.000       17.000       18.000       14.000
   420:       10.000       21.000       22.000       19.000        6.000
   425:        6.000        2.000        4.000       22.000       24.000
   430:       13.000        8.000        5.000       17.000       18.000
   435:       14.000       10.000       19.000       23.000       23.000
   440:       23.000       23.000       23.000       23.000       23.000
   445:       23.000       23.000       23.000       23.000        6.000
   450:       23.000        6.000        6.000        6.000        6.000
   455:        6.000        6.000        6.000        6.000        6.000
   460:        6.000        6.000        6.000        6.000        6.000
   465:        6.000        6.000        6.000        6.000        6.000
   470:        6.000        6.000        6.000        6.000        6.000
   475:        6.000        6.000        6.000        6.000        6.000
   480:        6.000        6.000        6.000        6.000        6.000
   485:        6.000        6.000        6.000        6.000        6.000
   490:        6.000        6.000        6.000        6.000        6.000
   495:        6.000        6.000        6.000        6.000        6.000
   500:        6.000        6.000        6.000        6.000        6.000
   505:        6.000        6.000        6.000        6.000        6.000
   510:        6.000        6.000        6.000        6.000        6.000
   515:        6.000        6.000        6.000        6.000        6.000
   520:        6.000        6.000        6.000        6.000        6.000
   525:        6.000        6.000        6.000        6.000        6.000
   530:        6.000        6.000        6.000        6.000        6.000
   535:        6.000        6.000        6.000        6.000        6.000
   540:        6.000        6.000        6.000        6.000        6.000
   545:        6.000        6.000        6.000        6.000        6.000
   550:        6.000        6.000        6.000        6.000        6.000
   555:        6.000        6.000        6.000        6.000        6.000
   560:        6.000        6.000        6.000        6.000        6.000
   565:        6.000        6.000        6.000        6.000        6.000
   570:        6.000        6.000        6.000        6.000        6.000
   575:        6.000        6.000        6.000        6.000        6.000
   580:        6.000        6.000        6.000        6.000        6.000
   585:        6.000        6.000        6.000        6.000        6.000
   590:        6.000        6.000        6.000        6.000        6.000
   595:        6.000        6.000       23.000        6.000        6.000
   600:       23.000        6.000        6.000        6.000        6.000
   605:        6.000        6.000        6.000        6.000        6.000
   610:        6.000        6.000        6.000        6.000        6.000
   615:        6.000        6.000        6.000        6.000        6.000
   620:        6.000        6.000        6.000        6.000        6.000
   625:       23.000        6.000        6.000        6.000       23.000
   630:       23.000        6.000        6.000        6.000      100.000
T:
     0:        0.000        0.000        0.000        0.000        4.200
     5:        5.320        5.350        6.540       27.600       27.640
    10:       27.790       73.770       83.500       87.230       88.720
    15:       88.910       93.950      108.890      216.190      221.770
    20:      221.790      223.640      226.290      233.540      235.230
    25:      236.380      250.430      251.710      266.440      349.910
    30:      352.450      352.530      358.360      358.360      358.360
    35:      358.370      358.370      358.370      358.370      358.370
    40:      360.580      362.370      363.370      363.370      368.360
    45:      369.870      420.000      420.000      420.000      420.010
    50:      420.010      420.010      420.010      420.010      420.930
    55:      424.010      424.220      425.010      425.010      430.000
    60:      445.960      448.000      468.520      471.370      471.390
    65:      473.930      474.080      485.670      485.950      486.320
    70:      574.990      710.940      778.170      780.530      815.190
    75:     1036.710     1052.570     1052.750     1052.810     1052.890
    80:     1055.290     1057.080     1060.380     1061.240     1061.450
    85:     1061.460     1061.770     1068.590     1069.110     1070.190
    90:     1071.000     1071.110     1071.220     1076.950     1078.600
    95:     1085.670     1086.980     1087.020     1088.000     1090.530
   100:     1095.830     1096.150     1100.230     1102.120     1104.450
   105:     1149.260     1149.770     1149.830     1253.320     1254.040
   110:     1255.230     1255.680     1258.610     1258.960     1260.730
   115:     1262.970     1263.550     1624.480     1624.530     1624.870
   120:     1624.900     1625.790     1626.630     1737.260     1746.880
   125:     1747.430     1748.060     1788.950     1794.310     1794.560
   130:     1838.680     1840.130     1840.620     1873.180     1873.500
   135:     1878.790     1880.130     1880.300     1883.290     1883.400
   140:     1884.170     1884.510     1885.100     1889.820     2344.420
   145:     2346.720     2354.360     2355.440     2359.340     2359.370
   150:     2362.810     2362.810     2362.810     2362.820     2362.820
   155:     2362.820     2362.820     2362.820     2364.500     2364.500
   160:     2366.820     2367.820     2367.820     2372.810     2413.500
   165:     2416.000     2416.150     2416.220     2416.240     2423.310
   170:     2423.310     2423.310     2423.320     2423.320     2423.320
   175:     2423.320     2423.320     2427.320     2428.320     2428.320
   180:     2433.310     2466.810     2466.810     2466.810     2466.820
   185:     2466.820     2466.820     2466.820     2466.820     2470.820
   190:     2471.820     2471.820     2476.010     2476.010     2476.810
   195:     2479.000     2481.320     2481.320     2481.320     2481.330
   200:     2481.330     2481.330     2481.330     2481.330     2483.200
   205:     2483.200     2485.330     2486.330     2486.330     2487.580
   210:     2487.580     2489.010     2489.010     2491.320     2535.650
   215:     2537.690     2553.950     2586.120     2729.370     2731.370
   220:     2755.630     2755.950     2800.760     2801.160     2802.410
   225:     2804.990     2805.440     2806.720     2807.640     2807.860
   230:     2808.170     2810.690     2861.750     2864.960     2871.810
   235:     2873.010     2877.090     2924.700     2925.300     2925.510
   240:     2926.240     2927.510     2929.430     2991.460     2996.560
   245:     3007.310     3353.470     3357.760     3372.320     3393.940
   250:     3411.490     3731.620     3747.400     3759.290     3763.120
   255:     3768.710     3768.870     3771.880     4054.630     4055.910
   260:     4073.320     4073.480     4073.580     4093.950     4093.950
   265:     4093.950     4093.960     4093.960     4093.960     4093.960
   270:     4093.960     4097.960     4098.960     4098.960     4101.350
   275:     4101.350     4103.950     4123.620     4123.740     4124.980
   280:     4125.340     4142.100     4142.750     4145.950     4146.200
   285:     4167.700     4167.700     4167.700     4167.710     4167.710
   290:     4167.710     4167.710     4167.710     4171.710     4172.710
   295:     4172.710     4172.710     4177.260     4177.700     4178.650
   300:     4178.830     4183.330     4184.910     4495.310     4498.800
   305:     4499.030     4742.300     4746.310     4746.340     4746.600
   310:     4748.390     4748.730     4841.240     4841.690     4842.260
   315:     4918.900     4919.090     4975.710     4975.720     5002.920
   320:     5003.390     5003.530     5006.410     5010.180     5010.470
   325:     5034.370     5035.340     5035.610     5059.930     5120.740
   330:     5120.880     5121.890     5124.260     5124.260     5124.260
   335:     5124.270     5124.270     5124.270     5124.270     5124.270
   340:     5125.980     5125.980     5128.270     5129.270     5129.270
   345:     5134.260     5221.450     5253.150     5325.100     5330.060
   350:     5333.930     5334.040     5334.100     5335.660     5336.140
   355:     5336.490     5337.310     5337.680     5392.950     5393.250
   360:     5393.430     5419.500     6066.500     6077.090     6149.150
   365:     6158.660     6160.540     6183.580     6184.060     6184.640
   370:     6397.220     6397.280     6427.630     6427.780     6428.040
   375:     6744.500     6855.340     6860.140     6860.140     6860.140
   380:     6860.150     6860.150     6860.150     6860.150     6860.150
   385:     6863.230     6863.230     6864.150     6865.150     6865.150
   390:     6870.140     7287.460     7292.650     7297.330     7297.330
   395:     7297.330     7297.340     7297.340     7297.340     7297.340
   400:     7297.340     7301.340     7302.340     7302.340     7307.330
   405:     7307.330     7307.350     7308.510     7363.850     7371.200
   410:     7437.770     7437.770     7437.770     7437.780     7437.780
   415:     7437.780     7437.780     7437.780     7441.780     7442.780
   420:     7442.780     7444.590     7444.590     7447.770     7448.310
   425:     7448.600     7451.300     7451.300     7451.300     7451.310
   430:     7451.310     7451.310     7451.310     7451.310     7455.310
   435:     7456.310     7456.310     7461.300     7489.280     7490.930
   440:     7491.610     7496.720     7497.400     7498.020     7501.510
   445:     7503.840     7503.900     7507.130     7507.630     7518.290
   450:     7540.140     7560.170     7560.590     7561.000     7561.200
   455:     7561.260     7561.330     7564.010     7573.120     7574.310
   460:     7574.670     7575.340     7576.300     7576.540     7577.200
   465:     7578.760     7579.010     7580.360     7581.680     7582.790
   470:     7590.650     7593.230     7595.060     7597.840     7601.100
   475:     7601.140     7601.230     7605.160     7605.970     7606.580
   480:     7606.680     7610.600     7611.490     7612.320     7612.690
   485:     7612.940     7613.360     7613.580     7613.960     7614.060
   490:     7614.120     7615.880     7616.900     7617.200     7618.220
   495:     7618.370     7618.400     7620.070     7620.120     7620.140
   500:     7641.200     7643.670     7643.770     7645.070     7645.490
   505:     7646.540     7646.620     7646.650     7647.420     7649.100
   510:     7649.870     7649.960     7651.810     7652.540     7653.540
   515:     7653.930     7654.070     7663.800     7664.470     7664.600
   520:     7665.420     7666.040     7666.430     7666.520     7667.120
   525:     7667.340     7667.780     7671.770     7674.350     7675.390
   530:     7675.430     7694.850     7695.350     7695.740     7696.370
   535:     7700.390     7700.760     7701.970     7703.750     7704.990
   540:     7705.120     7705.320     7706.960     7707.530     7707.620
   545:     7708.590     7710.090     7710.170     8033.270     8033.410
   550:     8035.470     8036.240     8088.580     8089.890     8268.510
   555:     8268.600     8268.940     8269.040     8269.190     8269.200
   560:     8269.680     8294.490     8295.860     8296.220     8296.400
   565:     8336.590     8511.930     8511.960     8555.700     8555.940
   570:     8629.950     8630.080     8630.110     8630.190     8630.320
   575:     8689.960     8690.040     8690.640     8750.710     8907.400
   580:     8909.200     8909.310     8909.370     8925.800     8927.200
   585:     8966.620     8966.750     8968.540     8969.420     8969.570
   590:     8989.320     9236.230     9251.130     9251.730     9252.240
   595:     9252.520     9290.330     9359.660     9369.340     9377.170
   600:     9443.230     9497.950     9907.000     9907.450     9909.700
   605:     9909.970     9910.670     9910.840     9915.520     9915.790
   610:     9942.050     9945.490     9953.490     9954.990     9955.750
   615:     9957.260     9957.640     9990.280    10001.060    10001.420
   620:    10003.390    10003.480    10261.480    10267.580    10269.740
   625:    10298.300    10411.900    10412.710    10414.350    10431.080
   630:    10433.030    10615.360    10620.510    10620.530    10800.010
