File: C:\MED-PC IV\DATA\!2025-09-02_16h19m.Subject T23



Start Date: 09/02/25
End Date: 09/02/25
Subject: T23
Experiment: OralFentSA
Group: One
Box: 5
Start Time: 16:19:36
End Time: 19:19:40
MSN: Golden_Liq_SelfAdmin_LIT
F:       0.000
G:     974.000
H:   10800.010
I:       0.000
J:       0.000
K:       0.000
L:       0.000
M:       0.000
N:       0.000
O:       0.000
P:       0.000
Q:       0.000
R:       0.000
S:       0.000
U:       0.000
V:       0.000
W:       0.000
X:       0.000
Y:       0.000
Z:       0.000
A:
     0:        0.000        0.000      180.000        4.000        0.000
     5:        5.000        0.000        5.000        0.000        0.000
    10:        1.000        0.000       10.000 30000000.000       20.000
    15:       12.000      320.000        0.000        0.000        0.000
    20:        0.000
B:
     0:        0.000        0.000        0.000      400.000        0.000
     5:      500.000        0.000      500.000        0.000        0.000
    10:        0.000        0.000     1000.000 3000000000.0        0.000
    15:        0.000        0.000        0.000        0.000        0.000
    20:        0.000
C:
     0:       12.000       13.000        0.000       16.000      678.000
     5:    10507.830      268.110       11.000      309.530       28.139
    10:       16.000      140.000        0.000        0.000        0.000
    15:        0.000        0.000        0.000        0.000        0.000
    20:        0.000
D:
     0:        1.430        1.430        1.830        1.830        1.370
     5:        2.370        1.490       26.370        1.500        1.800
    10:      268.110
E:
     0:       19.000       11.000       26.000       27.000       23.000
     5:        6.000       23.000        6.000        6.000        6.000
    10:        6.000        6.000        6.000        6.000        6.000
    15:        6.000        6.000        6.000       23.000        6.000
    20:        6.000        6.000        6.000        6.000        6.000
    25:        6.000        6.000        6.000       23.000        6.000
    30:        6.000        6.000        6.000        6.000        6.000
    35:        6.000        6.000        6.000        6.000        6.000
    40:        6.000        6.000        6.000        6.000        6.000
    45:        6.000        6.000        6.000        6.000        6.000
    50:        6.000        6.000        6.000        6.000        6.000
    55:       23.000        6.000        6.000        6.000        6.000
    60:        6.000        6.000        6.000        6.000        6.000
    65:        6.000        6.000        6.000        6.000        6.000
    70:        6.000        6.000        6.000        6.000        6.000
    75:        6.000        6.000        6.000        6.000        6.000
    80:        6.000        6.000        6.000        6.000        6.000
    85:        6.000        6.000        6.000        6.000        6.000
    90:        6.000        6.000       23.000       23.000       23.000
    95:        6.000        6.000        6.000        6.000        6.000
   100:        6.000        6.000        6.000        6.000        6.000
   105:        6.000        6.000        6.000        6.000        6.000
   110:        6.000        6.000        6.000        6.000        6.000
   115:        6.000        6.000        6.000        6.000        6.000
   120:        6.000        6.000        6.000        6.000        6.000
   125:        6.000        6.000        6.000        6.000        6.000
   130:        6.000        6.000        6.000        6.000        6.000
   135:        6.000        6.000        6.000        6.000        6.000
   140:        6.000        6.000        6.000        6.000        6.000
   145:        6.000        6.000        6.000        6.000        6.000
   150:        6.000        6.000        6.000        6.000        6.000
   155:        6.000        6.000        6.000        6.000        6.000
   160:        6.000        6.000        6.000        6.000        6.000
   165:        6.000        6.000        2.000        4.000       22.000
   170:       24.000       13.000        8.000        5.000       17.000
   175:        6.000        6.000       18.000       14.000       10.000
   180:        6.000        6.000       19.000        6.000        6.000
   185:        6.000        6.000        6.000        6.000        6.000
   190:        6.000        6.000        6.000        6.000        6.000
   195:        6.000        6.000       23.000        6.000        6.000
   200:        6.000        6.000        6.000        6.000        6.000
   205:        6.000        6.000        6.000        6.000        6.000
   210:        6.000        6.000        6.000        6.000        6.000
   215:        6.000        6.000        6.000        6.000        6.000
   220:       23.000        6.000        6.000        6.000        6.000
   225:        6.000        6.000        6.000        6.000        6.000
   230:        6.000        6.000        6.000        6.000        6.000
   235:        6.000        6.000        6.000        6.000        6.000
   240:        6.000        6.000        6.000        6.000        6.000
   245:        6.000        6.000        6.000        6.000        6.000
   250:        6.000        6.000        6.000        6.000        6.000
   255:        6.000        6.000        6.000        6.000        6.000
   260:        6.000        6.000        6.000        6.000        6.000
   265:        6.000        6.000        6.000        6.000        6.000
   270:        6.000        6.000        6.000        6.000        6.000
   275:        6.000        6.000        6.000        6.000        6.000
   280:        6.000        6.000        6.000        6.000        6.000
   285:        6.000        6.000        6.000        6.000        6.000
   290:        6.000        6.000        6.000        6.000        6.000
   295:        6.000        6.000        6.000        6.000        6.000
   300:        6.000        6.000        6.000        6.000        6.000
   305:        6.000        6.000        6.000        6.000        6.000
   310:        6.000        6.000        6.000        6.000        6.000
   315:        6.000        6.000        6.000        6.000        6.000
   320:        6.000        6.000        6.000        6.000        6.000
   325:        6.000        6.000        6.000        6.000        6.000
   330:        6.000        6.000        6.000        6.000        2.000
   335:        4.000       22.000       24.000       13.000        8.000
   340:        5.000       17.000        6.000       18.000       14.000
   345:       10.000       19.000        6.000        6.000        6.000
   350:        6.000        6.000        6.000        6.000        6.000
   355:        6.000        6.000        6.000        6.000        6.000
   360:        6.000        6.000        6.000        6.000        6.000
   365:        6.000        6.000        6.000        6.000        6.000
   370:        6.000        6.000        6.000        6.000        6.000
   375:        6.000        6.000        6.000        6.000        6.000
   380:        6.000        6.000        6.000        6.000        6.000
   385:        6.000        6.000        6.000        6.000        6.000
   390:        6.000        6.000        6.000        6.000        6.000
   395:        6.000        6.000        6.000        6.000        6.000
   400:        6.000        6.000        6.000        6.000        6.000
   405:        6.000       23.000       23.000       23.000        6.000
   410:        6.000        6.000        6.000        6.000        6.000
   415:        6.000        6.000        6.000        6.000        6.000
   420:       23.000       23.000       23.000       23.000        6.000
   425:        6.000        6.000        6.000       23.000       23.000
   430:       23.000       23.000       23.000       23.000       23.000
   435:       23.000       23.000       23.000       23.000       23.000
   440:       23.000       23.000       23.000       23.000       23.000
   445:       23.000       23.000       23.000       23.000       23.000
   450:       23.000       23.000       23.000       23.000       23.000
   455:       23.000       23.000       23.000       23.000       23.000
   460:       23.000       23.000       23.000       23.000       23.000
   465:       23.000       23.000       23.000       23.000        6.000
   470:        6.000       23.000       23.000       23.000       23.000
   475:       23.000       23.000       23.000       23.000       23.000
   480:       23.000       23.000       23.000       23.000       23.000
   485:       23.000       23.000       23.000       23.000       23.000
   490:        6.000        6.000        6.000        6.000        6.000
   495:        6.000        6.000        6.000       23.000       23.000
   500:       23.000       23.000       23.000       23.000       23.000
   505:       23.000       23.000        6.000        6.000        6.000
   510:        6.000        6.000        6.000        6.000        6.000
   515:        6.000        6.000        2.000        4.000       22.000
   520:       24.000       13.000        8.000        5.000       17.000
   525:        6.000       18.000       14.000       10.000        6.000
   530:        6.000       19.000        6.000        6.000       23.000
   535:       23.000       23.000        6.000        6.000        6.000
   540:       23.000       23.000       23.000       23.000       23.000
   545:       23.000       23.000       23.000       23.000       23.000
   550:       23.000       23.000       23.000       23.000       23.000
   555:       23.000        6.000       23.000       23.000        2.000
   560:        4.000       22.000       24.000       13.000        8.000
   565:        5.000       17.000       21.000       22.000       18.000
   570:       21.000       22.000       14.000       10.000       21.000
   575:       22.000       21.000       22.000       19.000        2.000
   580:        4.000       22.000       24.000       13.000        8.000
   585:        5.000       17.000        6.000       18.000        6.000
   590:        6.000       14.000       10.000        6.000       19.000
   595:        2.000        4.000       22.000       24.000       13.000
   600:        8.000        5.000       17.000        6.000       18.000
   605:       14.000       10.000       19.000        6.000        6.000
   610:        6.000       23.000        6.000        6.000        6.000
   615:        6.000        6.000        6.000        6.000        6.000
   620:       23.000        6.000        6.000        6.000        6.000
   625:        6.000        6.000        6.000        6.000        6.000
   630:        6.000        6.000        6.000        6.000        6.000
   635:        6.000        6.000        6.000        6.000        6.000
   640:        6.000        6.000        6.000        6.000        6.000
   645:        6.000        6.000        6.000        6.000       23.000
   650:        6.000        6.000        6.000        6.000        6.000
   655:        6.000        6.000        6.000        6.000        6.000
   660:        6.000       23.000       23.000       23.000       23.000
   665:       23.000        6.000        6.000        6.000        6.000
   670:        6.000        6.000        6.000        6.000        6.000
   675:        6.000       23.000        6.000        6.000        6.000
   680:        6.000        6.000        6.000        6.000        6.000
   685:        6.000        6.000       23.000       23.000       23.000
   690:       23.000       23.000       23.000        6.000       23.000
   695:       23.000       23.000       23.000        6.000        6.000
   700:        6.000        6.000        6.000        6.000        6.000
   705:        6.000        6.000       23.000        6.000        6.000
   710:        6.000        6.000        6.000        6.000        6.000
   715:        6.000        6.000        6.000        6.000        6.000
   720:        6.000        6.000        6.000        6.000        6.000
   725:        6.000        6.000        6.000        6.000        6.000
   730:        6.000        6.000        6.000        6.000        6.000
   735:        6.000        6.000        6.000        6.000        6.000
   740:        6.000        6.000        6.000        6.000        6.000
   745:        6.000        6.000        6.000        6.000        6.000
   750:        6.000        6.000        6.000        6.000        6.000
   755:        6.000        6.000        6.000        6.000        6.000
   760:        6.000        6.000        6.000        6.000        6.000
   765:        6.000        6.000        6.000        6.000        6.000
   770:        6.000        6.000        6.000        6.000        6.000
   775:        6.000        6.000        6.000        6.000        6.000
   780:        6.000        6.000        6.000        6.000        6.000
   785:        6.000        6.000        6.000        6.000        6.000
   790:        6.000        6.000        6.000        6.000        6.000
   795:        6.000        6.000        6.000        6.000        6.000
   800:        6.000        6.000        6.000        6.000        6.000
   805:        6.000        6.000        6.000        6.000        6.000
   810:        6.000        6.000        6.000        6.000        6.000
   815:        6.000        6.000        6.000        6.000        6.000
   820:        6.000        6.000        6.000        6.000        6.000
   825:        6.000        6.000        6.000        6.000        2.000
   830:        4.000       22.000       24.000       13.000        8.000
   835:        5.000       17.000        6.000       18.000       14.000
   840:       10.000       19.000        6.000        6.000        6.000
   845:        6.000        2.000        4.000       22.000       24.000
   850:       13.000        8.000        5.000       17.000        6.000
   855:       18.000       14.000       10.000       19.000        2.000
   860:        4.000       22.000       24.000       13.000        8.000
   865:        5.000       17.000       18.000       14.000       10.000
   870:       19.000        6.000        6.000       23.000        6.000
   875:        6.000        6.000       23.000       23.000       23.000
   880:        6.000        6.000        6.000        6.000        6.000
   885:        6.000        6.000        2.000        4.000       22.000
   890:       24.000       13.000        8.000        5.000       17.000
   895:        6.000        6.000       18.000        6.000       14.000
   900:       10.000       19.000        2.000        4.000       22.000
   905:       24.000       13.000        8.000        5.000       17.000
   910:        6.000       18.000       14.000       10.000       23.000
   915:       19.000        6.000        6.000        6.000        6.000
   920:        6.000        6.000       23.000        6.000        6.000
   925:        6.000        6.000        6.000        6.000        6.000
   930:        6.000        6.000        6.000        6.000        6.000
   935:        6.000        6.000        6.000        6.000        6.000
   940:        6.000        6.000        6.000        6.000        6.000
   945:        6.000        6.000        6.000        6.000        6.000
   950:        6.000        6.000       23.000       23.000       23.000
   955:       23.000       23.000       23.000        6.000        2.000
   960:        4.000       22.000       24.000       13.000        8.000
   965:        5.000       17.000       18.000       14.000       10.000
   970:       19.000       23.000        6.000        6.000      100.000
T:
     0:        0.000        0.000        0.000        0.000        6.400
     5:       33.610       40.690       61.720       81.660       91.670
    10:       91.760       91.830      111.910      111.940      111.990
    15:      112.780      112.890      112.930      139.890      161.530
    20:      187.430      187.500      232.430      313.460      313.620
    25:      319.740      319.770      320.010      332.630      335.700
    30:      339.770      351.000      356.100      365.930      371.140
    35:      395.800      402.980      436.150      436.310      436.420
    40:      436.530      436.610      441.500      445.650      446.090
    45:      447.180      447.330      447.570      448.470      448.930
    50:      450.060      482.850      506.400      507.030      507.600
    55:      532.830      598.360      598.500      600.580      600.850
    60:      600.880      601.790      605.530      605.580      606.440
    65:      677.150      677.740      677.830      678.490      678.540
    70:      678.620      678.650      678.800      679.260      679.630
    75:      680.680      680.930      681.670      682.070      683.300
    80:      683.500      690.590      694.260      694.480      696.920
    85:      697.800      699.940      703.220      703.620      703.680
    90:      705.000      709.050      729.190      730.290      732.050
    95:      738.020      738.760      745.220      746.840      748.400
   100:      749.240      763.580      764.020      764.380      764.770
   105:      765.530      766.220      766.260      766.670      768.100
   110:      769.560      770.310      771.430      771.830      771.950
   115:      772.130      773.050      773.170      773.200      774.830
   120:      774.880      776.160      776.300      776.980      778.150
   125:      781.370      781.510      781.690      781.820      781.990
   130:      782.970      783.020      802.510      802.850      803.360
   135:      803.400      805.200      805.430      805.990      806.520
   140:      808.670      808.840      808.890      808.940      808.980
   145:      810.030      866.230      866.610      882.140      888.560
   150:      888.650      888.760      925.290      928.010      930.330
   155:      932.980      936.010      938.560      938.990      939.020
   160:      939.170      939.210      939.670      939.920      940.000
   165:      940.020      941.640      966.730      966.730      966.730
   170:      966.740      966.740      966.740      966.740      966.740
   175:      968.170      970.040      970.740      971.740      971.740
   180:      975.880      975.940      976.730      978.730      980.610
   185:      982.040      982.420      982.960      984.390      986.270
   190:      987.800      996.590      998.360     1009.250     1018.880
   195:     1066.990     1067.930     1091.880     1100.280     1100.390
   200:     1102.740     1115.980     1116.020     1119.010     1119.400
   205:     1121.260     1121.390     1121.480     1143.450     1149.670
   210:     1149.760     1149.840     1150.000     1202.240     1320.940
   215:     1321.260     1323.790     1323.900     1364.800     1452.970
   220:     1462.800     1472.600     1473.130     1474.370     1474.440
   225:     1479.830     1480.790     1481.030     1481.080     1487.050
   230:     1487.200     1493.700     1495.190     1497.890     1504.500
   235:     1504.570     1504.790     1505.440     1505.630     1505.670
   240:     1506.410     1506.420     1506.570     1506.680     1506.910
   245:     1507.240     1507.540     1507.630     1508.170     1508.240
   250:     1508.280     1509.220     1509.440     1511.450     1511.480
   255:     1515.370     1516.290     1516.350     1518.300     1519.570
   260:     1521.100     1522.300     1523.390     1523.890     1941.420
   265:     1951.770     1955.350     1956.850     1957.480     1958.320
   270:     1958.420     1958.640     1959.350     1959.860     1960.160
   275:     1960.240     1960.390     1960.430     1960.860     1961.430
   280:     1961.490     1961.840     1962.210     1962.380     1962.550
   285:     1962.620     1962.700     1962.880     1962.930     1965.200
   290:     1965.680     1967.780     1967.930     1969.100     1969.520
   295:     1973.510     1973.730     1973.830     1974.080     1974.420
   300:     1974.780     1977.410     1977.830     1977.890     1987.360
   305:     1987.430     1987.650     1992.850     1992.930     1993.430
   310:     1994.050     1994.590     2002.560     2003.050     2005.690
   315:     2005.750     2005.940     2006.230     2008.620     2009.220
   320:     2009.380     2010.470     2011.070     2012.020     2014.580
   325:     2016.860     2018.790     2019.180     2019.870     2019.920
   330:     2021.050     2030.230     2030.710     2038.280     2099.640
   335:     2099.640     2099.640     2099.650     2099.650     2099.650
   340:     2099.650     2099.650     2101.080     2103.650     2104.650
   345:     2104.650     2109.640     2229.020     2232.440     2234.540
   350:     2236.990     2237.600     2237.650     2238.870     2241.410
   355:     2241.430     2246.240     2246.300     2247.650     2253.720
   360:     2253.930     2257.150     2257.350     2259.640     2260.200
   365:     2260.840     2261.010     2261.130     2261.260     2261.380
   370:     2261.690     2263.730     2265.600     2271.270     2271.350
   375:     2271.870     2276.340     2276.430     2276.640     2277.600
   380:     2320.070     2325.590     2325.970     2326.350     2326.450
   385:     2329.420     2329.500     2331.760     2332.080     2332.820
   390:     2332.970     2334.470     2357.290     2358.360     2361.190
   395:     2361.570     2361.660     2368.990     2447.600     2489.670
   400:     2489.700     2489.750     2708.340     2708.510     2722.630
   405:     2723.040     2729.090     2729.290     2732.850     2739.650
   410:     2740.110     2792.860     2793.240     2793.830     2802.990
   415:     2803.060     2803.240     2805.210     2805.250     2829.070
   420:     2867.400     2869.430     2870.060     2872.380     2876.160
   425:     2876.410     2898.100     2899.930     2906.480     2908.110
   430:     2908.790     2909.530     2912.680     2915.630     2916.400
   435:     2923.820     2925.490     2927.360     2931.250     2958.140
   440:     2968.600     2969.170     2971.150     2987.590     2993.830
   445:     2994.250     2998.000     3000.780     3003.630     3004.990
   450:     3010.100     3012.210     3033.310     3034.940     3036.640
   455:     3037.050     3039.150     3044.230     3044.580     3044.740
   460:     3044.980     3049.190     3054.380     3061.730     3064.140
   465:     3069.140     3073.750     3079.550     3080.620     3092.230
   470:     3095.770     3109.330     3110.130     3112.960     3120.910
   475:     3124.830     3144.260     3144.910     3146.660     3148.370
   480:     3150.480     3151.920     3154.250     3162.320     3167.630
   485:     3168.930     3170.340     3175.270     3176.380     3179.710
   490:     3189.590     3193.180     3194.190     3194.710     3195.290
   495:     3196.810     3199.290     3199.940     3211.270     3212.270
   500:     3213.320     3215.740     3241.130     3241.240     3242.240
   505:     3274.090     3274.710     3289.650     3311.990     3316.650
   510:     3326.420     3326.480     3326.510     3326.710     3326.860
   515:     3326.940     3341.600     3352.540     3352.540     3352.540
   520:     3352.550     3352.550     3352.550     3352.550     3352.550
   525:     3354.380     3356.550     3357.550     3357.550     3358.830
   530:     3362.300     3362.540     3367.680     3384.860     3447.200
   535:     3448.110     3449.300     3514.450     3514.750     3631.020
   540:     3665.270     3665.600     3669.790     3689.190     3689.480
   545:     3691.190     3693.320     3694.800     3696.730     3697.760
   550:     3700.640     3702.700     3705.340     3706.300     3734.070
   555:     3735.060     3752.930     3788.570     3789.160     3926.590
   560:     3926.590     3926.590     3926.600     3926.600     3926.600
   565:     3926.600     3926.600     3929.610     3929.610     3930.600
   570:     3931.220     3931.220     3931.600     3931.600     3933.840
   575:     3933.840     3936.210     3936.210     3936.590     3941.510
   580:     3941.510     3941.510     3941.520     3941.520     3941.520
   585:     3941.520     3941.520     3943.350     3945.520     3946.330
   590:     3946.390     3946.520     3946.520     3946.870     3951.510
   595:     3983.840     3983.840     3983.840     3983.850     3983.850
   600:     3983.850     3983.850     3983.850     3985.220     3987.850
   605:     3988.850     3988.850     3993.840     3996.220     4023.640
   610:     4024.000     4039.080     4063.080     4066.800     4176.640
   615:     4178.160     4245.800     4343.880     4350.350     4350.400
   620:     4465.310     4646.590     4696.350     4696.530     4750.920
   625:     4751.170     4751.390     4751.910     4751.990     5023.870
   630:     5024.040     5024.240     5055.370     5056.620     5057.010
   635:     5057.980     5070.940     5071.120     5071.320     5071.830
   640:     5072.600     5074.870     5080.650     5186.620     5186.820
   645:     5204.340     5333.680     5333.780     5334.010     5374.400
   650:     5381.240     5381.450     5413.100     5462.610     5474.010
   655:     5474.530     5476.520     5490.110     5490.290     5493.370
   660:     5493.510     5523.530     5525.620     5528.540     5530.850
   665:     5532.770     5583.150     5622.920     5654.760     5667.890
   670:     5672.300     5672.450     5672.970     5673.450     5709.850
   675:     5710.500     5742.820     5749.550     5749.790     5749.840
   680:     5752.090     5754.000     5755.140     5805.790     5864.540
   685:     5865.870     5872.470     5914.840     5915.330     5916.450
   690:     5917.090     5918.280     5919.570     5922.750     5997.270
   695:     5998.050     5998.300     5999.030     6001.050     6038.000
   700:     6040.620     6041.750     6041.760     6041.800     6157.870
   705:     6158.300     6159.630     6194.790     6221.860     6245.270
   710:     6250.180     6251.590     6256.080     6256.580     6257.360
   715:     6267.960     6279.310     6280.100     6280.760     6281.080
   720:     6288.610     6289.440     6289.710     6293.980     6294.010
   725:     6299.180     6299.990     6303.010     6314.190     6316.030
   730:     6316.110     6330.400     6339.660     6342.790     6343.400
   735:     6350.700     6352.690     6543.640     6544.350     6555.370
   740:     6556.040     6557.210     6560.630     6562.050     6562.120
   745:     6562.300     6586.770     6587.240     6588.410     6589.000
   750:     6675.920     6675.990     6680.290     6680.940     6808.440
   755:     6823.790     6824.730     6837.250     6839.570     6858.600
   760:     6858.870     6859.160     6859.360     6860.050     6864.990
   765:     6899.860     6902.040     6905.630     6905.720     6906.090
   770:     6918.700     6948.470     6955.480     6966.830     6970.130
   775:     6970.270     6973.490     6979.340     6979.470     6979.610
   780:     6979.920     6979.970     6981.230     6983.130     6983.820
   785:     6983.950     6984.030     6984.140     6988.460     6988.980
   790:     6989.140     6989.170     6990.720     7060.940     7105.080
   795:     7105.310     7105.610     7106.030     7106.190     7107.190
   800:     7108.250     7108.560     7108.930     7109.840     7110.170
   805:     7117.310     7118.740     7120.850     7122.310     7124.050
   810:     7124.140     7124.530     7124.610     7125.110     7125.190
   815:     7125.500     7125.870     7125.940     7126.520     7129.900
   820:     7129.940     7163.670     7163.910     7163.940     7165.920
   825:     7166.500     7166.720     7166.730     7167.040     7199.730
   830:     7199.730     7199.730     7199.740     7199.740     7199.740
   835:     7199.740     7199.740     7202.110     7203.740     7204.740
   840:     7204.740     7209.730     7225.790     7229.430     7230.280
   845:     7230.410     7232.410     7232.410     7232.410     7232.420
   850:     7232.420     7232.420     7232.420     7232.420     7233.910
   855:     7236.420     7237.420     7237.420     7242.410     7253.840
   860:     7253.840     7253.840     7253.850     7253.850     7253.850
   865:     7253.850     7253.850     7257.850     7258.850     7258.850
   870:     7263.840     7280.220     7313.380     7320.500     7354.680
   875:     7375.840     7377.030     7394.230     7414.120     7414.970
   880:     7430.080     7445.030     7462.470     7465.350     7504.560
   885:     7586.070     7588.900     7595.770     7595.770     7595.770
   890:     7595.780     7595.780     7595.780     7595.780     7595.780
   895:     7597.280     7597.900     7599.780     7599.940     7600.780
   900:     7600.780     7605.770     7654.980     7654.980     7654.980
   905:     7654.990     7654.990     7654.990     7654.990     7654.990
   910:     7656.790     7658.990     7659.990     7659.990     7660.340
   915:     7664.980     7778.540     7778.600     7815.530     7816.750
   920:     7817.390     7827.210     7843.490     7854.010     8029.760
   925:     8029.880     8038.700     8038.870     8041.970     8567.060
   930:     8589.710     8612.530     8636.510     8655.670     8841.340
   935:     8842.590     8842.610     8980.720     8983.270     9068.870
   940:     9069.960     9072.550     9076.960     9077.320     9077.510
   945:     9081.040     9081.730     9125.070     9744.840     9749.150
   950:     9749.170     9802.120     9879.000     9879.710     9886.970
   955:     9900.950    10488.250    10489.160    10502.300    10507.820
   960:    10507.820    10507.820    10507.830    10507.830    10507.830
   965:    10507.830    10507.830    10511.830    10512.830    10512.830
   970:    10517.820    10710.550    10775.940    10787.560    10800.010
