File: C:\MED-PC IV\DATA\!2025-09-17_12h28m.Subject T16



Start Date: 09/17/25
End Date: 09/17/25
Subject: T16
Experiment: OralFentSA
Group: One
Box: 4
Start Time: 12:28:06
End Time: 15:28:13
MSN: Golden_Liq_SelfAdmin_EXT_LIT
F:       0.000
G:    2349.000
H:   10800.010
I:       0.000
J:       0.000
K:       0.000
L:       0.000
M:       0.000
N:       0.000
O:       0.000
P:       0.000
Q:       0.000
R:       0.000
S:       0.000
U:       0.000
V:       0.000
W:       0.000
X:       0.000
Y:       0.000
Z:       0.000
A:
     0:        0.000        0.000      180.000        4.000        0.000
     5:        5.000        0.000        5.000        0.000        0.000
    10:        1.000        0.000       10.000 100000000.00       21.000
    15:       23.000      640.000        0.000        0.000        0.000
    20:        0.000
B:
     0:        0.000        0.000        0.000        0.000        0.000
     5:        0.000        0.000        0.000        0.000        0.000
    10:        0.000        0.000        0.000 10000000000.        0.000
    15:        0.000        0.000        0.000        0.000        0.000
    20:        0.000
C:
     0:        0.000        1.000        0.000        0.000     2344.000
     5:        0.000        0.000        0.000        0.000        0.000
    10:        0.000        1.000        0.000        0.000        0.000
    15:        0.000        0.000        0.000        0.000        0.000
    20:        0.000
D:
E:
     0:       19.000       11.000       26.000       27.000        6.000
     5:        6.000        6.000        6.000        6.000        6.000
    10:       23.000        6.000        6.000        6.000        6.000
    15:        6.000        6.000        6.000        6.000        6.000
    20:        6.000        6.000        6.000        6.000        6.000
    25:        6.000        6.000        6.000        6.000        6.000
    30:        6.000        6.000        6.000        6.000        6.000
    35:        6.000        6.000        6.000        6.000        6.000
    40:        6.000        6.000        6.000        6.000        6.000
    45:        6.000        6.000        6.000        6.000        6.000
    50:        6.000        6.000        6.000        6.000        6.000
    55:        6.000        6.000        6.000        6.000        6.000
    60:        6.000        6.000        6.000        6.000        6.000
    65:        6.000        6.000        6.000        6.000        6.000
    70:        6.000        6.000        6.000        6.000        6.000
    75:        6.000        6.000        6.000        6.000        6.000
    80:        6.000        6.000        6.000        6.000        6.000
    85:        6.000        6.000        6.000        6.000        6.000
    90:        6.000        6.000        6.000        6.000        6.000
    95:        6.000        6.000        6.000        6.000        6.000
   100:        6.000        6.000        6.000        6.000        6.000
   105:        6.000        6.000        6.000        6.000        6.000
   110:        6.000        6.000        6.000        6.000        6.000
   115:        6.000        6.000        6.000        6.000        6.000
   120:        6.000        6.000        6.000        6.000        6.000
   125:        6.000        6.000        6.000        6.000        6.000
   130:        6.000        6.000        6.000        6.000        6.000
   135:        6.000        6.000        6.000        6.000        6.000
   140:        6.000        6.000        6.000        6.000        6.000
   145:        6.000        6.000        6.000        6.000        6.000
   150:        6.000        6.000        6.000        6.000        6.000
   155:        6.000        6.000        6.000        6.000        6.000
   160:        6.000        6.000        6.000        6.000        6.000
   165:        6.000        6.000        6.000        6.000        6.000
   170:        6.000        6.000        6.000        6.000        6.000
   175:        6.000        6.000        6.000        6.000        6.000
   180:        6.000        6.000        6.000        6.000        6.000
   185:        6.000        6.000        6.000        6.000        6.000
   190:        6.000        6.000        6.000        6.000        6.000
   195:        6.000        6.000        6.000        6.000        6.000
   200:        6.000        6.000        6.000        6.000        6.000
   205:        6.000        6.000        6.000        6.000        6.000
   210:        6.000        6.000        6.000        6.000        6.000
   215:        6.000        6.000        6.000        6.000        6.000
   220:        6.000        6.000        6.000        6.000        6.000
   225:        6.000        6.000        6.000        6.000        6.000
   230:        6.000        6.000        6.000        6.000        6.000
   235:        6.000        6.000        6.000        6.000        6.000
   240:        6.000        6.000        6.000        6.000        6.000
   245:        6.000        6.000        6.000        6.000        6.000
   250:        6.000        6.000        6.000        6.000        6.000
   255:        6.000        6.000        6.000        6.000        6.000
   260:        6.000        6.000        6.000        6.000        6.000
   265:        6.000        6.000        6.000        6.000        6.000
   270:        6.000        6.000        6.000        6.000        6.000
   275:        6.000        6.000        6.000        6.000        6.000
   280:        6.000        6.000        6.000        6.000        6.000
   285:        6.000        6.000        6.000        6.000        6.000
   290:        6.000        6.000        6.000        6.000        6.000
   295:        6.000        6.000        6.000        6.000        6.000
   300:        6.000        6.000        6.000        6.000        6.000
   305:        6.000        6.000        6.000        6.000        6.000
   310:        6.000        6.000        6.000        6.000        6.000
   315:        6.000        6.000        6.000        6.000        6.000
   320:        6.000        6.000        6.000        6.000        6.000
   325:        6.000        6.000        6.000        6.000        6.000
   330:        6.000        6.000        6.000        6.000        6.000
   335:        6.000        6.000        6.000        6.000        6.000
   340:        6.000        6.000        6.000        6.000        6.000
   345:        6.000        6.000        6.000        6.000        6.000
   350:        6.000        6.000        6.000        6.000        6.000
   355:        6.000        6.000        6.000        6.000        6.000
   360:        6.000        6.000        6.000        6.000        6.000
   365:        6.000        6.000        6.000        6.000        6.000
   370:        6.000        6.000        6.000        6.000        6.000
   375:        6.000        6.000        6.000        6.000        6.000
   380:        6.000        6.000        6.000        6.000        6.000
   385:        6.000        6.000        6.000        6.000        6.000
   390:        6.000        6.000        6.000        6.000        6.000
   395:        6.000        6.000        6.000        6.000        6.000
   400:        6.000        6.000        6.000        6.000        6.000
   405:        6.000        6.000        6.000        6.000        6.000
   410:        6.000        6.000        6.000        6.000        6.000
   415:        6.000        6.000        6.000        6.000        6.000
   420:        6.000        6.000        6.000        6.000        6.000
   425:        6.000        6.000        6.000        6.000        6.000
   430:        6.000        6.000        6.000        6.000        6.000
   435:        6.000        6.000        6.000        6.000        6.000
   440:        6.000        6.000        6.000        6.000        6.000
   445:        6.000        6.000        6.000        6.000        6.000
   450:        6.000        6.000        6.000        6.000        6.000
   455:        6.000        6.000        6.000        6.000        6.000
   460:        6.000        6.000        6.000        6.000        6.000
   465:        6.000        6.000        6.000        6.000        6.000
   470:        6.000        6.000        6.000        6.000        6.000
   475:        6.000        6.000        6.000        6.000        6.000
   480:        6.000        6.000        6.000        6.000        6.000
   485:        6.000        6.000        6.000        6.000        6.000
   490:        6.000        6.000        6.000        6.000        6.000
   495:        6.000        6.000        6.000        6.000        6.000
   500:        6.000        6.000        6.000        6.000        6.000
   505:        6.000        6.000        6.000        6.000        6.000
   510:        6.000        6.000        6.000        6.000        6.000
   515:        6.000        6.000        6.000        6.000        6.000
   520:        6.000        6.000        6.000        6.000        6.000
   525:        6.000        6.000        6.000        6.000        6.000
   530:        6.000        6.000        6.000        6.000        6.000
   535:        6.000        6.000        6.000        6.000        6.000
   540:        6.000        6.000        6.000        6.000        6.000
   545:        6.000        6.000        6.000        6.000        6.000
   550:        6.000        6.000        6.000        6.000        6.000
   555:        6.000        6.000        6.000        6.000        6.000
   560:        6.000        6.000        6.000        6.000        6.000
   565:        6.000        6.000        6.000        6.000        6.000
   570:        6.000        6.000        6.000        6.000        6.000
   575:        6.000        6.000        6.000        6.000        6.000
   580:        6.000        6.000        6.000        6.000        6.000
   585:        6.000        6.000        6.000        6.000        6.000
   590:        6.000        6.000        6.000        6.000        6.000
   595:        6.000        6.000        6.000        6.000        6.000
   600:        6.000        6.000        6.000        6.000        6.000
   605:        6.000        6.000        6.000        6.000        6.000
   610:        6.000        6.000        6.000        6.000        6.000
   615:        6.000        6.000        6.000        6.000        6.000
   620:        6.000        6.000        6.000        6.000        6.000
   625:        6.000        6.000        6.000        6.000        6.000
   630:        6.000        6.000        6.000        6.000        6.000
   635:        6.000        6.000        6.000        6.000        6.000
   640:        6.000        6.000        6.000        6.000        6.000
   645:        6.000        6.000        6.000        6.000        6.000
   650:        6.000        6.000        6.000        6.000        6.000
   655:        6.000        6.000        6.000        6.000        6.000
   660:        6.000        6.000        6.000        6.000        6.000
   665:        6.000        6.000        6.000        6.000        6.000
   670:        6.000        6.000        6.000        6.000        6.000
   675:        6.000        6.000        6.000        6.000        6.000
   680:        6.000        6.000        6.000        6.000        6.000
   685:        6.000        6.000        6.000        6.000        6.000
   690:        6.000        6.000        6.000        6.000        6.000
   695:        6.000        6.000        6.000        6.000        6.000
   700:        6.000        6.000        6.000        6.000        6.000
   705:        6.000        6.000        6.000        6.000        6.000
   710:        6.000        6.000        6.000        6.000        6.000
   715:        6.000        6.000        6.000        6.000        6.000
   720:        6.000        6.000        6.000        6.000        6.000
   725:        6.000        6.000        6.000        6.000        6.000
   730:        6.000        6.000        6.000        6.000        6.000
   735:        6.000        6.000        6.000        6.000        6.000
   740:        6.000        6.000        6.000        6.000        6.000
   745:        6.000        6.000        6.000        6.000        6.000
   750:        6.000        6.000        6.000        6.000        6.000
   755:        6.000        6.000        6.000        6.000        6.000
   760:        6.000        6.000        6.000        6.000        6.000
   765:        6.000        6.000        6.000        6.000        6.000
   770:        6.000        6.000        6.000        6.000        6.000
   775:        6.000        6.000        6.000        6.000        6.000
   780:        6.000        6.000        6.000        6.000        6.000
   785:        6.000        6.000        6.000        6.000        6.000
   790:        6.000        6.000        6.000        6.000        6.000
   795:        6.000        6.000        6.000        6.000        6.000
   800:        6.000        6.000        6.000        6.000        6.000
   805:        6.000        6.000        6.000        6.000        6.000
   810:        6.000        6.000        6.000        6.000        6.000
   815:        6.000        6.000        6.000        6.000        6.000
   820:        6.000        6.000        6.000        6.000        6.000
   825:        6.000        6.000        6.000        6.000        6.000
   830:        6.000        6.000        6.000        6.000        6.000
   835:        6.000        6.000        6.000        6.000        6.000
   840:        6.000        6.000        6.000        6.000        6.000
   845:        6.000        6.000        6.000        6.000        6.000
   850:        6.000        6.000        6.000        6.000        6.000
   855:        6.000        6.000        6.000        6.000        6.000
   860:        6.000        6.000        6.000        6.000        6.000
   865:        6.000        6.000        6.000        6.000        6.000
   870:        6.000        6.000        6.000        6.000        6.000
   875:        6.000        6.000        6.000        6.000        6.000
   880:        6.000        6.000        6.000        6.000        6.000
   885:        6.000        6.000        6.000        6.000        6.000
   890:        6.000        6.000        6.000        6.000        6.000
   895:        6.000        6.000        6.000        6.000        6.000
   900:        6.000        6.000        6.000        6.000        6.000
   905:        6.000        6.000        6.000        6.000        6.000
   910:        6.000        6.000        6.000        6.000        6.000
   915:        6.000        6.000        6.000        6.000        6.000
   920:        6.000        6.000        6.000        6.000        6.000
   925:        6.000        6.000        6.000        6.000        6.000
   930:        6.000        6.000        6.000        6.000        6.000
   935:        6.000        6.000        6.000        6.000        6.000
   940:        6.000        6.000        6.000        6.000        6.000
   945:        6.000        6.000        6.000        6.000        6.000
   950:        6.000        6.000        6.000        6.000        6.000
   955:        6.000        6.000        6.000        6.000        6.000
   960:        6.000        6.000        6.000        6.000        6.000
   965:        6.000        6.000        6.000        6.000        6.000
   970:        6.000        6.000        6.000        6.000        6.000
   975:        6.000        6.000        6.000        6.000        6.000
   980:        6.000        6.000        6.000        6.000        6.000
   985:        6.000        6.000        6.000        6.000        6.000
   990:        6.000        6.000        6.000        6.000        6.000
   995:        6.000        6.000        6.000        6.000        6.000
  1000:        6.000        6.000        6.000        6.000        6.000
  1005:        6.000        6.000        6.000        6.000        6.000
  1010:        6.000        6.000        6.000        6.000        6.000
  1015:        6.000        6.000        6.000        6.000        6.000
  1020:        6.000        6.000        6.000        6.000        6.000
  1025:        6.000        6.000        6.000        6.000        6.000
  1030:        6.000        6.000        6.000        6.000        6.000
  1035:        6.000        6.000        6.000        6.000        6.000
  1040:        6.000        6.000        6.000        6.000        6.000
  1045:        6.000        6.000        6.000        6.000        6.000
  1050:        6.000        6.000        6.000        6.000        6.000
  1055:        6.000        6.000        6.000        6.000        6.000
  1060:        6.000        6.000        6.000        6.000        6.000
  1065:        6.000        6.000        6.000        6.000        6.000
  1070:        6.000        6.000        6.000        6.000        6.000
  1075:        6.000        6.000        6.000        6.000        6.000
  1080:        6.000        6.000        6.000        6.000        6.000
  1085:        6.000        6.000        6.000        6.000        6.000
  1090:        6.000        6.000        6.000        6.000        6.000
  1095:        6.000        6.000        6.000        6.000        6.000
  1100:        6.000        6.000        6.000        6.000        6.000
  1105:        6.000        6.000        6.000        6.000        6.000
  1110:        6.000        6.000        6.000        6.000        6.000
  1115:        6.000        6.000        6.000        6.000        6.000
  1120:        6.000        6.000        6.000        6.000        6.000
  1125:        6.000        6.000        6.000        6.000        6.000
  1130:        6.000        6.000        6.000        6.000        6.000
  1135:        6.000        6.000        6.000        6.000        6.000
  1140:        6.000        6.000        6.000        6.000        6.000
  1145:        6.000        6.000        6.000        6.000        6.000
  1150:        6.000        6.000        6.000        6.000        6.000
  1155:        6.000        6.000        6.000        6.000        6.000
  1160:        6.000        6.000        6.000        6.000        6.000
  1165:        6.000        6.000        6.000        6.000        6.000
  1170:        6.000        6.000        6.000        6.000        6.000
  1175:        6.000        6.000        6.000        6.000        6.000
  1180:        6.000        6.000        6.000        6.000        6.000
  1185:        6.000        6.000        6.000        6.000        6.000
  1190:        6.000        6.000        6.000        6.000        6.000
  1195:        6.000        6.000        6.000        6.000        6.000
  1200:        6.000        6.000        6.000        6.000        6.000
  1205:        6.000        6.000        6.000        6.000        6.000
  1210:        6.000        6.000        6.000        6.000        6.000
  1215:        6.000        6.000        6.000        6.000        6.000
  1220:        6.000        6.000        6.000        6.000        6.000
  1225:        6.000        6.000        6.000        6.000        6.000
  1230:        6.000        6.000        6.000        6.000        6.000
  1235:        6.000        6.000        6.000        6.000        6.000
  1240:        6.000        6.000        6.000        6.000        6.000
  1245:        6.000        6.000        6.000        6.000        6.000
  1250:        6.000        6.000        6.000        6.000        6.000
  1255:        6.000        6.000        6.000        6.000        6.000
  1260:        6.000        6.000        6.000        6.000        6.000
  1265:        6.000        6.000        6.000        6.000        6.000
  1270:        6.000        6.000        6.000        6.000        6.000
  1275:        6.000        6.000        6.000        6.000        6.000
  1280:        6.000        6.000        6.000        6.000        6.000
  1285:        6.000        6.000        6.000        6.000        6.000
  1290:        6.000        6.000        6.000        6.000        6.000
  1295:        6.000        6.000        6.000        6.000        6.000
  1300:        6.000        6.000        6.000        6.000        6.000
  1305:        6.000        6.000        6.000        6.000        6.000
  1310:        6.000        6.000        6.000        6.000        6.000
  1315:        6.000        6.000        6.000        6.000        6.000
  1320:        6.000        6.000        6.000        6.000        6.000
  1325:        6.000        6.000        6.000        6.000        6.000
  1330:        6.000        6.000        6.000        6.000        6.000
  1335:        6.000        6.000        6.000        6.000        6.000
  1340:        6.000        6.000        6.000        6.000        6.000
  1345:        6.000        6.000        6.000        6.000        6.000
  1350:        6.000        6.000        6.000        6.000        6.000
  1355:        6.000        6.000        6.000        6.000        6.000
  1360:        6.000        6.000        6.000        6.000        6.000
  1365:        6.000        6.000        6.000        6.000        6.000
  1370:        6.000        6.000        6.000        6.000        6.000
  1375:        6.000        6.000        6.000        6.000        6.000
  1380:        6.000        6.000        6.000        6.000        6.000
  1385:        6.000        6.000        6.000        6.000        6.000
  1390:        6.000        6.000        6.000        6.000        6.000
  1395:        6.000        6.000        6.000        6.000        6.000
  1400:        6.000        6.000        6.000        6.000        6.000
  1405:        6.000        6.000        6.000        6.000        6.000
  1410:        6.000        6.000        6.000        6.000        6.000
  1415:        6.000        6.000        6.000        6.000        6.000
  1420:        6.000        6.000        6.000        6.000        6.000
  1425:        6.000        6.000        6.000        6.000        6.000
  1430:        6.000        6.000        6.000        6.000        6.000
  1435:        6.000        6.000        6.000        6.000        6.000
  1440:        6.000        6.000        6.000        6.000        6.000
  1445:        6.000        6.000        6.000        6.000        6.000
  1450:        6.000        6.000        6.000        6.000        6.000
  1455:        6.000        6.000        6.000        6.000        6.000
  1460:        6.000        6.000        6.000        6.000        6.000
  1465:        6.000        6.000        6.000        6.000        6.000
  1470:        6.000        6.000        6.000        6.000        6.000
  1475:        6.000        6.000        6.000        6.000        6.000
  1480:        6.000        6.000        6.000        6.000        6.000
  1485:        6.000        6.000        6.000        6.000        6.000
  1490:        6.000        6.000        6.000        6.000        6.000
  1495:        6.000        6.000        6.000        6.000        6.000
  1500:        6.000        6.000        6.000        6.000        6.000
  1505:        6.000        6.000        6.000        6.000        6.000
  1510:        6.000        6.000        6.000        6.000        6.000
  1515:        6.000        6.000        6.000        6.000        6.000
  1520:        6.000        6.000        6.000        6.000        6.000
  1525:        6.000        6.000        6.000        6.000        6.000
  1530:        6.000        6.000        6.000        6.000        6.000
  1535:        6.000        6.000        6.000        6.000        6.000
  1540:        6.000        6.000        6.000        6.000        6.000
  1545:        6.000        6.000        6.000        6.000        6.000
  1550:        6.000        6.000        6.000        6.000        6.000
  1555:        6.000        6.000        6.000        6.000        6.000
  1560:        6.000        6.000        6.000        6.000        6.000
  1565:        6.000        6.000        6.000        6.000        6.000
  1570:        6.000        6.000        6.000        6.000        6.000
  1575:        6.000        6.000        6.000        6.000        6.000
  1580:        6.000        6.000        6.000        6.000        6.000
  1585:        6.000        6.000        6.000        6.000        6.000
  1590:        6.000        6.000        6.000        6.000        6.000
  1595:        6.000        6.000        6.000        6.000        6.000
  1600:        6.000        6.000        6.000        6.000        6.000
  1605:        6.000        6.000        6.000        6.000        6.000
  1610:        6.000        6.000        6.000        6.000        6.000
  1615:        6.000        6.000        6.000        6.000        6.000
  1620:        6.000        6.000        6.000        6.000        6.000
  1625:        6.000        6.000        6.000        6.000        6.000
  1630:        6.000        6.000        6.000        6.000        6.000
  1635:        6.000        6.000        6.000        6.000        6.000
  1640:        6.000        6.000        6.000        6.000        6.000
  1645:        6.000        6.000        6.000        6.000        6.000
  1650:        6.000        6.000        6.000        6.000        6.000
  1655:        6.000        6.000        6.000        6.000        6.000
  1660:        6.000        6.000        6.000        6.000        6.000
  1665:        6.000        6.000        6.000        6.000        6.000
  1670:        6.000        6.000        6.000        6.000        6.000
  1675:        6.000        6.000        6.000        6.000        6.000
  1680:        6.000        6.000        6.000        6.000        6.000
  1685:        6.000        6.000        6.000        6.000        6.000
  1690:        6.000        6.000        6.000        6.000        6.000
  1695:        6.000        6.000        6.000        6.000        6.000
  1700:        6.000        6.000        6.000        6.000        6.000
  1705:        6.000        6.000        6.000        6.000        6.000
  1710:        6.000        6.000        6.000        6.000        6.000
  1715:        6.000        6.000        6.000        6.000        6.000
  1720:        6.000        6.000        6.000        6.000        6.000
  1725:        6.000        6.000        6.000        6.000        6.000
  1730:        6.000        6.000        6.000        6.000        6.000
  1735:        6.000        6.000        6.000        6.000        6.000
  1740:        6.000        6.000        6.000        6.000        6.000
  1745:        6.000        6.000        6.000        6.000        6.000
  1750:        6.000        6.000        6.000        6.000        6.000
  1755:        6.000        6.000        6.000        6.000        6.000
  1760:        6.000        6.000        6.000        6.000        6.000
  1765:        6.000        6.000        6.000        6.000        6.000
  1770:        6.000        6.000        6.000        6.000        6.000
  1775:        6.000        6.000        6.000        6.000        6.000
  1780:        6.000        6.000        6.000        6.000        6.000
  1785:        6.000        6.000        6.000        6.000        6.000
  1790:        6.000        6.000        6.000        6.000        6.000
  1795:        6.000        6.000        6.000        6.000        6.000
  1800:        6.000        6.000        6.000        6.000        6.000
  1805:        6.000        6.000        6.000        6.000        6.000
  1810:        6.000        6.000        6.000        6.000        6.000
  1815:        6.000        6.000        6.000        6.000        6.000
  1820:        6.000        6.000        6.000        6.000        6.000
  1825:        6.000        6.000        6.000        6.000        6.000
  1830:        6.000        6.000        6.000        6.000        6.000
  1835:        6.000        6.000        6.000        6.000        6.000
  1840:        6.000        6.000        6.000        6.000        6.000
  1845:        6.000        6.000        6.000        6.000        6.000
  1850:        6.000        6.000        6.000        6.000        6.000
  1855:        6.000        6.000        6.000        6.000        6.000
  1860:        6.000        6.000        6.000        6.000        6.000
  1865:        6.000        6.000        6.000        6.000        6.000
  1870:        6.000        6.000        6.000        6.000        6.000
  1875:        6.000        6.000        6.000        6.000        6.000
  1880:        6.000        6.000        6.000        6.000        6.000
  1885:        6.000        6.000        6.000        6.000        6.000
  1890:        6.000        6.000        6.000        6.000        6.000
  1895:        6.000        6.000        6.000        6.000        6.000
  1900:        6.000        6.000        6.000        6.000        6.000
  1905:        6.000        6.000        6.000        6.000        6.000
  1910:        6.000        6.000        6.000        6.000        6.000
  1915:        6.000        6.000        6.000        6.000        6.000
  1920:        6.000        6.000        6.000        6.000        6.000
  1925:        6.000        6.000        6.000        6.000        6.000
  1930:        6.000        6.000        6.000        6.000        6.000
  1935:        6.000        6.000        6.000        6.000        6.000
  1940:        6.000        6.000        6.000        6.000        6.000
  1945:        6.000        6.000        6.000        6.000        6.000
  1950:        6.000        6.000        6.000        6.000        6.000
  1955:        6.000        6.000        6.000        6.000        6.000
  1960:        6.000        6.000        6.000        6.000        6.000
  1965:        6.000        6.000        6.000        6.000        6.000
  1970:        6.000        6.000        6.000        6.000        6.000
  1975:        6.000        6.000        6.000        6.000        6.000
  1980:        6.000        6.000        6.000        6.000        6.000
  1985:        6.000        6.000        6.000        6.000        6.000
  1990:        6.000        6.000        6.000        6.000        6.000
  1995:        6.000        6.000        6.000        6.000        6.000
  2000:        6.000        6.000        6.000        6.000        6.000
  2005:        6.000        6.000        6.000        6.000        6.000
  2010:        6.000        6.000        6.000        6.000        6.000
  2015:        6.000        6.000        6.000        6.000        6.000
  2020:        6.000        6.000        6.000        6.000        6.000
  2025:        6.000        6.000        6.000        6.000        6.000
  2030:        6.000        6.000        6.000        6.000        6.000
  2035:        6.000        6.000        6.000        6.000        6.000
  2040:        6.000        6.000        6.000        6.000        6.000
  2045:        6.000        6.000        6.000        6.000        6.000
  2050:        6.000        6.000        6.000        6.000        6.000
  2055:        6.000        6.000        6.000        6.000        6.000
  2060:        6.000        6.000        6.000        6.000        6.000
  2065:        6.000        6.000        6.000        6.000        6.000
  2070:        6.000        6.000        6.000        6.000        6.000
  2075:        6.000        6.000        6.000        6.000        6.000
  2080:        6.000        6.000        6.000        6.000        6.000
  2085:        6.000        6.000        6.000        6.000        6.000
  2090:        6.000        6.000        6.000        6.000        6.000
  2095:        6.000        6.000        6.000        6.000        6.000
  2100:        6.000        6.000        6.000        6.000        6.000
  2105:        6.000        6.000        6.000        6.000        6.000
  2110:        6.000        6.000        6.000        6.000        6.000
  2115:        6.000        6.000        6.000        6.000        6.000
  2120:        6.000        6.000        6.000        6.000        6.000
  2125:        6.000        6.000        6.000        6.000        6.000
  2130:        6.000        6.000        6.000        6.000        6.000
  2135:        6.000        6.000        6.000        6.000        6.000
  2140:        6.000        6.000        6.000        6.000        6.000
  2145:        6.000        6.000        6.000        6.000        6.000
  2150:        6.000        6.000        6.000        6.000        6.000
  2155:        6.000        6.000        6.000        6.000        6.000
  2160:        6.000        6.000        6.000        6.000        6.000
  2165:        6.000        6.000        6.000        6.000        6.000
  2170:        6.000        6.000        6.000        6.000        6.000
  2175:        6.000        6.000        6.000        6.000        6.000
  2180:        6.000        6.000        6.000        6.000        6.000
  2185:        6.000        6.000        6.000        6.000        6.000
  2190:        6.000        6.000        6.000        6.000        6.000
  2195:        6.000        6.000        6.000        6.000        6.000
  2200:        6.000        6.000        6.000        6.000        6.000
  2205:        6.000        6.000        6.000        6.000        6.000
  2210:        6.000        6.000        6.000        6.000        6.000
  2215:        6.000        6.000        6.000        6.000        6.000
  2220:        6.000        6.000        6.000        6.000        6.000
  2225:        6.000        6.000        6.000        6.000        6.000
  2230:        6.000        6.000        6.000        6.000        6.000
  2235:        6.000        6.000        6.000        6.000        6.000
  2240:        6.000        6.000        6.000        6.000        6.000
  2245:        6.000        6.000        6.000        6.000        6.000
  2250:        6.000        6.000        6.000        6.000        6.000
  2255:        6.000        6.000        6.000        6.000        6.000
  2260:        6.000        6.000        6.000        6.000        6.000
  2265:        6.000        6.000        6.000        6.000        6.000
  2270:        6.000        6.000        6.000        6.000        6.000
  2275:        6.000        6.000        6.000        6.000        6.000
  2280:        6.000        6.000        6.000        6.000        6.000
  2285:        6.000        6.000        6.000        6.000        6.000
  2290:        6.000        6.000        6.000        6.000        6.000
  2295:        6.000        6.000        6.000        6.000        6.000
  2300:        6.000        6.000        6.000        6.000        6.000
  2305:        6.000        6.000        6.000        6.000        6.000
  2310:        6.000        6.000        6.000        6.000        6.000
  2315:        6.000        6.000        6.000        6.000        6.000
  2320:        6.000        6.000        6.000        6.000        6.000
  2325:        6.000        6.000        6.000        6.000        6.000
  2330:        6.000        6.000        6.000        6.000        6.000
  2335:        6.000        6.000        6.000        6.000        6.000
  2340:        6.000        6.000        6.000        6.000        6.000
  2345:        6.000        6.000        6.000        6.000      100.000
T:
     0:        0.000        0.000        0.000        0.000       19.630
     5:       47.360       47.480       57.480       58.500       58.920
    10:       78.190       83.260       83.740       84.530       85.330
    15:       96.770       97.320       98.520      101.970      102.130
    20:      104.610      104.990      105.570      129.880      151.530
    25:      156.070      156.240      156.810      156.950      158.550
    30:      162.320      162.890      162.920      163.280      163.330
    35:      163.930      164.300      165.600      165.920      167.230
    40:      167.370      168.230      168.440      168.770      169.030
    45:      169.550      169.590      169.700      170.190      170.240
    50:      171.270      171.410      171.850      172.220      173.460
    55:      175.120      175.170      186.980      187.390      187.740
    60:      188.470      188.640      188.930      189.230      189.280
    65:      192.630      193.200      193.280      195.390      195.530
    70:      195.700      195.980      196.880      197.000      197.170
    75:      198.020      198.130      198.300      198.390      198.840
    80:      198.950      199.000      200.360      202.860      203.010
    85:      204.520      204.850      204.860      204.960      205.290
    90:      206.730      207.430      207.770      207.830      210.390
    95:      212.950      222.810      222.980      224.380      247.580
   100:      248.200      270.330      270.550      272.030      272.090
   105:      275.960      363.260      365.100      365.490      371.960
   110:      372.810      372.970      374.490      374.820      376.410
   115:      377.200      377.370      377.660      380.850      380.940
   120:      382.940      385.420      386.670      392.100      392.480
   125:      398.530      398.960      399.090      401.300      401.500
   130:      401.700      403.190      404.730      417.120      446.640
   135:      447.020      447.720      507.480      508.030      517.220
   140:      517.630      581.830      588.390      594.390      595.110
   145:      596.420      596.600      616.790      685.320      685.510
   150:      685.810      687.600      688.050      688.890      689.130
   155:      689.170      699.830      700.640      701.260      701.450
   160:      702.160      702.970      703.000      703.070      703.090
   165:      703.160      703.200      703.400      703.850      705.580
   170:      705.760      707.330      707.390      707.680      708.280
   175:      708.680      709.030      709.070      709.890      710.640
   180:      711.000      711.670      711.740      711.820      712.000
   185:      712.080      712.600      712.660      714.540      715.780
   190:      717.330      717.410      722.310      725.420      725.740
   195:      729.270      729.540      730.830      731.270      731.650
   200:      733.300      742.370      742.750      743.010      743.390
   205:      744.130      744.340      745.080      747.000      747.560
   210:      748.110      748.590      749.580      750.190      753.760
   215:      754.250      754.400      756.080      756.780      758.560
   220:      758.610      759.000      759.050      763.500      763.560
   225:      764.480      766.360      766.840      767.190      768.310
   230:      768.870      768.980      769.030      769.300      769.650
   235:      774.690      776.570      777.270      777.430      779.760
   240:      780.250      780.730      780.820      781.080      781.250
   245:      786.450      808.230      808.900      815.960      817.210
   250:      818.220      818.290      818.560      818.650      820.550
   255:      820.960      824.220      824.350      824.500      826.320
   260:      830.180      831.290      831.440      831.580      849.660
   265:      851.550      851.620      852.430      852.510      852.580
   270:      852.730      852.840      853.230      853.320      854.210
   275:      854.360      854.460      854.560      855.260      856.350
   280:      857.850      858.190      860.850      861.230      862.170
   285:      871.870      872.740      886.630      906.630      906.990
   290:      936.580      936.950      939.360      939.570      940.530
   295:      961.650     1002.060     1021.700     1038.040     1042.000
   300:     1042.020     1042.740     1082.780     1083.090     1083.400
   305:     1083.650     1086.860     1091.930     1094.280     1094.530
   310:     1094.870     1097.250     1097.360     1104.820     1105.640
   315:     1105.710     1105.800     1105.920     1106.470     1106.500
   320:     1106.690     1109.740     1111.180     1111.620     1115.580
   325:     1116.630     1116.700     1116.760     1116.840     1116.870
   330:     1116.950     1118.430     1121.340     1121.390     1121.640
   335:     1121.710     1122.390     1123.900     1124.520     1124.890
   340:     1125.480     1125.540     1127.650     1128.500     1128.760
   345:     1131.930     1131.940     1131.960     1132.060     1134.250
   350:     1134.430     1135.070     1135.280     1136.280     1136.330
   355:     1138.570     1141.180     1141.610     1142.410     1143.210
   360:     1144.420     1148.400     1148.480     1148.590     1148.800
   365:     1149.980     1150.050     1150.870     1153.330     1155.260
   370:     1163.400     1165.910     1219.620     1220.510     1225.540
   375:     1225.610     1225.660     1228.450     1229.050     1229.130
   380:     1233.660     1233.970     1238.800     1241.660     1244.010
   385:     1244.580     1247.850     1247.960     1248.810     1249.070
   390:     1252.670     1259.600     1269.790     1270.470     1272.580
   395:     1276.850     1278.060     1278.150     1296.550     1297.090
   400:     1297.160     1298.030     1298.350     1298.490     1298.590
   405:     1300.290     1300.380     1300.720     1300.910     1300.980
   410:     1301.110     1301.200     1301.820     1302.670     1302.790
   415:     1302.970     1302.990     1303.250     1303.570     1304.790
   420:     1304.990     1305.340     1306.420     1320.730     1323.220
   425:     1323.500     1325.880     1327.160     1344.470     1344.770
   430:     1345.080     1345.440     1349.360     1349.460     1349.700
   435:     1354.840     1357.170     1359.640     1363.070     1363.210
   440:     1363.310     1368.570     1436.080     1436.870     1437.120
   445:     1437.520     1439.590     1439.640     1439.970     1440.680
   450:     1440.850     1441.010     1443.330     1443.490     1447.150
   455:     1449.010     1451.500     1458.080     1458.380     1458.570
   460:     1458.640     1461.300     1463.380     1463.670     1463.770
   465:     1471.100     1472.790     1473.020     1473.270     1474.520
   470:     1479.140     1480.290     1484.740     1489.670     1501.310
   475:     1502.390     1503.790     1503.920     1507.650     1509.520
   480:     1510.340     1510.440     1510.600     1512.000     1512.220
   485:     1513.030     1513.110     1513.220     1513.590     1514.240
   490:     1516.480     1517.330     1517.480     1517.710     1517.750
   495:     1517.840     1518.710     1519.260     1520.420     1523.100
   500:     1524.720     1525.400     1527.010     1527.230     1528.630
   505:     1528.730     1529.460     1529.540     1529.610     1530.010
   510:     1546.850     1548.470     1548.640     1548.720     1549.390
   515:     1549.990     1550.030     1550.110     1550.160     1550.210
   520:     1550.250     1550.380     1550.830     1551.130     1551.190
   525:     1551.470     1552.340     1552.410     1552.450     1554.280
   530:     1554.590     1555.070     1555.230     1556.600     1558.500
   535:     1558.740     1558.800     1558.890     1558.970     1559.220
   540:     1559.280     1559.440     1559.750     1560.350     1560.720
   545:     1560.870     1561.120     1570.050     1570.410     1573.010
   550:     1573.070     1573.790     1576.380     1578.500     1579.100
   555:     1580.580     1581.120     1581.170     1581.230     1581.490
   560:     1582.750     1582.810     1583.040     1583.970     1585.790
   565:     1589.150     1591.440     1592.050     1593.180     1593.210
   570:     1593.310     1593.700     1594.190     1595.230     1596.740
   575:     1598.330     1598.800     1598.840     1598.940     1599.360
   580:     1600.170     1600.500     1602.020     1603.170     1603.200
   585:     1603.630     1605.220     1605.230     1608.900     1609.770
   590:     1609.880     1610.840     1610.970     1612.490     1615.170
   595:     1616.680     1617.120     1617.430     1617.680     1618.940
   600:     1619.270     1619.620     1619.850     1619.910     1620.310
   605:     1621.540     1622.170     1622.420     1623.240     1623.280
   610:     1623.330     1623.480     1624.450     1625.230     1625.340
   615:     1629.080     1629.190     1629.220     1645.600     1649.000
   620:     1664.230     1681.000     1681.780     1687.700     1687.750
   625:     1687.780     1687.960     1688.440     1688.460     1688.580
   630:     1688.600     1688.690     1688.800     1688.970     1689.520
   635:     1689.610     1689.700     1693.180     1694.140     1695.090
   640:     1695.180     1695.340     1695.370     1695.650     1695.870
   645:     1696.020     1696.740     1696.800     1699.820     1712.470
   650:     1713.500     1715.810     1715.860     1715.880     1716.060
   655:     1716.100     1716.320     1718.020     1718.590     1724.560
   660:     1726.270     1726.360     1727.340     1731.230     1731.710
   665:     1736.340     1736.400     1736.950     1737.000     1737.390
   670:     1738.270     1738.600     1744.570     1744.630     1747.860
   675:     1748.700     1749.650     1751.160     1751.580     1753.020
   680:     1765.940     1766.340     1777.560     1778.060     1778.220
   685:     1778.300     1778.390     1778.510     1778.590     1778.670
   690:     1779.280     1779.310     1779.510     1780.390     1785.480
   695:     1786.100     1790.060     1790.080     1790.540     1791.300
   700:     1792.050     1801.090     1802.740     1802.790     1802.880
   705:     1803.460     1803.630     1805.180     1805.370     1805.470
   710:     1810.500     1811.290     1811.970     1812.000     1814.650
   715:     1815.670     1815.890     1816.840     1816.900     1817.620
   720:     1817.680     1820.350     1820.970     1821.600     1822.050
   725:     1822.360     1822.500     1822.560     1823.400     1823.770
   730:     1823.960     1824.050     1824.090     1831.170     1831.270
   735:     1831.380     1831.500     1831.620     1831.870     1835.460
   740:     1835.530     1850.090     1850.920     1855.520     1855.840
   745:     1855.930     1856.050     1856.090     1856.870     1857.040
   750:     1857.100     1857.570     1857.680     1858.250     1858.480
   755:     1859.010     1861.650     1861.830     1865.890     1866.060
   760:     1867.140     1868.440     1869.460     1869.720     1870.070
   765:     1870.300     1870.370     1876.890     1876.930     1881.260
   770:     1881.510     1882.180     1882.290     1882.370     1882.460
   775:     1882.570     1882.650     1911.430     1917.320     1918.250
   780:     1918.790     1919.560     1920.640     1922.430     1922.550
   785:     1922.830     1923.760     1925.820     1926.180     1930.130
   790:     1930.430     1935.830     1936.010     1949.080     1953.480
   795:     1955.520     1955.860     2035.980     2036.790     2038.260
   800:     2038.330     2038.520     2039.040     2039.150     2039.250
   805:     2127.520     2129.110     2129.230     2129.560     2129.890
   810:     2130.550     2130.620     2130.940     2131.090     2131.870
   815:     2132.390     2136.160     2136.170     2136.310     2136.330
   820:     2136.420     2136.560     2136.940     2137.020     2137.610
   825:     2138.640     2139.420     2140.320     2140.420     2144.990
   830:     2145.050     2145.690     2146.320     2146.400     2151.340
   835:     2152.630     2154.140     2154.740     2155.030     2160.230
   840:     2164.890     2165.040     2169.210     2169.240     2169.300
   845:     2170.850     2175.370     2177.400     2180.910     2185.770
   850:     2185.910     2185.970     2186.030     2187.410     2187.890
   855:     2197.330     2207.750     2211.340     2212.770     2212.950
   860:     2221.020     2221.090     2221.220     2221.310     2221.590
   865:     2223.820     2223.860     2224.530     2226.380     2233.440
   870:     2233.530     2233.580     2233.650     2233.690     2234.190
   875:     2234.990     2235.890     2236.180     2236.240     2236.550
   880:     2236.590     2237.180     2238.880     2239.650     2239.910
   885:     2240.710     2240.830     2240.910     2243.490     2244.660
   890:     2245.070     2248.020     2249.920     2258.770     2259.130
   895:     2260.310     2260.450     2260.540     2260.680     2260.840
   900:     2262.710     2264.380     2265.030     2265.950     2269.040
   905:     2270.010     2270.090     2273.750     2274.280     2275.300
   910:     2275.500     2275.540     2276.620     2281.520     2282.500
   915:     2283.010     2283.430     2284.270     2286.200     2286.270
   920:     2288.560     2291.460     2293.070     2296.510     2297.910
   925:     2299.470     2303.840     2353.030     2353.380     2354.390
   930:     2358.180     2359.280     2359.900     2360.950     2361.010
   935:     2361.230     2363.660     2363.770     2363.900     2366.170
   940:     2366.230     2368.590     2369.200     2369.660     2371.320
   945:     2375.210     2381.340     2390.530     2390.990     2391.090
   950:     2391.280     2391.480     2392.340     2392.510     2394.070
   955:     2394.130     2395.040     2395.090     2395.130     2395.740
   960:     2396.640     2397.010     2399.430     2399.690     2400.160
   965:     2400.250     2402.530     2402.580     2404.870     2405.400
   970:     2410.300     2414.060     2414.220     2414.350     2415.480
   975:     2415.520     2415.650     2419.030     2421.150     2423.690
   980:     2426.030     2426.930     2427.150     2427.280     2427.590
   985:     2427.720     2427.830     2427.930     2428.070     2428.110
   990:     2428.260     2428.320     2428.450     2428.530     2429.590
   995:     2431.170     2431.900     2432.130     2433.530     2433.980
  1000:     2435.610     2437.360     2437.720     2438.110     2439.060
  1005:     2445.930     2446.870     2447.500     2448.130     2451.850
  1010:     2457.020     2457.090     2457.170     2457.240     2457.690
  1015:     2457.780     2466.190     2466.460     2466.520     2466.660
  1020:     2467.560     2467.700     2470.240     2475.110     2475.480
  1025:     2476.190     2479.800     2480.470     2480.550     2481.800
  1030:     2483.030     2483.090     2483.890     2483.940     2486.580
  1035:     2486.820     2488.840     2489.020     2489.290     2489.490
  1040:     2489.800     2489.900     2495.180     2495.390     2495.710
  1045:     2495.800     2496.930     2497.380     2497.620     2498.170
  1050:     2498.200     2498.790     2505.890     2506.410     2506.460
  1055:     2507.550     2509.150     2509.550     2510.320     2511.220
  1060:     2520.320     2521.230     2521.290     2522.570     2522.690
  1065:     2524.710     2529.130     2529.540     2538.920     2539.440
  1070:     2540.170     2541.260     2543.050     2544.200     2544.520
  1075:     2544.580     2546.530     2546.540     2548.840     2548.870
  1080:     2549.090     2551.410     2551.650     2552.440     2555.810
  1085:     2557.770     2559.250     2559.340     2560.410     2561.090
  1090:     2561.760     2561.820     2561.860     2564.610     2564.760
  1095:     2568.020     2569.260     2570.370     2570.460     2570.550
  1100:     2570.580     2570.710     2572.600     2573.070     2573.320
  1105:     2573.350     2573.380     2573.500     2573.590     2573.610
  1110:     2574.770     2574.860     2574.890     2575.440     2575.690
  1115:     2575.770     2576.340     2576.400     2577.310     2579.420
  1120:     2580.070     2580.480     2585.500     2585.630     2585.840
  1125:     2585.880     2585.980     2588.650     2589.380     2591.430
  1130:     2591.470     2591.760     2591.850     2591.930     2592.200
  1135:     2594.080     2594.150     2594.250     2594.330     2594.870
  1140:     2594.940     2595.410     2595.520     2596.850     2597.430
  1145:     2604.050     2604.100     2604.210     2604.430     2604.650
  1150:     2604.860     2606.650     2606.960     2607.080     2607.230
  1155:     2607.450     2609.650     2610.910     2611.150     2611.170
  1160:     2611.410     2635.400     2635.850     2656.510     2656.660
  1165:     2657.080     2657.480     2657.510     2657.740     2658.880
  1170:     2658.980     2659.690     2659.920     2665.330     2665.420
  1175:     2665.540     2665.960     2666.020     2666.070     2666.180
  1180:     2667.770     2669.430     2669.550     2669.700     2669.760
  1185:     2669.930     2669.990     2670.580     2671.090     2671.180
  1190:     2674.490     2676.150     2676.520     2676.770     2677.300
  1195:     2680.310     2682.910     2683.030     2686.750     2688.880
  1200:     2689.370     2689.410     2690.690     2692.200     2692.220
  1205:     2693.070     2693.650     2694.510     2695.580     2698.130
  1210:     2698.180     2698.290     2716.060     2716.460     2716.470
  1215:     2718.440     2724.710     2725.180     2727.570     2779.100
  1220:     2799.790     2802.980     2803.260     2803.530     2804.140
  1225:     2804.230     2806.390     2807.630     2813.300     2813.340
  1230:     2814.290     2814.830     2817.750     2819.320     2819.510
  1235:     2819.550     2819.690     2822.540     2824.630     2832.600
  1240:     2832.910     2835.530     2836.860     2837.400     2839.870
  1245:     2841.300     2846.540     2847.030     2848.110     2848.920
  1250:     2849.000     2849.390     2849.760     2849.800     2849.810
  1255:     2850.110     2851.280     2867.520     2900.900     2905.530
  1260:     2907.630     2907.790     2907.960     2908.540     2912.970
  1265:     2916.040     2916.220     2916.670     2916.750     2916.800
  1270:     2917.490     2921.820     2921.950     2922.410     2977.870
  1275:     2986.710     2988.600     2988.700     2995.330     2996.140
  1280:     2996.280     2998.940     3000.680     3000.780     3002.760
  1285:     3003.700     3009.640     3009.890     3010.240     3010.300
  1290:     3010.640     3011.960     3012.410     3012.460     3013.060
  1295:     3013.340     3013.350     3013.400     3013.450     3014.860
  1300:     3016.410     3016.500     3017.730     3019.590     3019.990
  1305:     3020.520     3023.090     3030.540     3034.060     3035.350
  1310:     3035.420     3035.460     3038.390     3041.810     3041.910
  1315:     3042.030     3042.710     3043.540     3044.060     3044.530
  1320:     3045.270     3047.370     3047.860     3047.970     3048.240
  1325:     3049.260     3049.390     3049.910     3050.560     3052.080
  1330:     3052.970     3053.480     3053.550     3053.610     3053.830
  1335:     3055.300     3057.340     3058.580     3058.620     3058.900
  1340:     3059.000     3061.060     3061.110     3061.940     3065.150
  1345:     3071.620     3072.070     3097.100     3097.820     3138.940
  1350:     3139.100     3139.350     3141.740     3143.380     3147.950
  1355:     3185.590     3192.040     3212.940     3214.230     3224.400
  1360:     3225.600     3230.940     3231.590     3287.010     3287.230
  1365:     3293.850     3294.110     3460.090     3460.780     3473.760
  1370:     3473.990     3498.050     3503.890     3507.400     3507.970
  1375:     3508.060     3508.120     3552.630     3555.930     3556.550
  1380:     3556.990     3559.840     3560.550     3560.930     3563.470
  1385:     3563.580     3566.410     3567.020     3567.080     3567.280
  1390:     3567.870     3570.730     3571.250     3571.560     3572.190
  1395:     3572.360     3572.660     3574.190     3575.340     3575.430
  1400:     3575.550     3575.690     3575.770     3575.840     3576.230
  1405:     3586.260     3586.600     3586.710     3588.430     3588.560
  1410:     3588.630     3588.750     3589.110     3589.630     3591.110
  1415:     3592.670     3593.270     3593.410     3594.860     3595.040
  1420:     3595.340     3595.510     3595.620     3595.780     3600.280
  1425:     3601.290     3601.550     3601.570     3601.590     3601.690
  1430:     3604.740     3608.560     3611.010     3613.100     3613.200
  1435:     3614.520     3614.630     3616.410     3616.440     3616.470
  1440:     3616.580     3616.600     3620.100     3620.260     3621.300
  1445:     3621.490     3622.730     3628.750     3630.500     3635.580
  1450:     3637.330     3641.490     3641.930     3644.440     3647.850
  1455:     3650.940     3652.640     3653.970     3658.870     3659.210
  1460:     3659.840     3660.540     3661.520     3661.700     3665.640
  1465:     3665.660     3666.600     3667.080     3667.140     3668.860
  1470:     3668.920     3669.500     3674.590     3674.800     3676.550
  1475:     3682.680     3683.110     3683.190     3687.440     3687.950
  1480:     3688.830     3691.780     3692.500     3692.740     3693.750
  1485:     3694.670     3694.750     3695.110     3696.270     3701.720
  1490:     3701.820     3703.750     3711.550     3713.140     3716.540
  1495:     3717.220     3722.890     3722.940     3731.970     3760.550
  1500:     3763.790     3769.860     3773.040     3773.750     3774.230
  1505:     3774.370     3774.490     3774.660     3774.730     3774.820
  1510:     3774.860     3774.960     3776.510     3776.720     3781.460
  1515:     3782.040     3784.730     3785.730     3820.750     3820.900
  1520:     3821.260     3841.820     3844.790     3844.870     3845.130
  1525:     3845.630     3853.400     3853.760     3853.830     3853.880
  1530:     3854.510     3855.960     3875.910     3948.170     3949.060
  1535:     4005.140     4005.840     4011.690     4011.920     4013.250
  1540:     4013.930     4038.070     4090.080     4271.440     4272.180
  1545:     4427.950     4440.190     4448.360     4456.030     4456.570
  1550:     4475.140     4475.180     4475.610     4476.860     4477.810
  1555:     4477.840     4478.260     4478.490     4479.470     4481.550
  1560:     4481.760     4483.820     4486.060     4492.800     4494.990
  1565:     4495.140     4495.270     4499.010     4500.960     4502.680
  1570:     4502.770     4503.620     4505.940     4506.180     4506.590
  1575:     4508.370     4508.750     4509.170     4509.970     4510.040
  1580:     4513.160     4518.110     4518.210     4518.630     4518.740
  1585:     4527.920     4528.380     4529.760     4529.870     4530.090
  1590:     4530.180     4530.230     4531.160     4532.690     4534.000
  1595:     4534.070     4534.190     4535.240     4535.560     4540.050
  1600:     4541.270     4541.990     4542.430     4542.810     4567.830
  1605:     4567.840     4580.380     4580.450     4606.610     4607.730
  1610:     4618.130     4618.340     4661.170     4661.560     4662.030
  1615:     4662.950     4664.540     4667.150     4682.140     4698.610
  1620:     4712.280     4722.500     4882.760     4883.750     4890.630
  1625:     4891.160     4906.850     4969.480     4971.520     4996.990
  1630:     5332.530     5332.950     5333.050     5333.690     5333.750
  1635:     5333.890     5334.490     5335.160     5335.410     5335.450
  1640:     5336.550     5337.660     5337.790     5338.730     5339.220
  1645:     5339.280     5347.060     5347.670     5354.200     5354.940
  1650:     5360.840     5361.330     5363.030     5364.010     5365.130
  1655:     5365.610     5369.740     5369.810     5370.760     5371.810
  1660:     5375.690     5377.650     5378.880     5378.960     5379.630
  1665:     5379.820     5383.990     5384.250     5385.240     5385.300
  1670:     5385.720     5391.590     5392.060     5392.400     5393.110
  1675:     5393.340     5393.450     5393.580     5395.710     5401.330
  1680:     5401.430     5401.610     5401.700     5403.610     5405.120
  1685:     5406.450     5407.210     5407.710     5408.870     5409.080
  1690:     5411.850     5415.100     5415.890     5416.050     5416.590
  1695:     5416.620     5418.120     5418.230     5419.090     5421.110
  1700:     5421.350     5423.580     5424.390     5425.210     5425.570
  1705:     5427.350     5427.890     5430.560     5432.890     5433.670
  1710:     5434.060     5434.670     5437.090     5438.110     5440.130
  1715:     5442.230     5442.250     5442.580     5444.410     5444.440
  1720:     5444.630     5444.720     5444.800     5445.700     5445.740
  1725:     5448.410     5448.600     5448.860     5449.020     5449.180
  1730:     5449.300     5449.430     5449.990     5450.470     5452.010
  1735:     5452.030     5452.070     5452.380     5452.710     5452.810
  1740:     5453.310     5453.470     5454.710     5456.230     5457.780
  1745:     5457.810     5458.210     5458.750     5459.190     5459.690
  1750:     5459.920     5460.170     5466.050     5466.870     5467.070
  1755:     5467.130     5469.120     5472.760     5481.400     5481.960
  1760:     5482.340     5482.360     5483.110     5483.190     5484.080
  1765:     5484.220     5484.340     5484.430     5484.720     5485.750
  1770:     5486.160     5487.900     5488.230     5488.620     5491.700
  1775:     5491.820     5491.860     5491.930     5492.060     5492.190
  1780:     5492.310     5492.630     5492.770     5494.210     5495.570
  1785:     5497.190     5497.280     5497.550     5498.640     5500.820
  1790:     5503.050     5504.340     5507.270     5508.110     5512.400
  1795:     5513.340     5515.270     5520.530     5520.920     5522.620
  1800:     5548.190     5554.700     5555.200     5566.100     5566.550
  1805:     5568.840     5569.610     5569.650     5704.440     5705.970
  1810:     5707.630     5710.850     5711.350     5712.570     5713.330
  1815:     5713.390     5713.950     5714.200     5714.480     5715.860
  1820:     5717.160     5719.440     5720.630     5720.780     5722.940
  1825:     5723.420     5730.910     5731.300     5731.570     5732.880
  1830:     5733.560     5733.830     5734.230     5734.680     5734.900
  1835:     5735.000     5735.190     5736.850     5737.750     5737.920
  1840:     5738.020     5738.360     5739.960     5740.290     5740.360
  1845:     5741.260     5741.980     5742.010     5745.080     5788.470
  1850:     5788.560     5788.740     5790.880     5793.130     5795.980
  1855:     5800.670     5800.850     5857.210     5870.790     5871.110
  1860:     5892.150     5938.760     6018.100     6018.140     6041.630
  1865:     6095.970     6114.670     6115.030     6115.200     6123.110
  1870:     6127.380     6127.840     6131.340     6131.690     6132.510
  1875:     6133.010     6136.520     6136.910     6137.810     6140.150
  1880:     6141.730     6142.810     6142.910     6142.930     6143.170
  1885:     6147.910     6356.720     6356.970     6376.470     6376.810
  1890:     6377.340     6377.940     6378.390     6379.090     6379.340
  1895:     6379.530     6380.840     6381.010     6381.400     6383.000
  1900:     6383.120     6383.200     6384.170     6384.410     6384.480
  1905:     6387.410     6390.820     6391.180     6391.410     6401.110
  1910:     6401.800     6405.410     6406.150     6406.430     6413.090
  1915:     6413.550     6416.300     6417.080     6421.670     6421.960
  1920:     6422.090     6422.250     6423.190     6424.180     6425.830
  1925:     6427.340     6427.610     6429.280     6430.720     6431.450
  1930:     6434.790     6435.140     6435.400     6435.600     6436.090
  1935:     6436.650     6436.740     6436.900     6442.380     6442.710
  1940:     6443.080     6446.820     6475.060     6476.320     6504.090
  1945:     6505.860     6507.610     6507.680     6507.790     6514.760
  1950:     6516.220     6516.690     6517.440     6522.900     6522.950
  1955:     6523.370     6524.140     6526.290     6526.700     6531.990
  1960:     6553.930     6620.770     6625.770     6631.730     6642.770
  1965:     6643.440     6643.520     6643.670     6644.020     6644.150
  1970:     6644.690     6647.060     6647.230     6652.090     6652.760
  1975:     6759.730     6759.830     6763.880     6785.160     6785.420
  1980:     6797.460     6802.950     6824.120     6943.550     6962.020
  1985:     7307.760     7308.190     7308.420     7308.540     7316.760
  1990:     7318.380     7318.540     7323.360     7325.300     7325.900
  1995:     7327.480     7328.470     7333.390     7333.880     7345.900
  2000:     7347.670     7348.480     7348.710     7349.670     7350.000
  2005:     7351.060     7354.570     7536.080     7536.510     7536.790
  2010:     7549.850     7624.750     7677.340     7678.990     7713.960
  2015:     7714.270     7714.440     7715.480     8002.870     8003.050
  2020:     8004.020     8004.330     8006.550     8006.630     8006.940
  2025:     8009.080     8009.390     8017.390     8018.030     8018.100
  2030:     8115.440     8115.550     8116.250     8116.710     8124.030
  2035:     8124.170     8124.500     8124.550     8125.060     8127.230
  2040:     8127.760     8127.890     8134.710     8136.760     8144.750
  2045:     8165.300     8294.030     8294.780     8364.350     8368.420
  2050:     8434.270     8437.810     8438.290     8438.660     8438.970
  2055:     8439.280     8439.960     8440.160     8440.560     8447.430
  2060:     8450.190     8461.390     8462.540     8462.950     8464.180
  2065:     8464.530     8465.490     8466.750     8466.880     8468.890
  2070:     8468.920     8470.120     8470.440     8470.700     8477.170
  2075:     8477.470     8477.560     8478.050     8478.950     8479.640
  2080:     8484.070     8485.140     8485.260     8490.830     8495.140
  2085:     8497.910     8498.020     8498.260     8498.380     8498.510
  2090:     8498.650     8498.820     8498.880     8499.150     8504.080
  2095:     8504.360     8587.220     8587.420     8587.590     8587.810
  2100:     8689.510     8690.420     8702.400     8702.940     8703.290
  2105:     8703.360     8703.420     8708.210     8710.850     8712.000
  2110:     8712.100     8712.690     8712.770     8715.430     8716.060
  2115:     8716.370     8717.030     8719.670     8722.100     8722.200
  2120:     8722.270     8723.710     8723.760     8724.000     8724.020
  2125:     8724.110     8724.550     8724.570     8725.830     8726.410
  2130:     8726.770     8727.170     8728.720     8730.450     8730.780
  2135:     8730.840     8732.420     8733.970     8734.090     8734.580
  2140:     8737.340     8737.380     8737.450     8737.500     8737.800
  2145:     8738.020     8738.870     8739.060     8739.810     8740.510
  2150:     8741.450     8744.690     8746.870     8746.900     8747.000
  2155:     8747.170     8750.500     8750.770     8752.160     8754.990
  2160:     8756.260     8758.860     8761.280     8761.490     8769.330
  2165:     8770.280     8770.440     8776.400     8777.460     8777.560
  2170:     8778.020     8778.440     8779.120     8779.220     8781.710
  2175:     8786.920     8787.180     8791.040     8791.330     8791.480
  2180:     8795.110     8797.670     8800.530     8800.610     8801.120
  2185:     8814.750     8819.700     8820.630     8821.130     8821.950
  2190:     8823.630     8823.760     8824.740     8830.290     8836.100
  2195:     8836.910     8840.020     8843.160     8843.350     8843.410
  2200:     8851.490     8851.600     8852.200     8852.260     8853.150
  2205:     8853.280     8854.810     8858.510     8859.230     8859.310
  2210:     8859.580     8861.120     8866.030     8866.810     8867.030
  2215:     8867.220     8867.600     8868.070     8868.130     8868.260
  2220:     8869.900     8870.170     8871.050     8871.330     8871.490
  2225:     8873.990     8874.160     8886.140     8886.540     8887.420
  2230:     8889.560     8890.140     8890.360     8890.590     8890.660
  2235:     8891.850     8891.920     8895.900     8895.950     8896.360
  2240:     8902.010     8903.030     8903.340     8904.450     8904.490
  2245:     8904.620     8904.720     8904.850     8904.970     8910.090
  2250:     8911.550     8912.490     9215.560     9215.860     9378.170
  2255:     9378.240     9434.280     9435.220     9436.230     9478.970
  2260:     9491.750     9492.180     9492.960     9501.270     9551.220
  2265:     9590.730     9848.300     9850.830     9936.510    10003.910
  2270:    10004.640    10007.570    10007.950    10008.020    10008.140
  2275:    10008.260    10009.390    10011.310    10011.410    10015.140
  2280:    10017.060    10017.350    10017.520    10019.680    10019.730
  2285:    10019.930    10022.600    10025.880    10030.770    10031.480
  2290:    10031.840    10031.910    10032.000    10033.940    10034.160
  2295:    10034.210    10034.860    10042.600    10046.190    10046.500
  2300:    10047.410    10048.230    10048.380    10048.450    10049.270
  2305:    10049.430    10049.500    10050.260    10051.440    10051.550
  2310:    10051.640    10051.790    10052.080    10053.660    10057.450
  2315:    10057.890    10058.010    10062.020    10062.650    10065.310
  2320:    10065.360    10065.800    10066.060    10067.100    10496.630
  2325:    10506.940    10506.970    10507.080    10513.410    10583.640
  2330:    10584.090    10584.130    10588.640    10588.870    10589.000
  2335:    10589.810    10590.120    10591.730    10592.140    10592.210
  2340:    10592.540    10593.890    10596.070    10596.150    10621.260
  2345:    10696.850    10741.260    10744.560    10774.180    10800.010
