File: C:\MED-PC IV\DATA\!2025-05-22_09h49m.Subject T6



Start Date: 05/22/25
End Date: 05/22/25
Subject: T6
Experiment: OralFentSA
Group: One
Box: 6
Start Time:  9:49:40
End Time: 12:49:43
MSN: Golden_Liq_SelfAdmin
F:       0.000
G:     715.000
H:   10800.010
I:       0.000
J:       0.000
K:       0.000
L:       0.000
M:       0.000
N:       0.000
O:       0.000
P:       0.000
Q:       0.000
R:       0.000
S:       0.000
U:       0.000
V:       0.000
W:       0.000
X:       0.000
Y:       0.000
Z:       0.000
A:
     0:        0.000        0.000      180.000        4.000        0.000
     5:        5.000        0.000        5.000        0.000        0.000
    10:        1.000        0.000       10.000  3000000.000       21.000
    15:        8.000      640.000        0.000        0.000        0.000
    20:        0.000
B:
     0:        0.000        0.000        0.000      400.000        0.000
     5:      500.000        0.000      500.000        0.000        0.000
    10:        0.000        0.000     1000.000 300000000.00        0.000
    15:        0.000        0.000        0.000        0.000        0.000
    20:        0.000
C:
     0:        8.000        8.000        0.000        8.000      603.000
     5:    10798.140        4.380        7.000      125.040       17.863
    10:        8.000        1.000        0.000        0.000        0.000
    15:        0.000        0.000        0.000        0.000        0.000
    20:        0.000
D:
     0:       13.290       18.410       10.670        9.370       63.040
     5:        5.880        4.380
E:
     0:       19.000       11.000       26.000       27.000        6.000
     5:        6.000        6.000        6.000        6.000        6.000
    10:        2.000        4.000       22.000       24.000       12.000
    15:       13.000        8.000        5.000       17.000       18.000
    20:       14.000       10.000       19.000       11.000        6.000
    25:        6.000        6.000        6.000        6.000        6.000
    30:        6.000        6.000        6.000        6.000        6.000
    35:        6.000        6.000        6.000        6.000        6.000
    40:        6.000        6.000        6.000        6.000        6.000
    45:        6.000        6.000        6.000        6.000        6.000
    50:        6.000        6.000        6.000        6.000        6.000
    55:        6.000        6.000        6.000        6.000        6.000
    60:        6.000        6.000        6.000        6.000        6.000
    65:        6.000        6.000        6.000        6.000        6.000
    70:        6.000        6.000        6.000        6.000        6.000
    75:        6.000        6.000        6.000        6.000        6.000
    80:        6.000        6.000        6.000        6.000        6.000
    85:        6.000        6.000        6.000        6.000        6.000
    90:        6.000        6.000        6.000        6.000        6.000
    95:        6.000        6.000        6.000        6.000        6.000
   100:        6.000        6.000        6.000        6.000        6.000
   105:        6.000        6.000        6.000        6.000        6.000
   110:        6.000        6.000        6.000        6.000        6.000
   115:        6.000        6.000        6.000        6.000        6.000
   120:        6.000        6.000        6.000        6.000        6.000
   125:        6.000        6.000        6.000        6.000        6.000
   130:        6.000        6.000        6.000        6.000        6.000
   135:        6.000        6.000        6.000        6.000        6.000
   140:        6.000        6.000        6.000        6.000        6.000
   145:        6.000        6.000        6.000        6.000        6.000
   150:        6.000        6.000        6.000        6.000        6.000
   155:        6.000        6.000        6.000        6.000        6.000
   160:        6.000        6.000        6.000        6.000        6.000
   165:        6.000        6.000        6.000        6.000        6.000
   170:        6.000        6.000        6.000        6.000        6.000
   175:        6.000        6.000        6.000        6.000        6.000
   180:        6.000        6.000        6.000        6.000        6.000
   185:        6.000        6.000        6.000        6.000        6.000
   190:        6.000        6.000        6.000        6.000        6.000
   195:        6.000        6.000        6.000        6.000        6.000
   200:        6.000        6.000        6.000        6.000        6.000
   205:        6.000        6.000        6.000        6.000        6.000
   210:        6.000        6.000        6.000        6.000        6.000
   215:        6.000        6.000        6.000        6.000        6.000
   220:        6.000        6.000        6.000        6.000        6.000
   225:        6.000        6.000        6.000        6.000        6.000
   230:        6.000        6.000        6.000        6.000        6.000
   235:        6.000        6.000        6.000        6.000        6.000
   240:        6.000        6.000        6.000        6.000        6.000
   245:        6.000        2.000        4.000       22.000       24.000
   250:       12.000       13.000        8.000        5.000       17.000
   255:       18.000       14.000       10.000       19.000       11.000
   260:        6.000        6.000        6.000        6.000        6.000
   265:        6.000        6.000        6.000        6.000        6.000
   270:        6.000        6.000        6.000        6.000        6.000
   275:        6.000        6.000        6.000        6.000        6.000
   280:        6.000        6.000        6.000        6.000        6.000
   285:        6.000        6.000        6.000        2.000        4.000
   290:       22.000       24.000       12.000       13.000        8.000
   295:        5.000       17.000       18.000       14.000       10.000
   300:       19.000       11.000        6.000        6.000        6.000
   305:        6.000        6.000        6.000        6.000        6.000
   310:        6.000        6.000        6.000        6.000        6.000
   315:        6.000        6.000        6.000        6.000        6.000
   320:        6.000        6.000        6.000        6.000        6.000
   325:        6.000        6.000        6.000        6.000        6.000
   330:        6.000        6.000        6.000        6.000        6.000
   335:        6.000        6.000        6.000        6.000        6.000
   340:        6.000        6.000        6.000        6.000        6.000
   345:        6.000        6.000        6.000        6.000        6.000
   350:        6.000        6.000        6.000        6.000        6.000
   355:        6.000        6.000        6.000        6.000        6.000
   360:        6.000        6.000        6.000        6.000        6.000
   365:        6.000        6.000        6.000        6.000        6.000
   370:        6.000        6.000        6.000        6.000        6.000
   375:        6.000        6.000        6.000        6.000        6.000
   380:        6.000        6.000        6.000        6.000        6.000
   385:        6.000        6.000        6.000        6.000        6.000
   390:        6.000        6.000        6.000        6.000        6.000
   395:        6.000        6.000        6.000        6.000        6.000
   400:        6.000        6.000        6.000        6.000        6.000
   405:        6.000        6.000        6.000        6.000        6.000
   410:        6.000        6.000        6.000        6.000        6.000
   415:        6.000        6.000        6.000        6.000        6.000
   420:        6.000        6.000        6.000        6.000        6.000
   425:        6.000        6.000        6.000        6.000        6.000
   430:        6.000        6.000        6.000        6.000        6.000
   435:        6.000        6.000        6.000        6.000        6.000
   440:        6.000        6.000        6.000        6.000        6.000
   445:        6.000        6.000        6.000        6.000        6.000
   450:        6.000        6.000        6.000        6.000        6.000
   455:        6.000        6.000        6.000        6.000        6.000
   460:        6.000        6.000        6.000        6.000        6.000
   465:        6.000        6.000        6.000        6.000        6.000
   470:        6.000        6.000        6.000        6.000        6.000
   475:        6.000        6.000        6.000        6.000        6.000
   480:        6.000        6.000        6.000        6.000        6.000
   485:        6.000        6.000        2.000        4.000       22.000
   490:       24.000       12.000       13.000        8.000        5.000
   495:       17.000       18.000       14.000       10.000        6.000
   500:       19.000       11.000        6.000        6.000        6.000
   505:        6.000        6.000        6.000        6.000        6.000
   510:        6.000        6.000        6.000        6.000        6.000
   515:        6.000        6.000        6.000        6.000        6.000
   520:        2.000        4.000       22.000       24.000       12.000
   525:       13.000        8.000        5.000       17.000       18.000
   530:       14.000       10.000       19.000       11.000        6.000
   535:        6.000        6.000        6.000        6.000        6.000
   540:        6.000        6.000        6.000        6.000        6.000
   545:        6.000        6.000        6.000        6.000        6.000
   550:        6.000        6.000        6.000        6.000        6.000
   555:        6.000        6.000        6.000        6.000        6.000
   560:        6.000        6.000        6.000        6.000        6.000
   565:        6.000        6.000        6.000        6.000        6.000
   570:        6.000        6.000        6.000        6.000        6.000
   575:        6.000        6.000        6.000        6.000        6.000
   580:        6.000        6.000        6.000        6.000        6.000
   585:        6.000        6.000        6.000        6.000        6.000
   590:        6.000        6.000        6.000        6.000        6.000
   595:        6.000        6.000        2.000        4.000       22.000
   600:       24.000       12.000       13.000        8.000        5.000
   605:       17.000       18.000       14.000       10.000        6.000
   610:       19.000       11.000        2.000        4.000       22.000
   615:       24.000       12.000       13.000        8.000        5.000
   620:       17.000       18.000        6.000       14.000       10.000
   625:        6.000       19.000       11.000        6.000        6.000
   630:        6.000        6.000        6.000        6.000        6.000
   635:        6.000        6.000        6.000        6.000        6.000
   640:        6.000        6.000        6.000        6.000        6.000
   645:        6.000        6.000        6.000        6.000        6.000
   650:        6.000        6.000        6.000        6.000        6.000
   655:        6.000        6.000        6.000        6.000        6.000
   660:        6.000        6.000        6.000        6.000        6.000
   665:        6.000        6.000        6.000        6.000        6.000
   670:        6.000        6.000        6.000        6.000        6.000
   675:        6.000        6.000        6.000        6.000        6.000
   680:        6.000        6.000        6.000        6.000        6.000
   685:        6.000        6.000        6.000        6.000        6.000
   690:        6.000        6.000        6.000        6.000        6.000
   695:        6.000        6.000        6.000        6.000        6.000
   700:        6.000        6.000        6.000        6.000        6.000
   705:       23.000        2.000        4.000       22.000       24.000
   710:       12.000       13.000        8.000        5.000       17.000
   715:      100.000
T:
     0:        0.000        0.000        0.000        0.000       27.480
     5:       27.680      252.300      255.250      256.460      256.720
    10:      423.430      423.430      423.430      423.440      423.440
    15:      423.440      423.440      423.440      423.440      427.440
    20:      428.440      428.440      433.430      433.440      436.730
    25:      437.150      437.250      439.440      472.120      473.460
    30:      475.090      475.180      475.710      475.750      475.830
    35:      477.160      477.250      481.270      481.340      481.690
    40:      505.570      518.370      534.190      559.040      559.290
    45:      559.640      565.250      566.440      596.820      685.510
    50:      761.740      762.510      764.790      767.090      768.950
    55:      769.840      772.810      919.430      919.450      919.510
    60:      976.340      976.540      977.810     1041.230     1095.840
    65:     1097.110     1097.470     1100.970     1208.540     1232.230
    70:     1471.790     1513.030     1808.400     1960.450     2002.340
    75:     2003.020     2037.730     2040.480     2067.230     2067.740
    80:     2069.600     2069.800     2070.080     2070.260     2070.420
    85:     2070.670     2070.850     2070.950     2071.530     2071.950
    90:     2072.430     2078.640     2081.470     2081.750     2085.340
    95:     2087.650     2095.920     2096.620     2097.150     2098.180
   100:     2099.450     2099.510     2105.080     2132.280     2132.700
   105:     2136.330     2137.260     2137.480     2137.630     2144.970
   110:     2145.260     2145.590     2145.940     2146.040     2146.130
   115:     2147.520     2148.080     2148.510     2148.660     2148.910
   120:     2149.180     2149.820     2150.200     2159.680     2161.460
   125:     2162.280     2166.690     2169.200     2169.350     2169.790
   130:     2171.130     2171.150     2171.250     2173.890     2174.110
   135:     2174.490     2175.450     2229.410     2230.210     2230.530
   140:     2233.030     2237.860     2238.330     2242.540     2278.840
   145:     2279.780     2282.310     2282.390     2282.670     2283.000
   150:     2283.310     2319.110     2328.180     2328.360     2328.580
   155:     2412.390     2416.640     2438.170     2443.420     2444.380
   160:     2444.600     2445.880     2446.110     2446.790     2474.430
   165:     2528.710     2598.570     2600.430     3002.760     3003.390
   170:     3003.700     3006.000     3008.250     3045.580     3047.400
   175:     3048.190     3049.120     3049.190     3049.440     3049.700
   180:     3050.570     3050.640     3051.800     3052.020     3052.350
   185:     3053.410     3053.480     3053.690     3053.920     3057.240
   190:     3058.200     3059.180     3059.350     3060.380     3060.550
   195:     3061.330     3061.350     3061.710     3062.010     3062.090
   200:     3062.170     3063.510     3070.680     3072.270     3072.450
   205:     3072.550     3072.740     3116.620     3116.750     3117.260
   210:     3117.960     3118.720     3118.800     3119.250     3119.440
   215:     3144.040     3146.780     3154.000     3155.900     3156.360
   220:     3156.470     3156.560     3156.610     3156.710     3156.770
   225:     3157.290     3520.680     3520.820     3522.060     3540.540
   230:     3542.970     3544.060     3556.440     3559.330     3560.350
   235:     3588.960     3589.620     3590.330     3590.790     3621.050
   240:     3627.140     3627.250     3627.470     3651.190     3654.310
   245:     3654.430     3663.400     3663.400     3663.400     3663.410
   250:     3663.410     3663.410     3663.410     3663.410     3663.410
   255:     3667.410     3668.410     3668.410     3673.400     3673.410
   260:     3681.820     3690.900     3691.560     3691.670     3691.850
   265:     3693.620     3694.040     3694.660     3695.610     3696.200
   270:     3696.490     3697.720     3698.560     3699.520     3701.370
   275:     3701.870     3702.030     3702.140     3702.220     3703.670
   280:     3705.410     3706.300     3706.340     3706.480     3709.940
   285:     3710.140     3714.470     3726.240     3739.210     3739.210
   290:     3739.210     3739.220     3739.220     3739.220     3739.220
   295:     3739.220     3739.220     3743.220     3744.220     3744.220
   300:     3749.210     3749.220     3749.890     3753.090     3753.690
   305:     3755.500     3757.750     3757.810     3760.470     3777.340
   310:     3779.550     3779.720     3779.810     3780.180     3780.710
   315:     3783.830     3784.110     3784.190     3785.820     3785.890
   320:     3785.950     3827.530     3858.110     3904.460     3971.110
   325:     3994.090     3994.960     4033.110     4537.520     4537.720
   330:     4581.350     4582.610     4583.750     4586.070     4587.080
   335:     4590.450     4590.940     4590.960     4591.000     4596.980
   340:     4597.510     4599.830     4600.390     4600.580     4600.850
   345:     4601.350     4602.000     4607.780     4607.850     4607.910
   350:     4607.960     4609.000     4609.120     4611.200     4634.750
   355:     4647.440     4647.470     4668.150     4707.400     4767.050
   360:     4829.280     4829.380     4913.620     4917.020     4918.790
   365:     4919.160     4920.630     4920.740     4921.300     4921.600
   370:     4922.260     4922.340     4922.480     4927.910     4935.160
   375:     4946.470     4946.520     4977.080     4982.470     4999.000
   380:     5000.130     5118.070     5118.180     5118.560     5127.860
   385:     5540.380     5540.410     5541.210     5553.180     5555.320
   390:     5619.060     5619.280     5631.060     5631.630     5631.700
   395:     5631.770     5632.370     5632.930     5634.250     5637.220
   400:     5650.890     5660.860     5661.180     5663.470     5711.900
   405:     5712.160     5804.020     5804.620     5840.340     5843.130
   410:     5843.430     5843.740     5846.380     5848.110     5858.050
   415:     5858.120     5858.200     5858.590     5858.630     5859.290
   420:     5859.860     5933.260     5934.040     5934.090     5934.160
   425:     5934.350     5940.870     5945.920     5946.740     5951.290
   430:     5980.320     5980.650     5980.720     5980.890     5980.960
   435:     5981.330     5982.120     5982.180     5983.520     5983.570
   440:     5985.120     5985.690     5990.860     6027.830     6028.690
   445:     6028.800     6029.050     6029.180     6029.330     6029.520
   450:     6030.200     6030.280     6032.420     6034.070     6037.610
   455:     6037.820     6038.090     6039.510     6040.120     6040.870
   460:     6041.170     6041.240     6041.660     6056.370     6081.980
   465:     6082.630     6150.570     6153.080     6155.120     6156.220
   470:     6156.240     6158.690     6159.400     6160.000     6160.670
   475:     6161.780     6162.080     6162.410     6162.590     6164.230
   480:     6165.740     6166.460     6172.190     6172.420     6174.360
   485:     6175.350     6255.940     6317.200     6317.200     6317.200
   490:     6317.210     6317.210     6317.210     6317.210     6317.210
   495:     6317.210     6321.210     6322.210     6322.210     6326.580
   500:     6327.200     6327.210     6330.210     6357.950     6442.370
   505:     6443.530     6443.600     6443.700     6471.810     6485.980
   510:     6519.390     6530.390     6531.290     6531.350     6600.510
   515:     6600.730     6604.400     6604.540     6604.630     6604.900
   520:     6608.920     6608.920     6608.920     6608.930     6608.930
   525:     6608.930     6608.930     6608.930     6608.930     6612.930
   530:     6613.930     6613.930     6618.920     6618.930     6671.970
   535:     6680.080     6681.000     6683.760     6686.010     6686.060
   540:     6686.320     6686.450     6687.030     6687.240     6691.300
   545:     6691.590     6692.060     6695.820     6699.110     6700.320
   550:     6700.420     6701.370     6702.240     6702.980     6704.270
   555:     6705.110     6708.030     6710.430     6710.560     6711.430
   560:     7266.100     7671.030     7672.120     7912.660     7912.760
   565:     7915.090     7915.580     7915.720     7916.200     7916.270
   570:     7916.930     7917.110     7917.450     7917.580     7918.080
   575:     7919.780     7923.000     7924.040     7924.450     7930.670
   580:     7931.890     7935.730     7952.000     7952.510     7952.990
   585:     7953.130     7954.140     7954.510     7954.610     7960.270
   590:     7996.930     7997.070     8000.170     8013.840     8014.130
   595:     8018.410     8018.510     8136.200     8136.200     8136.200
   600:     8136.210     8136.210     8136.210     8136.210     8136.210
   605:     8136.210     8140.210     8141.210     8141.210     8142.090
   610:     8146.200     8146.210     8151.010     8151.010     8151.010
   615:     8151.020     8151.020     8151.020     8151.020     8151.020
   620:     8151.020     8155.020     8155.400     8156.020     8156.020
   625:     8159.130     8161.010     8161.020     8175.180     8175.320
   630:     8178.740     8183.090     8186.510     8189.760     8190.370
   635:     8191.130     8192.160     8192.950     8194.960     8195.230
   640:     8202.600     8207.920     8238.260     8238.610     8240.360
   645:     8245.730     8249.010     8259.390     8259.450     8261.120
   650:     8282.940     8336.580     8340.450     8343.370     8345.270
   655:     8347.010     8347.710     8359.090     8362.180     8364.430
   660:     8617.210     8617.470     8621.080     8989.660     9272.650
   665:     9725.750     9727.140     9727.370     9727.630     9727.790
   670:    10599.980    10600.240    10600.750    10601.430    10601.500
   675:    10602.180    10602.300    10602.530    10602.910    10603.610
   680:    10603.830    10604.190    10604.880    10604.960    10605.330
   685:    10608.310    10608.450    10619.770    10620.040    10620.130
   690:    10620.450    10621.190    10621.340    10621.880    10625.120
   695:    10625.420    10625.760    10627.280    10741.600    10759.590
   700:    10760.430    10760.630    10764.530    10765.000    10765.330
   705:    10789.610    10798.130    10798.130    10798.130    10798.140
   710:    10798.140    10798.140    10798.140    10798.140    10798.140
   715:    10800.010
