File: C:\MED-PC IV\DATA\!2025-05-30_12h53m.Subject T9



Start Date: 05/30/25
End Date: 05/30/25
Subject: T9
Experiment: OralFentSA
Group: One
Box: 7
Start Time: 12:53:12
End Time: 15:53:22
MSN: Golden_Liq_SelfAdmin
F:       0.000
G:    1323.000
H:   10800.010
I:       0.000
J:       0.000
K:       0.000
L:       0.000
M:       0.000
N:       0.000
O:       0.000
P:       0.000
Q:       0.000
R:       0.000
S:       0.000
U:       0.000
V:       0.000
W:       0.000
X:       0.000
Y:       0.000
Z:       0.000
A:
     0:        0.000        0.000      180.000        4.000        0.000
     5:        5.000        0.000        5.000        0.000        0.000
    10:        1.000        0.000       10.000  3000000.000       19.000
    15:       14.000      640.000        0.000        0.000        0.000
    20:        0.000
B:
     0:        0.000        0.000        0.000      400.000        0.000
     5:      500.000        0.000      500.000        0.000        0.000
    10:        0.000        0.000     1000.000 300000000.00        0.000
    15:        0.000        0.000        0.000        0.000        0.000
    20:        0.000
C:
     0:       13.000       14.000        0.000       26.000     1065.000
     5:     7348.050        1.400       12.000      151.730       12.644
    10:       26.000       46.000        0.000        0.000        0.000
    15:        0.000        0.000        0.000        0.000        0.000
    20:        0.000
D:
     0:        2.890        3.230       64.050        9.760       25.600
     5:        1.710        3.090       26.490        0.840        1.090
    10:       11.580        1.400
E:
     0:       19.000       11.000       26.000       27.000        6.000
     5:        6.000        6.000        6.000        6.000        6.000
    10:        6.000        6.000        6.000        6.000       23.000
    15:       23.000        6.000        6.000        6.000        6.000
    20:        6.000        6.000        6.000        6.000        6.000
    25:        6.000        6.000       23.000        6.000        6.000
    30:        6.000        6.000        6.000        6.000        6.000
    35:        6.000        6.000        6.000        6.000        6.000
    40:        6.000        6.000        6.000        6.000        6.000
    45:        6.000        6.000        6.000        6.000        6.000
    50:        6.000        6.000        6.000        6.000        6.000
    55:        6.000        6.000        6.000        6.000        6.000
    60:        6.000        6.000        6.000        6.000        6.000
    65:        6.000        6.000        6.000        6.000        6.000
    70:        6.000        6.000        6.000        6.000        6.000
    75:        6.000        6.000        6.000        6.000        6.000
    80:       23.000       23.000       23.000        6.000        6.000
    85:        6.000        6.000        6.000        6.000        6.000
    90:        2.000        4.000       22.000       24.000       12.000
    95:       13.000        8.000        5.000       17.000        6.000
   100:       18.000       14.000       10.000       19.000       11.000
   105:        6.000        6.000        6.000        6.000        6.000
   110:        6.000        6.000        6.000        6.000        6.000
   115:        6.000        6.000        6.000        6.000        6.000
   120:        6.000        6.000        6.000        6.000        6.000
   125:        6.000        6.000        6.000        6.000        6.000
   130:        6.000        6.000        6.000        6.000        6.000
   135:        6.000        6.000        6.000        6.000        6.000
   140:        6.000        6.000        6.000        6.000        6.000
   145:        6.000        6.000        6.000        6.000        6.000
   150:        6.000        6.000        6.000        6.000        6.000
   155:        6.000        6.000        6.000        6.000        6.000
   160:        6.000        6.000        6.000        6.000        6.000
   165:        6.000        6.000        6.000        6.000        6.000
   170:        6.000        6.000        6.000        6.000        6.000
   175:        6.000        6.000        6.000        6.000        6.000
   180:        6.000        6.000        2.000        4.000       22.000
   185:       24.000       12.000       13.000        8.000        5.000
   190:       17.000       21.000       22.000       21.000       22.000
   195:       21.000       22.000        6.000        6.000       18.000
   200:       14.000       10.000       21.000       22.000       21.000
   205:       22.000       19.000       11.000        2.000        4.000
   210:       22.000       24.000       12.000       13.000        8.000
   215:        5.000       17.000       18.000       14.000       10.000
   220:       19.000       11.000        6.000        6.000        6.000
   225:        6.000        6.000        6.000        6.000        6.000
   230:        6.000        6.000        6.000        6.000        6.000
   235:        6.000        6.000        6.000        6.000        6.000
   240:        6.000        6.000        6.000        6.000        6.000
   245:        6.000        6.000        6.000        6.000        6.000
   250:        6.000        6.000        6.000        6.000        6.000
   255:        6.000        6.000        6.000        6.000        6.000
   260:        6.000        6.000        6.000        6.000        6.000
   265:        6.000        6.000        6.000        6.000        6.000
   270:        6.000        6.000        6.000        6.000        6.000
   275:        6.000        6.000        6.000        6.000        6.000
   280:        6.000        6.000        6.000        6.000        6.000
   285:        6.000        6.000        6.000        6.000        6.000
   290:        6.000        6.000        6.000        6.000        6.000
   295:        6.000        6.000        6.000        6.000        6.000
   300:        6.000        6.000        6.000        6.000        6.000
   305:        6.000        6.000        6.000        6.000        6.000
   310:        6.000        6.000        6.000        6.000        6.000
   315:        6.000        6.000        6.000        6.000        6.000
   320:        6.000        6.000        6.000        6.000        6.000
   325:        6.000        6.000        6.000        6.000        6.000
   330:        6.000        6.000        6.000        6.000        6.000
   335:        6.000        6.000        6.000        6.000        6.000
   340:        6.000        6.000        6.000        6.000        6.000
   345:        6.000        6.000        6.000        6.000        6.000
   350:        6.000        6.000        6.000        6.000        6.000
   355:        2.000        4.000       22.000       24.000       12.000
   360:       13.000        8.000        5.000       17.000       18.000
   365:       14.000       10.000        6.000       19.000       11.000
   370:        6.000        6.000        6.000        6.000        6.000
   375:        6.000        6.000        6.000        6.000        6.000
   380:        6.000        6.000        6.000        6.000        6.000
   385:        6.000        6.000        6.000        6.000        6.000
   390:        6.000        6.000        6.000        6.000        6.000
   395:        6.000        6.000        6.000        6.000        6.000
   400:        6.000        6.000        6.000        6.000        6.000
   405:        6.000        6.000        6.000        6.000        6.000
   410:        6.000        6.000        6.000        6.000        6.000
   415:        6.000        6.000        6.000        6.000        6.000
   420:        6.000        6.000        6.000        6.000        6.000
   425:        6.000        6.000        6.000       23.000       23.000
   430:       23.000       23.000       23.000       23.000       23.000
   435:       23.000       23.000       23.000        6.000        6.000
   440:       23.000       23.000        6.000        6.000        6.000
   445:        6.000       23.000        6.000        6.000        6.000
   450:       23.000       23.000       23.000        6.000        6.000
   455:        6.000        6.000        6.000        6.000        6.000
   460:        6.000        6.000        6.000        6.000        6.000
   465:        6.000        6.000        6.000        6.000        6.000
   470:        6.000        6.000        6.000        2.000        4.000
   475:       22.000       24.000       12.000       13.000        8.000
   480:        5.000       17.000       21.000       22.000       18.000
   485:       14.000       10.000       19.000       11.000        6.000
   490:        6.000        6.000        6.000        6.000        6.000
   495:        6.000        6.000        6.000        6.000        6.000
   500:        6.000        6.000        6.000        6.000        6.000
   505:        6.000        6.000        6.000        6.000        6.000
   510:        6.000        6.000        6.000        6.000        6.000
   515:        6.000        6.000        6.000        6.000        6.000
   520:        6.000        6.000        6.000        6.000        6.000
   525:        6.000        6.000        6.000        6.000        6.000
   530:        6.000        6.000        6.000        6.000        6.000
   535:        6.000        6.000        6.000        6.000        6.000
   540:        6.000        6.000        6.000        6.000        6.000
   545:        6.000        6.000        6.000        6.000        6.000
   550:        6.000        6.000        6.000        6.000        6.000
   555:        6.000        6.000        6.000        6.000        6.000
   560:        6.000        6.000        6.000        6.000        6.000
   565:        6.000        6.000        6.000        6.000        6.000
   570:        6.000        6.000        6.000        6.000        6.000
   575:        6.000        6.000        6.000        6.000        6.000
   580:        6.000        6.000        6.000        6.000        6.000
   585:        2.000        4.000       22.000       24.000       12.000
   590:       13.000        8.000        5.000       17.000        6.000
   595:       18.000       14.000       10.000       19.000       11.000
   600:        6.000       23.000       23.000       23.000        6.000
   605:        6.000        6.000        6.000        6.000        6.000
   610:        6.000        6.000        6.000        6.000        6.000
   615:        6.000        6.000        6.000        6.000        6.000
   620:        6.000        6.000        6.000        6.000        6.000
   625:        6.000        6.000        6.000        6.000        6.000
   630:        6.000        6.000        6.000        6.000        6.000
   635:        6.000        6.000        6.000        6.000        6.000
   640:        6.000        6.000        6.000        6.000        6.000
   645:        6.000        6.000        6.000        6.000        6.000
   650:        6.000        6.000        6.000        6.000        6.000
   655:        6.000        6.000        6.000        6.000        6.000
   660:        6.000        6.000        6.000        6.000        6.000
   665:        6.000        6.000        6.000        6.000        6.000
   670:        6.000       23.000       23.000       23.000       23.000
   675:       23.000       23.000        6.000       23.000       23.000
   680:       23.000       23.000        6.000        6.000       23.000
   685:        6.000        6.000        6.000        6.000        2.000
   690:        4.000       22.000       24.000       12.000       13.000
   695:        8.000        5.000       17.000        6.000       18.000
   700:        6.000        6.000       14.000       10.000       19.000
   705:       11.000        6.000        6.000        6.000        6.000
   710:        6.000        6.000        6.000        6.000        6.000
   715:        6.000        6.000        6.000        6.000        6.000
   720:        6.000        6.000        6.000        6.000        6.000
   725:        6.000        6.000        6.000        6.000        6.000
   730:        6.000        6.000        6.000        6.000        6.000
   735:        6.000        6.000        6.000        6.000        6.000
   740:        6.000        6.000        6.000        6.000        6.000
   745:        6.000        6.000        6.000        6.000        6.000
   750:        6.000        6.000        6.000        6.000        6.000
   755:        6.000        6.000        6.000        6.000        6.000
   760:        6.000        6.000        6.000        6.000        6.000
   765:        6.000        6.000        6.000        6.000        6.000
   770:        6.000        6.000        6.000        6.000        6.000
   775:        6.000        6.000        6.000        2.000        4.000
   780:       22.000       24.000       12.000       13.000        8.000
   785:        5.000       17.000       18.000       14.000       10.000
   790:       19.000       11.000        6.000        6.000        6.000
   795:        6.000        6.000        6.000        6.000        6.000
   800:        6.000        6.000        6.000        2.000        4.000
   805:       22.000       24.000       12.000       13.000        8.000
   810:        5.000       17.000       18.000       14.000       10.000
   815:       19.000       11.000        2.000        4.000       22.000
   820:       24.000       12.000       13.000        8.000        5.000
   825:       17.000        6.000       18.000       14.000       10.000
   830:        6.000        6.000       19.000       11.000        6.000
   835:        6.000        6.000        6.000        6.000        6.000
   840:        6.000        6.000        6.000        6.000        6.000
   845:        6.000        6.000        6.000        6.000        6.000
   850:        6.000        6.000        6.000        6.000        6.000
   855:        6.000        6.000        6.000        6.000        6.000
   860:        6.000        2.000        4.000       22.000       24.000
   865:       12.000       13.000        8.000        5.000       17.000
   870:        6.000       18.000       14.000       10.000       19.000
   875:       11.000       23.000        6.000        6.000        2.000
   880:        4.000       22.000       24.000       12.000       13.000
   885:        8.000        5.000       17.000       21.000       22.000
   890:       21.000       22.000       21.000       22.000       18.000
   895:       21.000       22.000       14.000       10.000       21.000
   900:       22.000       21.000       22.000       21.000       22.000
   905:       19.000       11.000        6.000        2.000        4.000
   910:       22.000       24.000       12.000       13.000        8.000
   915:        5.000       17.000        6.000       18.000       14.000
   920:       10.000       19.000       11.000        6.000        6.000
   925:        6.000        6.000        6.000        6.000        6.000
   930:        6.000        6.000        6.000        6.000        6.000
   935:        6.000        6.000        6.000        6.000        6.000
   940:        6.000        6.000        6.000        6.000        6.000
   945:        6.000        6.000        6.000        6.000        6.000
   950:        6.000        6.000        6.000        6.000        6.000
   955:        6.000        6.000        6.000        6.000        6.000
   960:        6.000        6.000        6.000        6.000        6.000
   965:        6.000        6.000        6.000        6.000        6.000
   970:        6.000        6.000        6.000        6.000        6.000
   975:        6.000        6.000        6.000        6.000        6.000
   980:        6.000        6.000        6.000        6.000        6.000
   985:        6.000        6.000        6.000        6.000        6.000
   990:        6.000        6.000        6.000        6.000        6.000
   995:        6.000        6.000        6.000        6.000        6.000
  1000:        6.000        6.000        6.000        6.000        6.000
  1005:        6.000        6.000        6.000        6.000        6.000
  1010:        6.000        6.000        6.000        6.000        6.000
  1015:        6.000        6.000        6.000        6.000        6.000
  1020:        6.000        6.000        6.000        6.000        6.000
  1025:        6.000        6.000        6.000        6.000        6.000
  1030:        6.000        6.000        6.000        6.000        6.000
  1035:        6.000        6.000        6.000        6.000        6.000
  1040:        6.000        6.000        6.000        6.000        6.000
  1045:        6.000        6.000        6.000        6.000        6.000
  1050:        6.000        6.000        6.000        6.000        6.000
  1055:        6.000        6.000        6.000        6.000        6.000
  1060:        6.000        6.000        6.000        6.000        6.000
  1065:        6.000        6.000        6.000        6.000        6.000
  1070:        6.000        6.000        6.000        6.000        6.000
  1075:        6.000        6.000        6.000        6.000        6.000
  1080:        6.000        6.000        6.000        6.000        6.000
  1085:        6.000        6.000        6.000        6.000        6.000
  1090:        6.000        6.000        6.000        6.000        6.000
  1095:       23.000       23.000       23.000       23.000        6.000
  1100:        6.000        6.000        6.000        6.000        6.000
  1105:        6.000        6.000        6.000        6.000        6.000
  1110:        6.000        6.000        6.000        6.000        6.000
  1115:        6.000        6.000        6.000        6.000        6.000
  1120:        6.000        6.000        6.000        6.000        6.000
  1125:        6.000        6.000        6.000        6.000        6.000
  1130:        6.000        6.000        6.000        6.000        6.000
  1135:        6.000        6.000        6.000        6.000        6.000
  1140:        6.000        6.000        6.000        6.000        6.000
  1145:        6.000        6.000        6.000        6.000        6.000
  1150:        6.000        6.000        6.000        6.000        6.000
  1155:        6.000        6.000        6.000        6.000        6.000
  1160:        6.000        6.000        6.000        6.000        6.000
  1165:        6.000        6.000        6.000        6.000        6.000
  1170:        6.000        6.000        6.000        6.000        6.000
  1175:        6.000        6.000        6.000        6.000        6.000
  1180:        6.000        6.000        6.000        6.000        6.000
  1185:        6.000        6.000        6.000        6.000        6.000
  1190:        6.000        6.000        6.000        6.000        6.000
  1195:        6.000        6.000        6.000        6.000        6.000
  1200:        6.000        6.000        6.000        6.000        6.000
  1205:        6.000        6.000        6.000        6.000        6.000
  1210:        6.000        6.000        6.000        6.000        6.000
  1215:        6.000        6.000        6.000        6.000        6.000
  1220:        6.000        6.000        6.000        6.000        6.000
  1225:        6.000        6.000        6.000        6.000        6.000
  1230:        6.000        6.000        6.000        6.000        6.000
  1235:        6.000        6.000        6.000        6.000        6.000
  1240:        6.000       23.000       23.000       23.000       23.000
  1245:       23.000        6.000        6.000        6.000        6.000
  1250:        6.000        6.000        6.000        6.000        6.000
  1255:        6.000        6.000        6.000        6.000        6.000
  1260:        6.000        6.000        6.000        6.000        6.000
  1265:        6.000        6.000        6.000        6.000        6.000
  1270:        6.000        6.000        6.000        6.000        6.000
  1275:        6.000        6.000        6.000        6.000        6.000
  1280:        6.000        6.000        6.000        6.000        6.000
  1285:        6.000        6.000        6.000        6.000        6.000
  1290:        6.000        6.000        6.000        6.000        6.000
  1295:        6.000        6.000        6.000        6.000        6.000
  1300:        6.000        6.000        6.000        6.000        6.000
  1305:        6.000        6.000        6.000        6.000        6.000
  1310:        6.000        6.000        6.000        6.000        6.000
  1315:        6.000        6.000        6.000        6.000        6.000
  1320:        6.000        6.000        6.000      100.000
T:
     0:        0.000        0.000        0.000        0.000        8.270
     5:       11.710       13.820       27.540       39.360       47.580
    10:       61.550       68.480       69.210       94.810      114.860
    15:      115.620      136.350      136.460      139.210      148.930
    20:      157.030      167.370      220.070      220.580      221.280
    25:      243.310      259.200      267.560      296.940      297.510
    30:      308.280      308.490      311.680      311.820      326.440
    35:      327.060      329.300      330.950      331.910      331.980
    40:      332.100      332.140      332.290      332.410      333.470
    45:      337.540      337.640      337.680      337.820      337.850
    50:      337.930      338.090      338.340      338.820      338.950
    55:      339.650      339.810      340.410      340.470      341.060
    60:      341.830      357.260      359.090      469.440      481.800
    65:      492.400      503.660      503.800      503.990      505.960
    70:      506.230      508.370      518.440      534.970      534.990
    75:      535.420      592.850      625.110      625.320      627.040
    80:      649.170      650.130      652.740      657.970      658.250
    85:      659.080      659.180      661.460      676.760      677.120
    90:      679.150      679.150      679.150      679.160      679.160
    95:      679.160      679.160      679.160      679.160      682.050
   100:      683.160      684.160      684.160      689.150      689.160
   105:      691.950      692.060      696.720      704.020      712.550
   110:      715.190      715.810      716.910      718.400      718.660
   115:      718.770      718.910      720.510      720.600      721.320
   120:      721.340      721.390      721.570      721.600      721.990
   125:      722.970      723.340      723.960      724.030      724.480
   130:      724.590      724.780      725.370      725.690      725.810
   135:      725.920      726.000      726.120      726.200      726.230
   140:      726.270      726.370      727.920      728.000      728.050
   145:      728.080      728.150      728.310      728.370      728.400
   150:      728.480      728.710      728.770      729.340      729.520
   155:      729.600      748.490      772.930      776.290      776.470
   160:      783.640      785.240      786.090      786.420      786.440
   165:      787.900      788.070      788.150      797.640      797.680
   170:      798.080      805.880      805.970      807.080      813.110
   175:      813.290      815.000      815.080      815.110      815.200
   180:      815.230      817.330      832.470      832.470      832.470
   185:      832.480      832.480      832.480      832.480      832.480
   190:      832.480      832.850      832.850      832.960      832.960
   195:      834.120      834.120      835.710      835.860      836.480
   200:      837.480      837.480      839.150      839.150      840.890
   205:      840.890      842.470      842.480      844.580      844.580
   210:      844.580      844.590      844.590      844.590      844.590
   215:      844.590      844.590      848.590      849.590      849.590
   220:      854.580      854.590      908.640      910.170      910.200
   225:      980.750      982.770      987.170      987.630      990.840
   230:      991.500      992.060      992.100      992.110      992.290
   235:      993.790      994.090      994.230      994.270      994.380
   240:      994.470      994.650      996.570      996.830      997.080
   245:      997.280      997.430      998.090      998.640      998.920
   250:      998.930     1001.340     1001.800     1001.880     1001.990
   255:     1010.710     1016.050     1189.810     1189.870     1190.060
   260:     1190.380     1191.600     1196.090     1196.690     1205.550
   265:     1218.280     1226.860     1288.700     1288.800     1288.820
   270:     1330.190     1330.450     1334.890     1336.120     1336.180
   275:     1414.870     1415.430     1416.730     1427.300     1431.810
   280:     1434.630     1439.030     1446.240     1446.720     1446.970
   285:     1448.190     1475.630     1477.280     1477.510     1580.820
   290:     1592.690     1594.190     1677.740     1734.890     1737.080
   295:     1737.290     1740.160     1740.840     1846.440     1873.180
   300:     1933.680     1933.920     2149.160     2149.940     2150.390
   305:     2194.780     2196.340     2196.480     2199.630     2202.360
   310:     2202.710     2209.160     2211.580     2211.930     2211.970
   315:     2212.030     2212.100     2213.440     2215.550     2215.880
   320:     2216.270     2217.120     2217.690     2219.140     2219.520
   325:     2221.530     2221.570     2222.150     2222.490     2222.870
   330:     2226.060     2226.590     2227.410     2227.810     2228.450
   335:     2228.510     2230.930     2231.760     2232.270     2248.820
   340:     2248.840     2274.170     2274.750     2282.050     2285.880
   345:     2286.110     2286.210     2303.380     2303.760     2307.640
   350:     2307.950     2310.060     2310.100     2311.180     2311.760
   355:     2359.630     2359.630     2359.630     2359.640     2359.640
   360:     2359.640     2359.640     2359.640     2359.640     2363.640
   365:     2364.640     2364.640     2369.400     2369.630     2369.640
   370:     2381.110     2400.040     2410.330     2420.380     2420.600
   375:     2426.520     2433.080     2433.700     2434.010     2439.460
   380:     2439.480     2439.550     2440.920     2441.000     2450.230
   385:     2450.270     2452.840     2453.440     2455.990     2459.830
   390:     2460.630     2460.810     2460.910     2486.290     2487.030
   395:     2499.190     2505.110     2505.350     2505.570     2505.990
   400:     2506.380     2506.510     2509.160     2509.900     2510.120
   405:     2523.470     2524.120     2537.740     2575.250     2575.280
   410:     2578.060     2578.370     2585.510     2586.160     2594.160
   415:     2594.340     2672.590     3018.190     3033.670     3034.230
   420:     3063.840     3063.880     3065.470     3066.080     3066.380
   425:     3067.160     3067.240     3130.300     3194.720     3195.940
   430:     3196.190     3196.660     3196.910     3197.820     3198.980
   435:     3200.560     3201.410     3205.990     3212.780     3213.960
   440:     3219.460     3220.950     3234.240     3242.430     3255.010
   445:     3321.680     3338.640     3502.940     3735.880     3737.160
   450:     3766.710     3768.260     3769.300     3782.650     3806.180
   455:     3806.460     3828.350     3828.490     3843.000     3844.020
   460:     3844.090     3844.120     3845.190     3845.450     3845.480
   465:     3845.760     3846.250     3846.490     3849.830     3850.050
   470:     3850.200     3853.760     3859.880     3870.940     3870.940
   475:     3870.940     3870.950     3870.950     3870.950     3870.950
   480:     3870.950     3870.950     3872.090     3872.090     3874.950
   485:     3875.950     3875.950     3880.940     3880.950     3896.550
   490:     3898.590     3898.730     3898.770     3901.670     3925.780
   495:     3926.040     3929.060     3941.300     3942.130     3942.280
   500:     3942.380     3943.260     3943.350     3943.420     3943.530
   505:     3943.650     3956.800     3959.430     3989.880     3999.530
   510:     4000.200     4000.300     4000.420     4000.990     4001.320
   515:     4002.180     4002.920     4005.200     4005.560     4005.670
   520:     4005.780     4005.860     4006.040     4006.550     4008.850
   525:     4008.940     4009.260     4009.340     4009.420     4009.470
   530:     4009.950     4010.670     4011.440     4011.840     4011.890
   535:     4012.090     4013.040     4016.470     4017.940     4019.340
   540:     4020.760     4021.390     4021.580     4021.650     4021.810
   545:     4022.240     4041.710     4043.350     4044.820     4046.850
   550:     4046.940     4047.050     4047.090     4047.750     4049.050
   555:     4049.150     4049.230     4049.360     4049.480     4049.710
   560:     4049.930     4050.210     4050.220     4050.320     4050.810
   565:     4050.860     4050.980     4051.010     4051.160     4052.090
   570:     4052.220     4052.390     4052.520     4058.750     4059.250
   575:     4059.680     4062.780     4064.540     4064.710     4064.810
   580:     4065.060     4071.570     4072.070     4072.220     4072.530
   585:     4076.070     4076.070     4076.070     4076.080     4076.080
   590:     4076.080     4076.080     4076.080     4076.080     4077.790
   595:     4080.080     4081.080     4081.080     4086.070     4086.080
   600:     4117.260     4156.650     4158.260     4158.880     4174.810
   605:     4175.090     4177.630     4200.470     4230.660     4234.360
   610:     4234.690     4235.170     4235.830     4244.110     4244.940
   615:     4245.110     4245.180     4248.210     4248.260     4248.320
   620:     4248.410     4250.760     4250.820     4251.090     4251.190
   625:     4251.200     4251.490     4253.830     4253.890     4254.300
   630:     4358.420     4358.750     4359.440     4360.860     4663.330
   635:     4676.870     4678.650     4707.920     4708.150     4708.250
   640:     4709.580     4745.110     4745.130     4817.880     4819.510
   645:     4824.330     4825.020     4838.790     4858.730     4863.850
   650:     4864.760     4867.540     4881.380     4881.770     4883.480
   655:     4883.940     4884.150     4884.280     4884.720     4889.760
   660:     4890.060     4890.310     4905.410     4906.210     4907.730
   665:     4965.420     5157.510     5158.220     5158.820     5159.210
   670:     5182.060     5231.320     5234.020     5237.870     5239.210
   675:     5240.430     5242.350     5263.020     5266.300     5268.430
   680:     5269.130     5269.830     5290.150     5312.710     5327.210
   685:     5333.670     5337.910     5337.970     5337.990     5343.020
   690:     5343.020     5343.020     5343.030     5343.030     5343.030
   695:     5343.030     5343.030     5343.030     5346.120     5347.030
   700:     5347.270     5347.580     5348.030     5348.030     5353.020
   705:     5353.030     5372.630     5372.830     5372.860     5382.100
   710:     5384.700     5406.800     5418.700     5421.590     5421.850
   715:     5421.950     5422.290     5425.580     5425.690     5425.930
   720:     5437.990     5438.870     5439.350     5439.430     5440.560
   725:     5441.080     5441.290     5445.300     5446.110     5452.520
   730:     5452.530     5452.600     5456.630     5471.990     5472.280
   735:     5478.200     5478.280     5480.720     5497.520     5497.550
   740:     5497.600     5497.650     5497.680     5503.880     5510.350
   745:     5518.200     5518.640     5521.330     5525.880     5527.410
   750:     5529.240     5529.260     5533.930     5557.710     5560.890
   755:     5566.440     5566.810     5598.400     5616.560     5624.750
   760:     5624.960     5625.660     5633.570     5654.440     5660.130
   765:     5660.810     5666.860     5669.620     5669.680     5700.380
   770:     5700.420     5700.550     5705.260     5710.070     5993.430
   775:     5993.520     6002.600     6017.400     6025.980     6025.980
   780:     6025.980     6025.990     6025.990     6025.990     6025.990
   785:     6025.990     6025.990     6029.990     6030.990     6030.990
   790:     6035.980     6035.990     6052.480     6053.490     6143.660
   795:     6154.390     6165.910     6200.130     6373.900     6373.930
   800:     6376.180     6380.920     6393.770     6400.350     6400.350
   805:     6400.350     6400.360     6400.360     6400.360     6400.360
   810:     6400.360     6400.360     6404.360     6405.360     6405.360
   815:     6410.350     6410.360     6462.460     6462.460     6462.460
   820:     6462.470     6462.470     6462.470     6462.470     6462.470
   825:     6462.470     6463.310     6466.470     6467.470     6467.470
   830:     6469.700     6471.730     6472.460     6472.470     6474.260
   835:     6474.460     6476.460     6476.570     6476.770     6476.820
   840:     6476.860     6477.360     6477.760     6478.210     6478.770
   845:     6480.000     6480.050     6480.100     6480.130     6480.150
   850:     6480.200     6480.260     6973.640     7120.730     7120.970
   855:     7122.120     7122.440     7124.040     7164.330     7182.750
   860:     7184.240     7188.330     7188.330     7188.330     7188.340
   865:     7188.340     7188.340     7188.340     7188.340     7188.340
   870:     7189.430     7192.340     7193.340     7193.340     7198.330
   875:     7198.340     7202.290     7206.890     7233.450     7238.720
   880:     7238.720     7238.720     7238.730     7238.730     7238.730
   885:     7238.730     7238.730     7238.730     7239.410     7239.410
   890:     7239.770     7239.770     7242.600     7242.600     7242.730
   895:     7243.470     7243.470     7243.730     7243.730     7245.220
   900:     7245.220     7247.160     7247.160     7248.170     7248.170
   905:     7248.720     7248.730     7250.310     7348.040     7348.040
   910:     7348.040     7348.050     7348.050     7348.050     7348.050
   915:     7348.050     7348.050     7349.450     7352.050     7353.050
   920:     7353.050     7358.040     7358.050     7424.450     7424.830
   925:     7424.920     7424.930     7425.900     7430.780     7435.860
   930:     7436.250     7436.520     7439.910     7440.550     7440.650
   935:     7440.750     7441.630     7441.770     7441.820     7442.870
   940:     7442.960     7445.630     7446.150     7446.320     7447.260
   945:     7447.290     7447.600     7448.630     7448.720     7449.330
   950:     7449.560     7451.110     7451.240     7451.290     7451.350
   955:     7452.140     7452.360     7452.910     7455.180     7455.190
   960:     7455.330     7455.540     7457.180     7457.860     7458.300
   965:     7458.560     7458.740     7459.670     7459.780     7459.800
   970:     7459.910     7460.680     7461.540     7461.590     7461.700
   975:     7461.810     7464.760     7467.200     7467.350     7467.800
   980:     7467.820     7470.690     7473.150     7473.190     7532.490
   985:     7550.710     7562.990     7571.540     7571.980     7579.750
   990:     7579.840     7580.690     7581.490     7583.700     7583.810
   995:     7584.280     7584.760     7584.830     7584.910     7585.020
  1000:     7586.320     7600.230     7600.450     7600.650     7600.830
  1005:     7601.520     7603.700     7603.830     7608.300     7610.280
  1010:     7610.360     7615.060     7623.310     7630.700     7649.720
  1015:     7651.730     7675.860     7676.330     7689.080     7689.140
  1020:     7695.020     7697.860     7700.350     7701.170     7701.230
  1025:     7701.380     7701.520     7717.600     7730.860     7730.890
  1030:     7730.930     7732.280     7732.750     7733.730     7733.940
  1035:     7734.730     7734.760     7743.880     7744.380     7744.440
  1040:     7879.900     7880.940     7909.190     7940.530     7948.130
  1045:     7962.170     7962.770     7964.290     7964.340     7964.500
  1050:     8016.890     8018.390     8041.900     8197.160     8197.470
  1055:     8198.480     8198.730     8199.620     8400.560     8401.270
  1060:     8411.160     8412.770     8412.810     8413.160     8429.100
  1065:     8550.270     8551.230     8551.240     8552.140     8552.370
  1070:     8552.680     8553.060     8554.880     8563.360     8564.400
  1075:     8564.620     8565.690     8572.530     8572.860     8573.580
  1080:     8578.710     8594.890     8611.320     8612.210     8614.540
  1085:     8614.650     8614.690     8615.840     8616.670     8617.240
  1090:     8618.000     8618.750     8626.970     8628.500     8630.250
  1095:     8639.340     8640.080     8641.560     8641.860     8645.410
  1100:     8648.990     8649.220     8649.750     8649.910     8656.370
  1105:     8657.010     8659.310     8660.070     8660.550     8661.100
  1110:     8661.530     8662.500     8663.620     8664.200     8665.630
  1115:     8666.380     8667.260     8718.310     8720.330     8720.560
  1120:     8721.210     8723.190     8723.470     8723.720     8724.800
  1125:     8724.890     8724.990     8725.190     8738.330     8739.380
  1130:     8743.120     8743.200     8745.020     8745.080     8745.180
  1135:     8745.390     8745.400     8745.440     8750.160     8750.340
  1140:     8750.390     8750.440     8750.490     8750.610     8750.700
  1145:     8753.330     8755.800     8756.400     8756.670     8756.790
  1150:     8756.880     8759.150     8760.550     8760.640     8763.360
  1155:     8763.950     8764.080     8764.200     8764.280     8764.980
  1160:     8765.240     8766.100     8768.050     8773.890     8776.920
  1165:     8777.090     8779.100     8779.350     8779.630     8781.630
  1170:     8782.210     8782.770     8784.760     8785.540     8786.370
  1175:     8787.480     8788.840     8791.110     8791.630     8792.630
  1180:     8792.740     8792.970     8793.020     8793.120     8808.500
  1185:     8808.840     8808.880     8822.420     8822.830     8823.860
  1190:     8835.930     8836.200     8846.630     8850.620     8850.680
  1195:     8852.080     8853.050     8873.350     8873.640     8874.370
  1200:     8877.510     8906.560     8910.700     8943.870     8946.500
  1205:     8965.850     8966.580     8975.340     8975.550     8981.840
  1210:     8982.440     8982.750     9018.980     9019.270     9030.280
  1215:     9030.530     9030.550     9050.780     9060.150     9060.220
  1220:     9061.970     9107.880     9108.170     9267.770     9268.050
  1225:     9277.500     9388.880     9389.660     9390.200     9390.300
  1230:     9391.260     9616.440     9814.340     9814.590     9869.540
  1235:     9869.860     9870.560     9881.960     9882.330     9930.810
  1240:    10149.510    10198.550    10200.370    10201.050    10202.580
  1245:    10204.680    10241.170    10243.650    10298.850    10306.960
  1250:    10315.190    10321.680    10327.320    10327.590    10340.090
  1255:    10343.570    10344.000    10348.120    10353.810    10358.900
  1260:    10373.570    10373.790    10392.760    10400.080    10401.850
  1265:    10410.670    10411.720    10413.430    10413.440    10414.110
  1270:    10427.020    10428.840    10439.930    10439.950    10442.130
  1275:    10451.940    10465.390    10472.120    10472.700    10475.000
  1280:    10495.420    10500.040    10505.540    10505.820    10531.180
  1285:    10532.040    10536.500    10562.990    10563.620    10563.640
  1290:    10564.050    10572.770    10588.160    10588.880    10591.270
  1295:    10596.550    10597.850    10609.800    10610.100    10610.280
  1300:    10610.780    10629.570    10642.280    10642.330    10644.380
  1305:    10659.490    10659.640    10665.980    10691.050    10692.530
  1310:    10721.160    10742.350    10742.470    10750.860    10788.490
  1315:    10789.170    10789.740    10789.800    10789.840    10790.490
  1320:    10790.880    10795.160    10795.680    10800.010
