File: C:\MED-PC IV\DATA\!2025-05-16_12h12m.Subject T10



Start Date: 05/16/25
End Date: 05/16/25
Subject: T10
Experiment: OralFentSA
Group: One
Box: 4
Start Time: 12:12:28
End Time: 15:12:33
MSN: Golden_Liq_SelfAdmin
F:       0.000
G:     946.000
H:   10800.010
I:       0.000
J:       0.000
K:       0.000
L:       0.000
M:       0.000
N:       0.000
O:       0.000
P:       0.000
Q:       0.000
R:       0.000
S:       0.000
U:       0.000
V:       0.000
W:       0.000
X:       0.000
Y:       0.000
Z:       0.000
A:
     0:        0.000        0.000      180.000        4.000        0.000
     5:        5.000        0.000        5.000        0.000        0.000
    10:        1.000        0.000       10.000     2400.000       26.000
    15:        4.000      640.000        0.000        0.000        0.000
    20:        0.000
B:
     0:        0.000        0.000        0.000      400.000        0.000
     5:      500.000        0.000      500.000        0.000        0.000
    10:        0.000        0.000     1000.000   240000.000        0.000
    15:        0.000        0.000        0.000        0.000        0.000
    20:        0.000
C:
     0:       18.000       17.000        0.000        4.000      722.000
     5:     9757.910      120.630       13.000      255.250       19.635
    10:        4.000        0.000       15.000        0.000        0.000
    15:        0.000        0.000        0.000        0.000        0.000
    20:        0.000
D:
     0:       14.840       13.070       65.820        4.980        3.390
     5:        4.710       11.540        0.450        2.410        0.360
    10:        9.840        3.210      120.630
E:
     0:       19.000       11.000       26.000       27.000        6.000
     5:        6.000        6.000        6.000        6.000        6.000
    10:        6.000        6.000        6.000        6.000        6.000
    15:        6.000        6.000        6.000        6.000        6.000
    20:        6.000        6.000        6.000        6.000        6.000
    25:        6.000        6.000        6.000        6.000        6.000
    30:        6.000        6.000        6.000        6.000        6.000
    35:        2.000        4.000       22.000       24.000       12.000
    40:       13.000        8.000        5.000       17.000       18.000
    45:       14.000       10.000       19.000       11.000        6.000
    50:        6.000        6.000        6.000        6.000        6.000
    55:        6.000        6.000        6.000        6.000        6.000
    60:        6.000        6.000        6.000        6.000        6.000
    65:        6.000        6.000        6.000        6.000        6.000
    70:        6.000        6.000        6.000        6.000        6.000
    75:        6.000        6.000        6.000        6.000        6.000
    80:        6.000        6.000        6.000        6.000        6.000
    85:        6.000        6.000        6.000        6.000        6.000
    90:        6.000        6.000        6.000        6.000        6.000
    95:        6.000        6.000        6.000        6.000        6.000
   100:        6.000        6.000        6.000        6.000        6.000
   105:        6.000        6.000        6.000        6.000        6.000
   110:        6.000        6.000        6.000        6.000        6.000
   115:        6.000        6.000        6.000        6.000        6.000
   120:        6.000        6.000        6.000        6.000        6.000
   125:        6.000        6.000        6.000        6.000        6.000
   130:        6.000        6.000        6.000        6.000        6.000
   135:        6.000        6.000        6.000        6.000        6.000
   140:        6.000        6.000        6.000        6.000        6.000
   145:        6.000        6.000        6.000        6.000        6.000
   150:        6.000        6.000        6.000        6.000        6.000
   155:        6.000        6.000        6.000        6.000        6.000
   160:        6.000        6.000        6.000        6.000        6.000
   165:        6.000        6.000        6.000        6.000        6.000
   170:        6.000        6.000        2.000        4.000       22.000
   175:       24.000       12.000       13.000        8.000        5.000
   180:       17.000       18.000       14.000       10.000       19.000
   185:       11.000        2.000        4.000       22.000       24.000
   190:       12.000       13.000        8.000        5.000       17.000
   195:       18.000       14.000       10.000       19.000       11.000
   200:        6.000        6.000        6.000        6.000        6.000
   205:        6.000        6.000        6.000        6.000        6.000
   210:        6.000        6.000        6.000        6.000        6.000
   215:        6.000        6.000        6.000        6.000        6.000
   220:        6.000        6.000        6.000        6.000        6.000
   225:        6.000        6.000        6.000        6.000        6.000
   230:        6.000        6.000        6.000        6.000        6.000
   235:        6.000        6.000        6.000        6.000        6.000
   240:        6.000        6.000        6.000        6.000        6.000
   245:        6.000        6.000        6.000        6.000        6.000
   250:        6.000        6.000        6.000        6.000        6.000
   255:        6.000        6.000        6.000        6.000        6.000
   260:        6.000        6.000        6.000        6.000        6.000
   265:        6.000        6.000        6.000        6.000        6.000
   270:        6.000        6.000        6.000        6.000        6.000
   275:        6.000        6.000        6.000        6.000        6.000
   280:        6.000        6.000        6.000        6.000        6.000
   285:        6.000        6.000        6.000        6.000        6.000
   290:        6.000        6.000        6.000        6.000        6.000
   295:        6.000        6.000        6.000        6.000        6.000
   300:        6.000        6.000        6.000        6.000        6.000
   305:        6.000        6.000        6.000        6.000        6.000
   310:        6.000        6.000        6.000        6.000        6.000
   315:        6.000        6.000        6.000        6.000        6.000
   320:        6.000        6.000        6.000        6.000        6.000
   325:        6.000        6.000        6.000        6.000        6.000
   330:        6.000        6.000        6.000        6.000        6.000
   335:        6.000        6.000        6.000        6.000        6.000
   340:        6.000        6.000        6.000        6.000        6.000
   345:        6.000        6.000        6.000        6.000        6.000
   350:        6.000        6.000        6.000        6.000        6.000
   355:        6.000        6.000        6.000        6.000        6.000
   360:        6.000        6.000        6.000        6.000        6.000
   365:        6.000        6.000        6.000        6.000        6.000
   370:        6.000        6.000        6.000        6.000        6.000
   375:        6.000        6.000        6.000        6.000        6.000
   380:        6.000        6.000        6.000        6.000        6.000
   385:        6.000        6.000        6.000        6.000        6.000
   390:        6.000        6.000        6.000        6.000        6.000
   395:        6.000       25.000       24.000       12.000       13.000
   400:        8.000        5.000       17.000       18.000       14.000
   405:       10.000       19.000       11.000        6.000        6.000
   410:        6.000        6.000        6.000        6.000        6.000
   415:        6.000        6.000        6.000        6.000        6.000
   420:        6.000        6.000        6.000        6.000        6.000
   425:        6.000        6.000        6.000        6.000        6.000
   430:        6.000        6.000        6.000        6.000        6.000
   435:        6.000        6.000        6.000        6.000        6.000
   440:        6.000        6.000        6.000        6.000        6.000
   445:        6.000        6.000        6.000        6.000        6.000
   450:        6.000        6.000        6.000        6.000        6.000
   455:        6.000        6.000        6.000        6.000        6.000
   460:        6.000        6.000        6.000        6.000        6.000
   465:        6.000        6.000        6.000        6.000        6.000
   470:        6.000        6.000        6.000        6.000        6.000
   475:        6.000        6.000        6.000        6.000        6.000
   480:        6.000        6.000        6.000        6.000        6.000
   485:        6.000        6.000        6.000        6.000        6.000
   490:        6.000        6.000        6.000        6.000        6.000
   495:        6.000        6.000        6.000        6.000        6.000
   500:        6.000        6.000        6.000        6.000        6.000
   505:        6.000        6.000        6.000        6.000        6.000
   510:        6.000        6.000        6.000        6.000        6.000
   515:        6.000        6.000        6.000        6.000        6.000
   520:        6.000        6.000        6.000        6.000        6.000
   525:        6.000        6.000        6.000        6.000        6.000
   530:        6.000        6.000        6.000        6.000        6.000
   535:        6.000        6.000        6.000        6.000        6.000
   540:        6.000        6.000        6.000        6.000        6.000
   545:        6.000        6.000        6.000        6.000        6.000
   550:        6.000        6.000        6.000        6.000       30.000
   555:       24.000       12.000       13.000        8.000        5.000
   560:       17.000       18.000        6.000       14.000       10.000
   565:        6.000       19.000       11.000       30.000       24.000
   570:       12.000       13.000        8.000        5.000       17.000
   575:       18.000       14.000       10.000       30.000       12.000
   580:       13.000        8.000        5.000       17.000       19.000
   585:       11.000        6.000       18.000       14.000       10.000
   590:        6.000        6.000        6.000        6.000        6.000
   595:        6.000        6.000       30.000       24.000       12.000
   600:       13.000        8.000        5.000       17.000       18.000
   605:        6.000       14.000       10.000        6.000       19.000
   610:       11.000        6.000        6.000       30.000       24.000
   615:       12.000       13.000        8.000        5.000       17.000
   620:       30.000       12.000       18.000       14.000       10.000
   625:       19.000       11.000        6.000        6.000        6.000
   630:        6.000        6.000        6.000        6.000        6.000
   635:        6.000        6.000        6.000        6.000       30.000
   640:       24.000       12.000       13.000        8.000        5.000
   645:       17.000       18.000       14.000       10.000       30.000
   650:       12.000       13.000        8.000        5.000       17.000
   655:        6.000       18.000       19.000       11.000       14.000
   660:       10.000        6.000       30.000       24.000       12.000
   665:       13.000        8.000        5.000       17.000        6.000
   670:        6.000       18.000       14.000       10.000       19.000
   675:       11.000       30.000       24.000       12.000       13.000
   680:        8.000        5.000       17.000       18.000       14.000
   685:       10.000       19.000       11.000       30.000       24.000
   690:       12.000       13.000        8.000        5.000       17.000
   695:       18.000       14.000       10.000       19.000       11.000
   700:       30.000       24.000       12.000       13.000        8.000
   705:        5.000       17.000        6.000       18.000       14.000
   710:       10.000       19.000       11.000        6.000        6.000
   715:        6.000        6.000        6.000        6.000        6.000
   720:        6.000        6.000        6.000        6.000        6.000
   725:        6.000        6.000        6.000       25.000       24.000
   730:       12.000       13.000        8.000        5.000       17.000
   735:       18.000       14.000       10.000        6.000       19.000
   740:       11.000        6.000        6.000        6.000        6.000
   745:        6.000        6.000        6.000        6.000        6.000
   750:        6.000        6.000        6.000        6.000        6.000
   755:        6.000        6.000        6.000        6.000        6.000
   760:        6.000        6.000        6.000        6.000        6.000
   765:        6.000        6.000        6.000        6.000        6.000
   770:        6.000        6.000        6.000        6.000        6.000
   775:        6.000        6.000        6.000        6.000        6.000
   780:        6.000        6.000        6.000        6.000        6.000
   785:        6.000        6.000        6.000        6.000        2.000
   790:        4.000       22.000       24.000       12.000       13.000
   795:        8.000        5.000       17.000        6.000       18.000
   800:       14.000       10.000        6.000       19.000       11.000
   805:        6.000        6.000        6.000        6.000        6.000
   810:        6.000        6.000        6.000        6.000        6.000
   815:        6.000        6.000        6.000        6.000        6.000
   820:        6.000        6.000        6.000        6.000        6.000
   825:        6.000        6.000        6.000        6.000        6.000
   830:        6.000        6.000        6.000        6.000        6.000
   835:        6.000        6.000        6.000        6.000        6.000
   840:        6.000        6.000        6.000        6.000        6.000
   845:        6.000        6.000        6.000        6.000        6.000
   850:        6.000        6.000        6.000        6.000        6.000
   855:        6.000        6.000        6.000        6.000        6.000
   860:        6.000        6.000        6.000        6.000        6.000
   865:        6.000        6.000        6.000        6.000        6.000
   870:        6.000        6.000        6.000        6.000        6.000
   875:        6.000        6.000        6.000        6.000        6.000
   880:        6.000        6.000        6.000        6.000        6.000
   885:        6.000        6.000        6.000        6.000        6.000
   890:        6.000        6.000        6.000        6.000        6.000
   895:        6.000        6.000        6.000        6.000        6.000
   900:        6.000        6.000        6.000        6.000        6.000
   905:        6.000        6.000        6.000        6.000       25.000
   910:       24.000       12.000       13.000        8.000        5.000
   915:       17.000       18.000       14.000       10.000       19.000
   920:       11.000        6.000        6.000        6.000        6.000
   925:        6.000        6.000        6.000        6.000        6.000
   930:        6.000        6.000        6.000        6.000        6.000
   935:        6.000        6.000        6.000        6.000        6.000
   940:        6.000        6.000        6.000        6.000        6.000
   945:        6.000      100.000
T:
     0:        0.000        0.000        0.000        0.000       30.750
     5:       31.450       32.490       38.190       61.370      118.500
    10:      214.110      215.620      219.420      219.600      219.610
    15:      219.690      221.240      223.430      223.540      223.640
    20:      223.700      224.250      224.790      224.890      229.320
    25:      229.760      229.770      247.680      249.210      249.310
    30:      249.360      249.390      249.840      249.870      266.390
    35:      300.690      300.690      300.690      300.700      300.700
    40:      300.700      300.700      300.700      300.700      304.700
    45:      305.700      305.700      310.690      310.700      315.540
    50:      316.260      337.890      340.880      341.200      348.630
    55:      357.670      358.210      363.870      364.130      365.500
    60:      366.520      389.450      391.300      400.080      494.180
    65:      502.150      502.540      502.580      502.650      507.660
    70:      508.130      509.070      509.100      509.610      510.110
    75:      510.530      510.600      510.610      510.630      511.190
    80:      512.180      513.110      513.220      513.640      513.690
    85:      514.600      514.630      514.870      514.940      515.590
    90:      515.630      517.920      519.250      519.340      519.470
    95:      521.970      521.980      523.810      524.700      524.780
   100:      524.860      524.890      524.920      525.030      525.190
   105:      525.830      546.720      564.760      566.240      566.970
   110:      568.320      569.460      570.570      570.790      570.940
   115:      571.110      571.280      572.150      572.840      573.650
   120:      574.050      574.630      575.020      576.310      576.640
   125:      576.850      577.020      577.570      578.510      578.840
   130:      579.390      584.830      585.230      587.680      588.190
   135:      588.380      588.420      589.820      590.320      590.390
   140:      591.060      591.120      591.180      591.280      591.300
   145:      591.730      591.770      592.340      592.400      592.450
   150:      594.480      595.010      595.060      595.120      595.210
   155:      595.330      597.660      611.560      613.210      613.270
   160:      619.000      646.790      647.980      648.960      664.210
   165:      664.640      664.730      665.500      666.740      666.780
   170:      667.740      669.710      838.700      838.700      838.700
   175:      838.710      838.710      838.710      838.710      838.710
   180:      838.710      842.710      843.710      843.710      848.700
   185:      848.710      854.910      854.910      854.910      854.920
   190:      854.920      854.920      854.920      854.920      854.920
   195:      858.920      859.920      859.920      864.910      864.920
   200:      867.990      871.760      872.050      890.650      898.190
   205:      898.490      898.650      899.830      900.810      902.180
   210:      917.000      938.330      942.920      943.100      943.290
   215:      943.820      944.820      944.900      944.970      945.170
   220:      945.660      945.720      945.810      945.840      947.170
   225:     1022.760     1023.020     1060.970     1062.290     1062.370
   230:     1188.960     1211.060     1211.960     1211.980     1212.180
   235:     1225.720     1309.340     1448.860     1452.010     1465.580
   240:     1601.130     1621.950     1622.350     1642.770     1642.840
   245:     1643.100     1647.540     1674.630     1724.170     1735.510
   250:     1736.560     1743.830     1743.850     1745.770     1746.910
   255:     1747.060     1748.270     1749.600     1749.630     1770.600
   260:     1783.950     1799.970     1833.370     1833.390     1833.670
   265:     1834.740     1844.660     1852.240     1853.860     1855.910
   270:     1863.810     1864.540     1865.260     1883.390     1883.760
   275:     1892.600     1902.150     1911.270     1919.330     1924.640
   280:     1938.030     1967.320     1973.270     1997.420     1997.980
   285:     2016.190     2024.690     2026.660     2029.100     2046.610
   290:     2139.740     2172.490     2196.320     2198.120     2202.000
   295:     2202.120     2207.060     2207.320     2207.360     2208.440
   300:     2209.590     2211.360     2211.820     2212.700     2213.170
   305:     2213.770     2216.280     2225.850     2226.410     2226.480
   310:     2226.740     2226.930     2227.230     2227.920     2228.150
   315:     2228.590     2228.980     2229.110     2229.170     2229.560
   320:     2229.610     2230.730     2230.850     2231.480     2231.870
   325:     2232.800     2233.680     2238.010     2253.020     2257.570
   330:     2257.640     2258.090     2258.230     2258.660     2258.730
   335:     2258.820     2258.910     2259.390     2260.210     2260.270
   340:     2260.760     2272.220     2272.580     2272.780     2272.810
   345:     2300.510     2309.320     2314.220     2315.320     2318.520
   350:     2324.590     2384.670     2414.300     2414.370     2417.000
   355:     2417.210     2419.620     2419.860     2429.260     2433.460
   360:     2435.450     2439.920     2450.380     2455.020     2455.410
   365:     2485.670     2629.330     2630.230     2699.040     2729.920
   370:     2902.700     2914.800     2923.830     2939.910     3024.990
   375:     3026.100     3026.680     3040.660     3041.860     3042.130
   380:     3062.790     3068.590     3076.680     3076.820     3079.630
   385:     3102.210     3109.440     3118.480     3122.660     3144.560
   390:     3145.910     3146.470     3147.360     3147.590     3152.880
   395:     3153.670     3264.910     3264.920     3264.920     3264.920
   400:     3264.920     3264.920     3264.920     3268.920     3269.920
   405:     3269.920     3274.910     3274.920     3330.740     3338.340
   410:     3339.980     3340.200     3341.070     3343.020     3343.200
   415:     3343.300     3344.130     3345.110     3345.170     3345.580
   420:     3345.800     3346.330     3351.610     3352.510     3354.670
   425:     3356.270     3359.460     3359.660     3360.360     3360.530
   430:     3361.060     3361.730     3362.010     3362.420     3362.810
   435:     3363.140     3363.910     3364.660     3365.070     3365.160
   440:     3367.200     3370.140     3370.530     3370.740     3370.760
   445:     3374.770     3381.240     3381.830     3384.010     3384.030
   450:     3384.070     3384.280     3384.290     3385.940     3386.770
   455:     3389.330     3395.150     3395.440     3401.750     3402.590
   460:     3426.520     3428.080     3432.440     3436.580     3437.410
   465:     3725.760     3726.190     3726.270     3728.200     3728.310
   470:     3728.400     3728.470     3729.460     3729.680     3732.920
   475:     3733.050     3733.220     3733.910     3734.060     3734.360
   480:     3734.490     3735.030     3735.840     3735.890     3735.940
   485:     3736.170     4026.510     4030.380     4031.550     4044.110
   490:     4044.650     4045.670     4045.710     4045.850     4046.240
   495:     4046.300     4180.360     4181.940     4183.360     4185.670
   500:     4185.900     4190.750     4192.730     4192.960     4193.260
   505:     4193.470     4194.020     4194.180     4232.070     4234.430
   510:     4234.920     4295.120     4317.540     4318.290     4318.430
   515:     4319.060     4319.540     4319.630     4319.820     4320.230
   520:     4320.550     4326.630     4357.160     4378.230     4379.340
   525:     4379.530     4380.640     4380.910     4432.350     4457.090
   530:     4457.340     4466.310     4466.460     4466.700     4467.140
   535:     4468.270     4470.640     4470.700     4470.790     4470.990
   540:     4476.130     4476.480     4479.650     4484.910     4486.100
   545:     4492.430     4565.560     4565.880     4565.970     4597.750
   550:     4602.340     4602.660     4603.090     4607.900     4624.980
   555:     4624.980     4624.980     4624.980     4624.980     4624.980
   560:     4624.980     4628.980     4629.960     4629.980     4629.980
   565:     4633.340     4634.970     4634.980     4643.950     4643.950
   570:     4643.950     4643.950     4643.950     4643.950     4643.950
   575:     4647.950     4648.950     4648.950     4652.970     4652.970
   580:     4652.970     4652.970     4652.970     4652.970     4653.940
   585:     4653.950     4656.360     4656.970     4657.970     4657.970
   590:     4664.910     4671.770     4681.780     4716.170     4716.980
   595:     4717.020     4717.290     4719.730     4719.730     4719.730
   600:     4719.730     4719.730     4719.730     4719.730     4723.730
   605:     4724.440     4724.730     4724.730     4728.990     4729.720
   610:     4729.730     4741.060     4742.770     4850.940     4850.940
   615:     4850.940     4850.940     4850.940     4850.940     4850.940
   620:     4851.450     4851.450     4854.940     4855.940     4855.940
   625:     4860.930     4860.940     4862.990     4863.010     4919.920
   630:     5051.000     5088.200     5100.910     5111.040     5146.430
   635:     5167.100     5177.020     5192.250     5192.520     5215.230
   640:     5215.230     5215.230     5215.230     5215.230     5215.230
   645:     5215.230     5219.230     5220.230     5220.230     5220.770
   650:     5220.770     5220.770     5220.770     5220.770     5220.770
   655:     5221.220     5224.770     5225.220     5225.230     5225.770
   660:     5225.770     5230.050     5237.470     5237.470     5237.470
   665:     5237.470     5237.470     5237.470     5237.470     5239.880
   670:     5240.950     5241.470     5242.470     5242.470     5247.460
   675:     5247.470     5291.060     5291.060     5291.060     5291.060
   680:     5291.060     5291.060     5291.060     5295.060     5296.060
   685:     5296.060     5301.050     5301.060     5367.920     5367.920
   690:     5367.920     5367.920     5367.920     5367.920     5367.920
   695:     5371.920     5372.920     5372.920     5377.910     5377.920
   700:     5382.510     5382.510     5382.510     5382.510     5382.510
   705:     5382.510     5382.510     5382.870     5386.510     5387.510
   710:     5387.510     5392.500     5392.510     5404.710     5405.440
   715:     5419.170     5434.460     5445.790     5470.760     5476.190
   720:     5586.110     5586.330     5590.740     5602.100     5602.130
   725:     5636.850     5642.330     5661.400     5674.910     5674.920
   730:     5674.920     5674.920     5674.920     5674.920     5674.920
   735:     5678.920     5679.920     5679.920     5684.760     5684.910
   740:     5684.920     5701.550     5710.650     5727.610     5756.460
   745:     5878.070     5931.010     5941.220     5941.770     5970.740
   750:     5983.590     6053.910     6144.320     6268.300     6378.790
   755:     6404.550     6446.760     6537.890     6602.470     6652.950
   760:     6722.340     6758.240     6845.870     6845.880     6856.160
   765:     6937.980     6938.420     6966.450     6991.410     7006.960
   770:     7136.980     7144.250     7177.540     7177.880     7199.180
   775:     7199.690     7200.110     7236.670     7244.910     7264.690
   780:     7265.650     7267.730     7267.820     7291.840     7312.270
   785:     7313.550     7314.270     7323.110     7333.120     7347.900
   790:     7347.900     7347.900     7347.910     7347.910     7347.910
   795:     7347.910     7347.910     7347.910     7351.120     7351.910
   800:     7352.910     7352.910     7356.130     7357.900     7357.910
   805:     7361.980     7362.730     7371.150     7382.720     7440.280
   810:     7527.420     7529.520     7529.710     7561.860     7573.420
   815:     7582.170     7590.080     7590.690     7592.790     7592.810
   820:     7608.290     7636.320     7639.760     7640.490     7652.600
   825:     7688.960     7695.780     7698.700     7698.770     7699.400
   830:     7699.990     7700.980     7701.380     7702.030     7702.980
   835:     7703.470     7704.220     7713.490     7716.660     7721.660
   840:     7730.160     7731.190     7734.650     7741.560     7748.400
   845:     7760.210     7766.350     7767.010     7789.000     7795.370
   850:     7809.980     7814.000     7814.690     7817.700     7862.080
   855:     7911.120     7914.700     7935.460     7968.850     7982.670
   860:     8011.780     8019.770     8062.680     8100.380     8219.130
   865:     8277.630     8302.690     8479.000     8508.760     8547.190
   870:     8559.920     8723.560     8749.050     8749.190     8762.330
   875:     8827.370     8940.980     8959.650     8976.450     8991.220
   880:     8997.390     9009.580     9153.940     9154.060     9161.660
   885:     9182.970     9183.090     9186.690     9207.040     9214.800
   890:     9219.250     9231.980     9238.810     9248.920     9286.150
   895:     9297.510     9351.650     9392.270     9416.230     9470.230
   900:     9495.920     9497.400     9504.710     9524.220     9524.310
   905:     9543.260     9553.860     9604.020     9753.370     9757.900
   910:     9757.910     9757.910     9757.910     9757.910     9757.910
   915:     9757.910     9761.910     9762.910     9762.910     9767.900
   920:     9767.910     9878.540     9937.780     9952.390     9964.650
   925:     9966.370     9966.430     9970.460     9978.400    10003.010
   930:    10003.640    10020.040    10086.780    10264.270    10276.080
   935:    10277.760    10292.510    10351.590    10371.370    10376.830
   940:    10377.210    10394.260    10643.990    10644.320    10661.820
   945:    10661.890    10800.010
