File: C:\MED-PC IV\DATA\!2025-09-16_13h37m.Subject T23



Start Date: 09/16/25
End Date: 09/16/25
Subject: T23
Experiment: OralFentSA
Group: One
Box: 5
Start Time: 13:37:13
End Time: 16:37:20
MSN: Golden_Liq_SelfAdmin_EXT_LIT
F:       0.000
G:     729.000
H:   10800.010
I:       0.000
J:       0.000
K:       0.000
L:       0.000
M:       0.000
N:       0.000
O:       0.000
P:       0.000
Q:       0.000
R:       0.000
S:       0.000
U:       0.000
V:       0.000
W:       0.000
X:       0.000
Y:       0.000
Z:       0.000
A:
     0:        0.000        0.000      180.000        4.000        0.000
     5:        5.000        0.000        5.000        0.000        0.000
    10:        1.000        0.000       10.000 30000000.000       20.000
    15:       20.000      640.000        0.000        0.000        0.000
    20:        0.000
B:
     0:        0.000        0.000        0.000        0.000        0.000
     5:        0.000        0.000        0.000        0.000        0.000
    10:        0.000        0.000     1000.000 3000000000.0        0.000
    15:        0.000        0.000        0.000        0.000        0.000
    20:        0.000
C:
     0:        0.000        2.000        0.000        1.000      694.000
     5:     1370.860       33.810        1.000       33.810       33.810
    10:        1.000       26.000        0.000        0.000        0.000
    15:        0.000        0.000        0.000        0.000        0.000
    20:        0.000
D:
     0:       33.810
E:
     0:       19.000       11.000       26.000       27.000       23.000
     5:        6.000        6.000        6.000        6.000        6.000
    10:        6.000        6.000        6.000        6.000        6.000
    15:        6.000        6.000        6.000        6.000        6.000
    20:       23.000        6.000        6.000        6.000        6.000
    25:        6.000        6.000        6.000        6.000        6.000
    30:       23.000        6.000        6.000        6.000        6.000
    35:        6.000        6.000        6.000        6.000        6.000
    40:        6.000        6.000        6.000        6.000        6.000
    45:        6.000        6.000        6.000        6.000        6.000
    50:        6.000        6.000        6.000       23.000        6.000
    55:        6.000        6.000        6.000        6.000        6.000
    60:       23.000        6.000        6.000        6.000        6.000
    65:        6.000        6.000        6.000        6.000        6.000
    70:        6.000        6.000        6.000        6.000        6.000
    75:        6.000        6.000        6.000        6.000        6.000
    80:        6.000        6.000        6.000        6.000        6.000
    85:        6.000        6.000        6.000        6.000        6.000
    90:        6.000       23.000       23.000       23.000       23.000
    95:       23.000       23.000        6.000        6.000        6.000
   100:        6.000        6.000        6.000        6.000        6.000
   105:        6.000        6.000        6.000        6.000        6.000
   110:        6.000        6.000        6.000        6.000        6.000
   115:        6.000        6.000        6.000        6.000        6.000
   120:        6.000        6.000        6.000        6.000        6.000
   125:        6.000        6.000        6.000        6.000        6.000
   130:        6.000        6.000        6.000        6.000        6.000
   135:        6.000        6.000        6.000        6.000        6.000
   140:        6.000        6.000        6.000        6.000        6.000
   145:        6.000        6.000        6.000        6.000        6.000
   150:        6.000        6.000        6.000        6.000        6.000
   155:        6.000        6.000        6.000        6.000        6.000
   160:        6.000        6.000        6.000        6.000        6.000
   165:        6.000        6.000        6.000        6.000        6.000
   170:        6.000        6.000        6.000        6.000        6.000
   175:        6.000        6.000        6.000        6.000        6.000
   180:        6.000        6.000        6.000        6.000        6.000
   185:        6.000        6.000        6.000        6.000        6.000
   190:        6.000        6.000        6.000        6.000        6.000
   195:        6.000        6.000        6.000        6.000        6.000
   200:        6.000        6.000        6.000        6.000        6.000
   205:        6.000        6.000        6.000        6.000        6.000
   210:        6.000        6.000        6.000        6.000        6.000
   215:        6.000        6.000        6.000        6.000        6.000
   220:        6.000        6.000        6.000        6.000        6.000
   225:        6.000        6.000        6.000        6.000        6.000
   230:        6.000        6.000        6.000        6.000        6.000
   235:        6.000        6.000        6.000        6.000        6.000
   240:        6.000        6.000        6.000        6.000        6.000
   245:        6.000        6.000        6.000        6.000        6.000
   250:        6.000        6.000        6.000        6.000        6.000
   255:        6.000        6.000        6.000        6.000        6.000
   260:        6.000        6.000        6.000        6.000        6.000
   265:        6.000        6.000        6.000        6.000        6.000
   270:        6.000        6.000        6.000        6.000        6.000
   275:        6.000        6.000        6.000        6.000        6.000
   280:        6.000        6.000        6.000        6.000        6.000
   285:        6.000        6.000        6.000        6.000        6.000
   290:        6.000        6.000        6.000        6.000        6.000
   295:        6.000        6.000       23.000       23.000       23.000
   300:       23.000        6.000        6.000        6.000        6.000
   305:        6.000        6.000        6.000        6.000        6.000
   310:        6.000        6.000        6.000        6.000        6.000
   315:        6.000        6.000        6.000        6.000        6.000
   320:        6.000        6.000        6.000        6.000        6.000
   325:        6.000        6.000        6.000        6.000        6.000
   330:        6.000        6.000        6.000        6.000        6.000
   335:        6.000        6.000        6.000        6.000        6.000
   340:        6.000        6.000        6.000        6.000        6.000
   345:        6.000        6.000        6.000        6.000        6.000
   350:        6.000        6.000        6.000        6.000        6.000
   355:        6.000        6.000        6.000        6.000        6.000
   360:        6.000        6.000        6.000        6.000        6.000
   365:        6.000        6.000        6.000        6.000        6.000
   370:        6.000        6.000        2.000        4.000       22.000
   375:       24.000       19.000        6.000        6.000        6.000
   380:        6.000        6.000        6.000        6.000        6.000
   385:        6.000        6.000        6.000        6.000        6.000
   390:        6.000        6.000        6.000        6.000        6.000
   395:        6.000        6.000        6.000        6.000        6.000
   400:        6.000        6.000        6.000        6.000        6.000
   405:        6.000        6.000        6.000        6.000        6.000
   410:        6.000        6.000        6.000        6.000        6.000
   415:        6.000        6.000        6.000        6.000        6.000
   420:        6.000        6.000        6.000        6.000        6.000
   425:        6.000        6.000        6.000        6.000        6.000
   430:        6.000       23.000       23.000       23.000       23.000
   435:        6.000        6.000        6.000        6.000        6.000
   440:        6.000        6.000        6.000        6.000        6.000
   445:        6.000        6.000        6.000        6.000        6.000
   450:        6.000        6.000        6.000        6.000        6.000
   455:        6.000        6.000        6.000        6.000        6.000
   460:        6.000        6.000        6.000        6.000        6.000
   465:        6.000        6.000        6.000        6.000        6.000
   470:        6.000        6.000        6.000        6.000        6.000
   475:        6.000        6.000        6.000        6.000        6.000
   480:        6.000        6.000        6.000        6.000        6.000
   485:        6.000        6.000        6.000        6.000        6.000
   490:        6.000        6.000        6.000        6.000        6.000
   495:        6.000        6.000        6.000        6.000        6.000
   500:        6.000        6.000        6.000        6.000        6.000
   505:        6.000        6.000        6.000        6.000        6.000
   510:        6.000        6.000        6.000        6.000        6.000
   515:        6.000        6.000        6.000        6.000        6.000
   520:        6.000        6.000        6.000        6.000        6.000
   525:        6.000        6.000        6.000        6.000        6.000
   530:        6.000        6.000        6.000        6.000        6.000
   535:        6.000        6.000        6.000        6.000        6.000
   540:        6.000        6.000        6.000        6.000        6.000
   545:        6.000        6.000        6.000        6.000        6.000
   550:        6.000        6.000        6.000        6.000        6.000
   555:        6.000        6.000        6.000        6.000        6.000
   560:        6.000        6.000        6.000        6.000        6.000
   565:        6.000        6.000        6.000        6.000        6.000
   570:        6.000        6.000        6.000        6.000        6.000
   575:        6.000        6.000        6.000        6.000        6.000
   580:        6.000        6.000        6.000        6.000        6.000
   585:        6.000        6.000        6.000        6.000        6.000
   590:        6.000       23.000        6.000        6.000        6.000
   595:        6.000       23.000        6.000        6.000        6.000
   600:        6.000       23.000        6.000        6.000        6.000
   605:        6.000        6.000        6.000        6.000        6.000
   610:        6.000        6.000        6.000        6.000        6.000
   615:       23.000        6.000        6.000        6.000        6.000
   620:        6.000        6.000        6.000        6.000        6.000
   625:       23.000       23.000        6.000        6.000        6.000
   630:        6.000        6.000        6.000        6.000        6.000
   635:        6.000        6.000        6.000        6.000        6.000
   640:        6.000        6.000        6.000        6.000        6.000
   645:        6.000        6.000        6.000        6.000        6.000
   650:        6.000        6.000        6.000        6.000        6.000
   655:        6.000        6.000        6.000        6.000        6.000
   660:        6.000        6.000        6.000        6.000        6.000
   665:        6.000        6.000        6.000        6.000        6.000
   670:        6.000        6.000        6.000        6.000        6.000
   675:        6.000        6.000        6.000        6.000        6.000
   680:        6.000        6.000        6.000        6.000        6.000
   685:        6.000        6.000        6.000        6.000        6.000
   690:        6.000        6.000        6.000        6.000        6.000
   695:       23.000        6.000        6.000        6.000        6.000
   700:        6.000        6.000        6.000        6.000        6.000
   705:        6.000        6.000        6.000        6.000        6.000
   710:        6.000        6.000        6.000        6.000        6.000
   715:        6.000        6.000        6.000        6.000        6.000
   720:        6.000        6.000        6.000        6.000        6.000
   725:        6.000        6.000        6.000        6.000      100.000
T:
     0:        0.000        0.000        0.000        0.000        6.280
     5:       13.470       23.780       47.860       47.940       79.140
    10:       86.290      141.910      141.970      142.980      150.870
    15:      190.770      192.380      200.000      200.080      201.670
    20:      223.580      257.820      257.880      258.080      258.560
    25:      258.690      266.710      291.660      293.490      322.430
    30:      346.480      358.350      359.450      359.890      361.050
    35:      362.550      362.590      362.660      362.890      362.930
    40:      462.820      462.950      463.090      464.740      464.810
    45:      465.020      465.080      466.220      470.480      473.160
    50:      507.770      521.340      521.710      551.790      558.820
    55:      559.650      561.120      561.140      561.210      574.440
    60:      607.680      618.500      625.550      626.320      627.620
    65:      629.370      630.880      631.060      631.640      636.440
    70:      636.760      657.040      657.410      657.450      657.600
    75:      658.370      659.690      659.820      660.720      660.900
    80:      663.320      707.870      712.830      766.010      766.090
    85:      766.150      766.290      766.410      766.900      768.430
    90:      768.510      815.240      815.360      816.220      818.910
    95:      819.640      822.150      841.370      843.980      855.470
   100:      855.780      881.090      882.610      915.380      915.510
   105:      915.560      915.680      915.780      916.040      916.120
   110:      916.250      916.800      916.860      957.100      957.370
   115:      971.440      978.980      979.350      992.070      992.180
   120:      992.950     1007.370     1007.470     1009.370     1010.300
   125:     1011.150     1011.300     1011.450     1011.790     1015.580
   130:     1016.280     1016.540     1016.930     1017.060     1018.760
   135:     1018.900     1023.440     1023.910     1024.140     1026.040
   140:     1029.940     1030.010     1030.210     1033.520     1034.190
   145:     1034.290     1034.310     1034.360     1034.390     1034.600
   150:     1035.120     1035.170     1035.240     1035.320     1035.990
   155:     1036.120     1037.540     1038.060     1038.330     1038.800
   160:     1039.310     1039.800     1039.920     1043.590     1044.560
   165:     1045.440     1045.570     1047.840     1048.350     1048.440
   170:     1048.460     1048.930     1048.980     1049.250     1051.920
   175:     1052.760     1055.370     1055.780     1056.070     1056.330
   180:     1056.420     1056.590     1056.910     1057.270     1057.550
   185:     1059.230     1060.640     1060.790     1060.850     1061.000
   190:     1062.930     1063.970     1066.040     1068.210     1068.900
   195:     1089.650     1093.040     1094.720     1095.180     1110.690
   200:     1110.780     1110.880     1110.890     1110.940     1110.970
   205:     1111.370     1111.440     1112.370     1112.530     1112.700
   210:     1112.760     1113.000     1113.060     1113.360     1114.150
   215:     1114.510     1114.540     1114.630     1114.750     1115.400
   220:     1115.650     1118.340     1119.050     1119.150     1119.590
   225:     1119.850     1124.120     1125.180     1125.820     1126.200
   230:     1126.220     1127.350     1127.440     1127.800     1127.890
   235:     1127.940     1127.960     1128.010     1128.410     1129.990
   240:     1130.020     1130.040     1130.430     1131.260     1131.810
   245:     1132.270     1132.360     1132.760     1132.900     1132.910
   250:     1133.070     1133.280     1133.360     1133.420     1133.430
   255:     1134.670     1135.090     1135.790     1136.090     1137.080
   260:     1138.770     1138.950     1140.410     1140.500     1141.700
   265:     1141.800     1141.930     1142.010     1142.660     1143.650
   270:     1145.550     1145.630     1145.710     1146.000     1146.040
   275:     1146.100     1146.730     1147.340     1147.570     1147.830
   280:     1148.500     1148.970     1149.060     1149.180     1166.180
   285:     1167.680     1170.540     1171.190     1171.350     1171.410
   290:     1171.540     1171.880     1172.130     1172.320     1172.870
   295:     1193.060     1193.440     1203.790     1205.660     1207.500
   300:     1208.070     1216.300     1217.480     1217.570     1217.990
   305:     1245.870     1245.970     1246.170     1246.230     1246.370
   310:     1248.200     1248.480     1248.720     1248.880     1248.980
   315:     1249.520     1249.690     1249.730     1251.540     1252.020
   320:     1257.070     1257.380     1262.850     1263.260     1263.410
   325:     1264.040     1264.280     1264.320     1264.390     1264.470
   330:     1269.780     1269.870     1270.000     1295.170     1295.270
   335:     1295.400     1301.400     1315.610     1315.720     1315.910
   340:     1316.100     1316.260     1316.300     1316.430     1316.510
   345:     1316.630     1317.830     1317.910     1343.270     1343.800
   350:     1345.520     1345.590     1346.960     1347.690     1348.000
   355:     1348.450     1348.640     1348.660     1349.100     1349.660
   360:     1349.840     1350.090     1350.550     1351.900     1352.150
   365:     1352.560     1352.920     1357.040     1357.500     1362.740
   370:     1362.900     1363.660     1370.850     1370.850     1370.850
   375:     1370.860     1380.850     1404.670     1404.790     1405.310
   380:     1412.240     1412.320     1412.580     1412.700     1412.800
   385:     1416.930     1499.020     1500.180     1529.430     1529.770
   390:     1533.010     1535.010     1535.340     1535.450     1535.610
   395:     1560.480     1560.910     1561.940     1562.790     1563.880
   400:     1564.550     1582.450     1582.540     1582.730     1582.770
   405:     1582.830     1586.320     1587.450     1587.540     1600.620
   410:     1601.610     1605.500     1605.950     1606.020     1606.070
   415:     1607.260     2129.790     2129.820     2129.910     2131.190
   420:     2133.410     2135.300     2135.420     2145.920     2151.770
   425:     2153.740     2163.430     2164.050     2178.600     2179.240
   430:     2179.920     2203.670     2241.620     2242.150     2243.910
   435:     2269.580     2269.800     2275.070     2278.100     2289.890
   440:     2290.220     2292.220     2309.130     2309.350     2309.390
   445:     2309.590     2351.830     2364.070     2380.740     2383.950
   450:     2387.000     2387.080     2387.190     2388.920     2389.160
   455:     2396.110     2396.190     2396.550     2396.890     2398.460
   460:     2398.480     2399.630     2399.740     2399.790     2399.800
   465:     2400.860     2401.010     2401.130     2402.130     2402.170
   470:     2402.440     2404.620     2404.830     2405.490     2405.850
   475:     2406.890     2409.310     2427.200     2427.290     2427.430
   480:     2428.820     2429.850     2429.980     2430.080     2431.540
   485:     2432.570     2432.700     2433.240     2434.440     2435.910
   490:     2442.640     2445.180     2445.240     2445.550     2447.100
   495:     2448.000     2448.380     2455.830     2455.940     2455.950
   500:     2458.920     2461.470     2461.880     2462.040     2462.080
   505:     2462.140     2463.060     2463.110     2463.140     2467.460
   510:     2468.340     2491.130     2491.480     2564.370     2565.200
   515:     2565.670     2569.120     2569.780     2572.610     2572.880
   520:     2573.280     2573.500     2573.520     2573.660     2574.850
   525:     2584.450     2585.500     2586.730     2586.820     2587.230
   530:     2588.170     2588.310     2589.670     2592.000     2600.520
   535:     2601.640     2601.720     2601.750     2605.920     2606.390
   540:     2622.190     2623.300     2623.460     2624.180     2627.060
   545:     2627.800     2628.500     2628.720     2629.290     2629.390
   550:     2629.650     2629.660     2629.730     2629.760     2629.790
   555:     2630.890     2631.040     2631.080     2631.450     2632.030
   560:     2632.160     2633.370     2634.200     2634.530     2636.900
   565:     2637.080     2637.150     2637.200     2643.150     2643.350
   570:     2643.590     2645.190     2645.360     2645.690     2658.100
   575:     2658.470     2663.720     2664.240     2664.610     2664.820
   580:     2665.500     2666.100     2666.790     2669.350     2677.830
   585:     2901.360     2906.260     4569.020     4596.660     4656.760
   590:     4659.020     4670.370     4687.330     4687.520     4687.580
   595:     4687.690     4725.090     4881.550     4881.600     4881.760
   600:     4883.510     5032.490     5315.590     5315.870     5316.480
   605:     5316.970     5320.770     5321.540     5326.160     5326.240
   610:     5327.170     5327.290     6535.990     6611.000     6619.920
   615:     6643.510     6758.020     6758.170     6758.230     6816.800
   620:     6816.980     6819.770     6820.220     6873.720     6874.130
   625:     6908.790     6911.940     6929.480     6929.800     6929.850
   630:     6929.900     6929.950     6930.370     6930.440     6930.470
   635:     6930.490     6930.560     6930.580     6930.710     6930.800
   640:     6930.830     6930.870     6930.910     6931.360     6939.960
   645:     6950.570     6951.530     6957.830     6958.090     6958.340
   650:     6958.540     6959.240     6959.280     6959.590     6961.340
   655:     6961.380     6961.450     6961.660     6961.840     7033.730
   660:     7082.140     7082.150     7082.250     7082.640     7082.790
   665:     7082.810     7082.880     7083.370     7083.530     7083.760
   670:     7083.890     7085.760     7085.790     7086.200     7099.250
   675:     7099.420     7102.290     7102.390     7103.060     7103.550
   680:     7105.790     7126.500     7126.540     7126.590     7148.060
   685:     7148.110     7148.160     7151.710     7170.160     7170.320
   690:     7170.370     7170.600     7170.690     7175.500     7175.520
   695:     7222.340     7241.440     7241.640     7241.840     7241.950
   700:     7243.100     7243.140     7243.330     7244.610     7244.690
   705:     7244.870     7323.970     7324.030     7324.150     7327.480
   710:     7328.040     7328.520     7358.870     7359.040     7359.080
   715:     7359.260     7359.990     7360.780     7368.770     7368.970
   720:     9543.950     9558.080     9558.140     9613.900     9614.220
   725:     9618.120     9777.010     9777.660     9938.030    10800.010
