File: C:\MED-PC IV\DATA\!2025-05-23_08h59m.Subject T2



Start Date: 05/23/25
End Date: 05/23/25
Subject: T2
Experiment: OralFentSA
Group: One
Box: 2
Start Time:  8:59:12
End Time: 12:04:53
MSN: Golden_Liq_SelfAdmin
F:       0.000
G:     526.000
H:   10800.010
I:       0.000
J:       0.000
K:       0.000
L:       0.000
M:       0.000
N:       0.000
O:       0.000
P:       0.000
Q:       0.000
R:       0.000
S:       0.000
U:       0.000
V:       0.000
W:       0.000
X:       0.000
Y:       0.000
Z:       0.000
A:
     0:        0.000        0.000      180.000        4.000        0.000
     5:        5.000        0.000        5.000        0.000        0.000
    10:        1.000        0.000       10.000 240000000.00       28.000
    15:        9.000      640.000        0.000        0.000        0.000
    20:        0.000
B:
     0:        0.000        0.000        0.000        0.000        0.000
     5:        0.000        0.000        0.000        0.000        0.000
    10:        0.000        0.000        0.000 24000000000.        0.000
    15:        0.000        0.000        0.000        0.000        0.000
    20:        0.000
C:
     0:        0.000        1.000        0.000        0.000      504.000
     5:        0.000        0.000        0.000        0.000        0.000
    10:        0.000       18.000        0.000        0.000        0.000
    15:        0.000        0.000        0.000        0.000        0.000
    20:        0.000
D:
E:
     0:       19.000       11.000       26.000       27.000        6.000
     5:        6.000        6.000        6.000        6.000        6.000
    10:        6.000        6.000        6.000        6.000        6.000
    15:       23.000        6.000        6.000        6.000        6.000
    20:        6.000        6.000        6.000        6.000        6.000
    25:        6.000        6.000        6.000        6.000        6.000
    30:        6.000        6.000        6.000        6.000        6.000
    35:        6.000        6.000       23.000        6.000        6.000
    40:        6.000        6.000        6.000        6.000        6.000
    45:        6.000        6.000        6.000        6.000        6.000
    50:        6.000        6.000        6.000        6.000        6.000
    55:        6.000        6.000        6.000       23.000        6.000
    60:        6.000        6.000        6.000        6.000        6.000
    65:        6.000        6.000        6.000        6.000        6.000
    70:        6.000        6.000        6.000        6.000        6.000
    75:        6.000        6.000        6.000        6.000        6.000
    80:        6.000        6.000        6.000        6.000        6.000
    85:        6.000        6.000        6.000        6.000        6.000
    90:        6.000        6.000        6.000        6.000        6.000
    95:        6.000        6.000        6.000        6.000        6.000
   100:        6.000        6.000        6.000        6.000        6.000
   105:        6.000        6.000        6.000        6.000        6.000
   110:        6.000        6.000        6.000        6.000        6.000
   115:        6.000        6.000        6.000        6.000        6.000
   120:        6.000        6.000        6.000        6.000        6.000
   125:        6.000        6.000        6.000        6.000        6.000
   130:        6.000        6.000        6.000        6.000        6.000
   135:        6.000        6.000        6.000        6.000        6.000
   140:        6.000        6.000        6.000        6.000        6.000
   145:        6.000        6.000        6.000        6.000        6.000
   150:        6.000        6.000        6.000        6.000        6.000
   155:        6.000        6.000        6.000        6.000        6.000
   160:        6.000        6.000        6.000        6.000        6.000
   165:        6.000        6.000        6.000        6.000        6.000
   170:        6.000        6.000        6.000        6.000        6.000
   175:        6.000        6.000        6.000        6.000        6.000
   180:        6.000        6.000        6.000        6.000        6.000
   185:        6.000        6.000        6.000        6.000        6.000
   190:        6.000        6.000        6.000        6.000        6.000
   195:        6.000        6.000        6.000        6.000        6.000
   200:        6.000        6.000        6.000        6.000        6.000
   205:        6.000        6.000        6.000        6.000        6.000
   210:        6.000        6.000        6.000        6.000       23.000
   215:        6.000        6.000        6.000        6.000        6.000
   220:        6.000        6.000        6.000        6.000        6.000
   225:        6.000        6.000        6.000        6.000       23.000
   230:        6.000        6.000        6.000        6.000        6.000
   235:        6.000        6.000        6.000        6.000        6.000
   240:        6.000        6.000        6.000        6.000        6.000
   245:        6.000        6.000        6.000        6.000        6.000
   250:        6.000        6.000        6.000        6.000        6.000
   255:        6.000        6.000        6.000        6.000        6.000
   260:        6.000        6.000        6.000        6.000        6.000
   265:        6.000        6.000        6.000        6.000        6.000
   270:        6.000        6.000        6.000        6.000        6.000
   275:        6.000        6.000        6.000        6.000        6.000
   280:        6.000        6.000        6.000        6.000        6.000
   285:        6.000        6.000        6.000        6.000        6.000
   290:        6.000        6.000        6.000        6.000        6.000
   295:        6.000        6.000        6.000        6.000        6.000
   300:        6.000        6.000        6.000        6.000        6.000
   305:        6.000       23.000        6.000        6.000        6.000
   310:       23.000       23.000       23.000        6.000        6.000
   315:        6.000        6.000        6.000        6.000        6.000
   320:        6.000        6.000        6.000        6.000        6.000
   325:        6.000        6.000        6.000       23.000        6.000
   330:        6.000        6.000       23.000       23.000        6.000
   335:        6.000        6.000        6.000        6.000        6.000
   340:        6.000        6.000        6.000        6.000        6.000
   345:        6.000        6.000        6.000        6.000       23.000
   350:        6.000        6.000        6.000        6.000        6.000
   355:        6.000        6.000        6.000        6.000        6.000
   360:        6.000        6.000        6.000        6.000        6.000
   365:        6.000        6.000        6.000        6.000        6.000
   370:        6.000        6.000        6.000        6.000        6.000
   375:        6.000        6.000        6.000        6.000        6.000
   380:        6.000        6.000        6.000        6.000        6.000
   385:        6.000        6.000        6.000        6.000        6.000
   390:        6.000        6.000        6.000        6.000        6.000
   395:        6.000        6.000        6.000        6.000        6.000
   400:        6.000       23.000        6.000        6.000        6.000
   405:        6.000        6.000        6.000        6.000        6.000
   410:       23.000        6.000        6.000        6.000        6.000
   415:        6.000        6.000        6.000        6.000        6.000
   420:        6.000        6.000        6.000        6.000        6.000
   425:        6.000        6.000        6.000        6.000        6.000
   430:        6.000        6.000        6.000        6.000        6.000
   435:        6.000        6.000        6.000        6.000        6.000
   440:        6.000        6.000        6.000        6.000        6.000
   445:        6.000        6.000        6.000        6.000        6.000
   450:        6.000        6.000        6.000        6.000        6.000
   455:        6.000        6.000        6.000        6.000        6.000
   460:        6.000        6.000        6.000        6.000        6.000
   465:        6.000        6.000        6.000        6.000        6.000
   470:        6.000        6.000        6.000        6.000        6.000
   475:        6.000        6.000        6.000        6.000        6.000
   480:        6.000        6.000        6.000        6.000        6.000
   485:        6.000        6.000       23.000       23.000        6.000
   490:        6.000        6.000        6.000        6.000        6.000
   495:        6.000        6.000        6.000        6.000        6.000
   500:        6.000        6.000        6.000        6.000        6.000
   505:        6.000        6.000        6.000        6.000        6.000
   510:        6.000        6.000        6.000        6.000        6.000
   515:        6.000        6.000        6.000        6.000       23.000
   520:        6.000        6.000        6.000        6.000        6.000
   525:        6.000      100.000
T:
     0:        0.000        0.000        0.000        0.000       39.830
     5:       42.730       42.860      123.760      124.010      125.010
    10:      125.100      125.140      126.360      201.050      201.290
    15:      213.370      226.410      405.530      406.560      417.730
    20:      418.690      454.240      585.720      585.820      619.480
    25:      619.730      620.600      621.660      622.320      672.570
    30:      698.250      698.420      699.030      699.130      704.710
    35:      704.970      707.760      788.700      902.340      908.690
    40:      916.050      927.110      929.460      930.470      952.170
    45:      958.240      960.130      965.180      965.780      965.890
    50:      966.730      967.430      967.560     1007.570     1046.750
    55:     1047.050     1066.120     1066.200     1100.910     1214.730
    60:     1270.440     1270.980     1271.090     1271.510     1287.490
    65:     1293.240     1295.290     1347.420     1348.610     1348.930
    70:     1422.870     1423.030     1447.900     1460.320     1461.420
    75:     1489.930     1490.800     1491.070     1536.300     1538.390
    80:     1602.050     1607.730     1607.810     1610.440     1617.240
    85:     1617.310     1618.210     1618.240     1618.900     1619.900
    90:     1628.620     1628.740     1633.380     1670.480     1673.790
    95:     1674.390     1683.930     1685.070     1687.750     1690.670
   100:     1768.430     1837.820     1837.890     1838.030     1838.810
   105:     1863.570     1864.390     1864.480     1864.640     1895.020
   110:     1899.610     1900.080     1900.150     1900.650     1900.780
   115:     1901.500     1901.650     1901.810     1918.170     1919.490
   120:     1951.950     1955.350     1961.890     1962.040     1962.690
   125:     1966.460     1981.680     1983.970     2003.170     2065.920
   130:     2125.380     2180.020     2182.180     2182.370     2182.770
   135:     2182.870     2182.960     2183.060     2183.160     2183.560
   140:     2188.490     2342.210     2343.580     2344.540     2362.250
   145:     2365.330     2367.380     2466.920     2493.890     2500.100
   150:     2505.690     2508.980     2509.060     2512.770     2513.940
   155:     2514.070     2514.150     2515.310     2516.310     2538.930
   160:     2542.380     2542.730     2548.170     2548.550     2550.030
   165:     2551.500     2562.230     2562.590     2564.550     2564.930
   170:     2567.640     2569.120     2586.590     2586.760     2589.210
   175:     2589.330     2593.220     2595.410     2596.600     2596.770
   180:     2596.830     2597.000     2597.110     2597.660     2597.710
   185:     2597.740     2598.150     2601.610     2604.560     2605.100
   190:     2605.200     2605.250     2609.210     2620.520     2626.130
   195:     2626.260     2626.430     2626.600     2627.200     2627.360
   200:     2627.530     2635.890     2637.790     2638.010     2640.690
   205:     2640.770     2642.380     2642.820     2644.170     2646.270
   210:     2646.840     2651.450     2652.440     2655.080     2680.870
   215:     2688.660     2742.260     2749.530     2756.740     2757.600
   220:     2762.950     2785.490     2786.210     2786.620     2786.670
   225:     2791.140     2791.250     2791.400     2830.880     2932.730
   230:     2957.650     2957.770     2958.280     3163.200     3163.590
   235:     3176.890     3246.220     3246.850     3247.050     3248.490
   240:     3316.200     3355.360     3369.120     3403.490     3406.160
   245:     3406.990     3408.170     3408.340     3413.770     3419.800
   250:     3420.810     3444.120     3455.490     3456.170     3461.230
   255:     3462.270     3462.390     3462.520     3463.020     3465.910
   260:     3466.050     3468.150     3497.290     3500.720     3501.190
   265:     3501.490     3501.590     3508.480     3512.810     3513.010
   270:     3513.050     3513.950     3514.680     3515.800     3516.900
   275:     3520.400     3529.220     3529.510     3534.890     3535.050
   280:     3535.110     3540.490     3544.310     3544.410     3544.560
   285:     3544.780     3544.930     3545.230     3545.260     3545.360
   290:     3545.490     3545.550     3545.710     3548.960     3549.580
   295:     3551.020     3551.180     3551.250     3559.020     3765.070
   300:     3765.410     3791.180     3856.590     3861.220     3865.420
   305:     3866.420     3875.110     3880.570     3881.240     3881.380
   310:     3938.970     3958.320     3958.960     3995.530     4012.780
   315:     4046.780     4083.370     4083.580     4141.440     4156.820
   320:     4175.950     4204.630     4242.700     4243.300     4290.030
   325:     4290.700     4290.860     4290.970     4313.250     4345.490
   330:     4345.740     4387.550     4403.130     4403.950     4409.610
   335:     4410.210     4410.360     4410.490     4418.630     4421.150
   340:     4442.580     4442.860     4444.960     4447.990     4450.380
   345:     4451.960     4488.820     4500.250     4500.520     4532.270
   350:     4544.100     4552.410     4626.590     4627.390     4628.510
   355:     4628.680     4628.770     4629.830     4630.030     4630.130
   360:     4630.340     4631.390     4631.610     4632.050     4633.110
   365:     4636.830     4638.020     4638.210     4678.980     4746.460
   370:     4753.840     4779.770     4784.530     4784.590     4818.710
   375:     4819.080     4819.700     4838.400     4841.530     4841.620
   380:     4843.580     4859.580     5023.700     5024.730     5374.950
   385:     5377.610     5382.010     5878.640     5878.880     5879.270
   390:     5881.660     5887.670     5889.720     5889.960     5890.100
   395:     5893.320     6489.890     6525.310     6533.590     6560.560
   400:     6560.590     6571.250     6621.630     6660.570     6702.670
   405:     6702.730     6729.690     6771.210     6838.280     6992.560
   410:     7024.380     7032.810     7145.890     7378.600     7494.870
   415:     7494.990     7549.710     7549.920     7552.370     7552.480
   420:     7558.810     7561.180     7561.350     7591.850     7593.330
   425:     7593.610     7593.750     7594.490     7595.660     7600.060
   430:     7600.210     7600.350     7601.380     7601.430     7601.780
   435:     7627.890     7628.320     7630.240     7638.330     7640.920
   440:     7736.630     7736.760     7737.190     7748.800     7771.130
   445:     7773.570     8511.160     8558.130     8558.400     8560.620
   450:     8560.730     8560.830     8561.150     8561.610     8561.690
   455:     8564.570     8584.300     8588.590     8598.200     8623.600
   460:     8626.480     8632.530     8669.660     8670.790     8670.850
   465:     8671.590     8672.070     8672.580     8672.730     8676.270
   470:     8681.370     8686.080     8693.440     8695.380     8695.610
   475:     8695.740     8708.980     8710.380     8712.040     8712.650
   480:     8811.780     8833.610     8839.990     8844.390     8845.670
   485:     8857.950     8905.350     9025.420     9026.180     9036.750
   490:     9100.710     9811.610     9812.040     9829.810     9861.230
   495:     9861.500     9910.170     9915.990     9922.170     9926.860
   500:     9927.770     9939.620     9984.570     9985.190     9991.170
   505:     9995.690    10020.910    10021.330    10037.670    10041.390
   510:    10058.080    10058.130    10110.850    10111.930    10112.040
   515:    10112.170    10112.430    10112.550    10116.290    10257.090
   520:    10268.760    10328.500    10376.150    10547.860    10553.990
   525:    10596.310    10800.010
