File: C:\MED-PC IV\DATA\!2025-09-11_13h16m.Subject T24



Start Date: 09/11/25
End Date: 09/11/25
Subject: T24
Experiment: OralFentSA
Group: One
Box: 7
Start Time: 13:16:14
End Time: 16:16:21
MSN: Golden_Liq_SelfAdmin_EXT_LIT
F:       0.000
G:     463.000
H:   10800.010
I:       0.000
J:       0.000
K:       0.000
L:       0.000
M:       0.000
N:       0.000
O:       0.000
P:       0.000
Q:       0.000
R:       0.000
S:       0.000
U:       0.000
V:       0.000
W:       0.000
X:       0.000
Y:       0.000
Z:       0.000
A:
     0:        0.000        0.000      180.000        4.000        0.000
     5:        5.000        0.000        5.000        0.000        0.000
    10:        1.000        0.000       10.000 300000000.00       21.000
    15:       19.000      640.000        0.000        0.000        0.000
    20:        0.000
B:
     0:        0.000        0.000        0.000        0.000        0.000
     5:        0.000        0.000        0.000        0.000        0.000
    10:        0.000        0.000        0.000 30000000000.        0.000
    15:        0.000        0.000        0.000        0.000        0.000
    20:        0.000
C:
     0:        0.000        1.000        0.000        0.000      459.000
     5:        0.000        0.000        0.000        0.000        0.000
    10:        0.000        0.000        0.000        0.000        0.000
    15:        0.000        0.000        0.000        0.000        0.000
    20:        0.000
D:
E:
     0:       19.000       11.000       26.000       27.000        6.000
     5:        6.000        6.000        6.000        6.000        6.000
    10:        6.000        6.000        6.000        6.000        6.000
    15:        6.000        6.000        6.000        6.000        6.000
    20:        6.000        6.000        6.000        6.000        6.000
    25:        6.000        6.000        6.000        6.000        6.000
    30:        6.000        6.000        6.000        6.000        6.000
    35:        6.000        6.000        6.000        6.000        6.000
    40:        6.000        6.000        6.000        6.000        6.000
    45:        6.000        6.000        6.000        6.000        6.000
    50:        6.000        6.000        6.000        6.000        6.000
    55:        6.000        6.000        6.000        6.000        6.000
    60:        6.000        6.000        6.000        6.000        6.000
    65:        6.000        6.000        6.000        6.000        6.000
    70:        6.000        6.000        6.000        6.000        6.000
    75:        6.000        6.000        6.000        6.000        6.000
    80:        6.000        6.000        6.000        6.000        6.000
    85:        6.000        6.000        6.000        6.000        6.000
    90:        6.000        6.000        6.000        6.000        6.000
    95:        6.000        6.000        6.000        6.000        6.000
   100:        6.000        6.000        6.000        6.000        6.000
   105:        6.000        6.000        6.000        6.000        6.000
   110:        6.000        6.000        6.000        6.000        6.000
   115:        6.000        6.000        6.000        6.000        6.000
   120:        6.000        6.000        6.000        6.000        6.000
   125:        6.000        6.000        6.000        6.000        6.000
   130:        6.000        6.000        6.000        6.000        6.000
   135:        6.000        6.000        6.000        6.000        6.000
   140:        6.000        6.000        6.000        6.000        6.000
   145:        6.000        6.000        6.000        6.000        6.000
   150:        6.000        6.000        6.000        6.000        6.000
   155:        6.000        6.000        6.000        6.000        6.000
   160:        6.000        6.000        6.000        6.000        6.000
   165:        6.000        6.000        6.000        6.000        6.000
   170:        6.000        6.000        6.000        6.000        6.000
   175:        6.000        6.000        6.000        6.000        6.000
   180:        6.000        6.000        6.000        6.000        6.000
   185:        6.000        6.000        6.000        6.000        6.000
   190:        6.000        6.000        6.000        6.000        6.000
   195:        6.000        6.000        6.000        6.000        6.000
   200:        6.000        6.000        6.000        6.000        6.000
   205:        6.000        6.000        6.000        6.000        6.000
   210:        6.000        6.000        6.000        6.000        6.000
   215:        6.000        6.000        6.000        6.000        6.000
   220:        6.000        6.000        6.000        6.000        6.000
   225:        6.000        6.000        6.000        6.000        6.000
   230:        6.000        6.000        6.000        6.000        6.000
   235:        6.000        6.000        6.000        6.000        6.000
   240:        6.000        6.000        6.000        6.000        6.000
   245:        6.000        6.000        6.000        6.000        6.000
   250:        6.000        6.000        6.000        6.000        6.000
   255:        6.000        6.000        6.000        6.000        6.000
   260:        6.000        6.000        6.000        6.000        6.000
   265:        6.000        6.000        6.000        6.000        6.000
   270:        6.000        6.000        6.000        6.000        6.000
   275:        6.000        6.000        6.000        6.000        6.000
   280:        6.000        6.000        6.000        6.000        6.000
   285:        6.000        6.000        6.000        6.000        6.000
   290:        6.000        6.000        6.000        6.000        6.000
   295:        6.000        6.000        6.000        6.000        6.000
   300:        6.000        6.000        6.000        6.000        6.000
   305:        6.000        6.000        6.000        6.000        6.000
   310:        6.000        6.000        6.000        6.000        6.000
   315:        6.000        6.000        6.000        6.000        6.000
   320:        6.000        6.000        6.000        6.000        6.000
   325:        6.000        6.000        6.000        6.000        6.000
   330:        6.000        6.000        6.000        6.000        6.000
   335:        6.000        6.000        6.000        6.000        6.000
   340:        6.000        6.000        6.000        6.000        6.000
   345:        6.000        6.000        6.000        6.000        6.000
   350:        6.000        6.000        6.000        6.000        6.000
   355:        6.000        6.000        6.000        6.000        6.000
   360:        6.000        6.000        6.000        6.000        6.000
   365:        6.000        6.000        6.000        6.000        6.000
   370:        6.000        6.000        6.000        6.000        6.000
   375:        6.000        6.000        6.000        6.000        6.000
   380:        6.000        6.000        6.000        6.000        6.000
   385:        6.000        6.000        6.000        6.000        6.000
   390:        6.000        6.000        6.000        6.000        6.000
   395:        6.000        6.000        6.000        6.000        6.000
   400:        6.000        6.000        6.000        6.000        6.000
   405:        6.000        6.000        6.000        6.000        6.000
   410:        6.000        6.000        6.000        6.000        6.000
   415:        6.000        6.000        6.000        6.000        6.000
   420:        6.000        6.000        6.000        6.000        6.000
   425:        6.000        6.000        6.000        6.000        6.000
   430:        6.000        6.000        6.000        6.000        6.000
   435:        6.000        6.000        6.000        6.000        6.000
   440:        6.000        6.000        6.000        6.000        6.000
   445:        6.000        6.000        6.000        6.000        6.000
   450:        6.000        6.000        6.000        6.000        6.000
   455:        6.000        6.000        6.000        6.000        6.000
   460:        6.000        6.000        6.000      100.000
T:
     0:        0.000        0.000        0.000        0.000        9.200
     5:        9.260        9.280       14.650       62.040      101.400
    10:      112.970      120.190      130.240      135.100      135.170
    15:      142.700      143.790      143.900      143.930      146.300
    20:      146.330      147.810      147.840      147.930      153.470
    25:      154.270      154.380      154.720      155.240      155.290
    30:      156.460      158.640      174.040      174.110      174.280
    35:      175.010      175.050      175.130      175.430      175.710
    40:      291.470      303.920      335.520      337.170      337.380
    45:      356.950      357.000      357.050      439.880      439.900
    50:      481.620      513.600      513.700      517.710      543.710
    55:      543.870      544.090      544.590      544.730      547.730
    60:      559.210      559.270      613.580      613.890      614.030
    65:      614.040      614.090      614.480      615.070      615.110
    70:      615.170      634.160      675.710      675.730      706.450
    75:      708.750      712.210      715.190      718.880      818.830
    80:      819.080      819.460      819.480      877.470      878.210
    85:      880.910      880.980      881.470      881.870      887.760
    90:      890.490      891.080      892.470      893.330      893.670
    95:      894.230      894.320      971.690      974.150      974.670
   100:      974.760      975.040      975.570      975.720      976.250
   105:      976.860      977.430      977.950      978.030      978.990
   110:      979.070      979.090      979.130      979.940      980.040
   115:      980.170      980.490      980.650      980.750     1022.410
   120:     1027.360     1063.930     1111.900     1112.050     1112.150
   125:     1112.330     1165.560     1171.070     1213.420     1216.430
   130:     1216.530     1228.680     1230.070     1231.180     1232.600
   135:     1232.670     1235.270     1236.610     1238.980     1239.150
   140:     1240.430     1248.700     1250.410     1302.950     1303.800
   145:     1303.810     1304.020     1305.420     1359.530     1724.780
   150:     1744.130     1776.850     1776.900     1776.950     1776.970
   155:     1779.540     1834.770     1841.860     1844.000     1844.790
   160:     1851.350     1859.570     2241.480     2242.720     2243.100
   165:     2243.350     2243.550     2247.680     2248.030     2248.110
   170:     2248.690     2249.080     2250.050     2250.550     2532.050
   175:     2532.530     2533.830     2537.350     2546.640     2547.010
   180:     2548.990     2565.320     2565.540     2703.140     2712.190
   185:     2844.430     2942.540     2967.950     2992.200     2994.250
   190:     3034.720     3036.970     3037.070     3040.770     3043.630
   195:     3044.040     3048.460     3048.510     3048.520     3048.930
   200:     3048.960     3049.290     3049.780     3049.890     3049.980
   205:     3050.060     3050.590     3050.620     3150.280     3272.070
   210:     3276.440     3278.160     3278.780     3279.130     3351.140
   215:     3351.500     3372.140     3402.610     3591.350     3591.440
   220:     3593.420     3602.460     3637.660     3665.380     3665.880
   225:     3671.560     3672.030     3672.240     3672.290     3832.730
   230:     3888.680     3892.990     3893.290     3895.870     3960.660
   235:     4022.510     4416.680     4416.780     4487.060     4646.680
   240:     4647.000     4647.040     4647.120     4647.210     4647.280
   245:     4647.400     4651.340     4651.950     4651.990     4656.680
   250:     4760.590     4761.200     4778.030     4780.430     4916.840
   255:     4916.920     4917.440     4941.680     4962.170     4962.370
   260:     5000.570     5067.570     5096.380     5097.090     5098.920
   265:     5103.300     5107.810     5109.110     5112.110     5112.360
   270:     5117.590     5151.160     5155.290     5155.710     5159.900
   275:     5497.130     5501.390     5523.510     6401.960     6423.470
   280:     6447.350     6447.750     6503.200     6530.670     6530.700
   285:     6583.760     6584.410     6584.480     6585.330     6585.630
   290:     6585.860     6585.950     6588.020     6620.260     6675.470
   295:     6680.020     6681.070     6744.660     6797.980     6803.450
   300:     6803.780     6803.870     6804.090     6804.350     6804.560
   305:     6808.030     6808.120     6845.250     6850.750     6851.150
   310:     6851.170     6852.030     7074.450     7074.790     7074.820
   315:     7173.020     7177.410     7177.540     7177.640     7208.280
   320:     7209.940     7211.340     7212.640     7219.970     7220.090
   325:     7249.520     7296.210     7431.500     7431.560     7431.580
   330:     7431.720     7431.780     7431.870     7431.890     7431.940
   335:     7432.070     7432.680     7432.770     7432.810     7432.910
   340:     7433.000     7433.980     7434.300     7434.360     7434.430
   345:     7435.080     7451.800     7515.050     7564.100     7566.930
   350:     7569.940     7570.090     7572.320     7572.730     7598.760
   355:     7612.390     7612.450     7613.480     7613.920     7626.230
   360:     7626.680     7628.320     7629.130     7947.250     7951.330
   365:     7954.240     7956.140     7958.330     7958.510     7959.840
   370:     7961.180     7965.200     7965.530     7965.730     7985.750
   375:     7985.880     7987.560     7996.310     7996.640     7996.800
   380:     7998.330     7998.530     8008.880     8011.610     8011.970
   385:     8074.110     8225.610     8240.540     8241.520     8265.520
   390:     8266.240     8267.390     8345.780     8583.350     8603.480
   395:     8605.140     8635.300     8992.490     8993.700     9026.900
   400:     9027.460     9030.080     9030.210     9031.340     9059.270
   405:     9085.360     9090.130     9090.140     9093.380     9178.710
   410:     9179.170     9179.180     9212.470     9221.210     9222.010
   415:     9273.850     9275.020     9275.260     9302.240     9302.290
   420:     9302.320     9303.480     9303.680     9303.780     9312.740
   425:     9381.490     9381.570     9381.790     9414.780     9414.810
   430:     9419.370     9442.300     9442.340     9442.520     9455.340
   435:     9459.500     9469.020     9550.630     9570.460     9570.910
   440:     9571.270     9571.280     9571.300     9571.330     9619.670
   445:     9687.060     9687.670     9691.160     9691.550     9691.700
   450:     9734.770    10111.500    10114.270    10114.290    10114.640
   455:    10114.860    10149.940    10248.000    10253.910    10539.800
   460:    10736.230    10736.660    10736.770    10800.010
