File: C:\MED-PC IV\DATA\!2025-08-25_13h45m.Subject T18



Start Date: 08/25/25
End Date: 08/25/25
Subject: T18
Experiment: OralFentSA
Group: One
Box: 6
Start Time: 13:45:48
End Time: 16:46:01
MSN: Golden_Liq_SelfAdmin_LIT
F:       0.000
G:    1418.000
H:   10800.010
I:       0.000
J:       0.000
K:       0.000
L:       0.000
M:       0.000
N:       0.000
O:       0.000
P:       0.000
Q:       0.000
R:       0.000
S:       0.000
U:       0.000
V:       0.000
W:       0.000
X:       0.000
Y:       0.000
Z:       0.000
A:
     0:        0.000        0.000      180.000        4.000        0.000
     5:        5.000        0.000        5.000        0.000        0.000
    10:        1.000        0.000       10.000  3000000.000       22.000
    15:        6.000      320.000        0.000        0.000        0.000
    20:        0.000
B:
     0:        0.000        0.000        0.000      400.000        0.000
     5:      500.000        0.000      500.000        0.000        0.000
    10:        0.000        0.000     1000.000 300000000.00        0.000
    15:        0.000        0.000        0.000        0.000        0.000
    20:        0.000
C:
     0:        1.000        2.000        0.000        1.000     1402.000
     5:    10284.980       20.480        1.000       20.480       20.480
    10:        1.000        0.000        0.000        0.000        0.000
    15:        0.000        0.000        0.000        0.000        0.000
    20:        0.000
D:
     0:       20.480
E:
     0:       19.000       11.000       26.000       27.000        6.000
     5:        6.000        6.000        6.000        6.000        6.000
    10:        6.000        6.000        6.000        6.000        6.000
    15:        6.000        6.000        6.000        6.000        6.000
    20:        6.000        6.000        6.000        6.000        6.000
    25:        6.000        6.000        6.000        6.000        6.000
    30:        6.000        6.000        6.000        6.000        6.000
    35:        6.000        6.000        6.000        6.000        6.000
    40:        6.000        6.000        6.000        6.000        6.000
    45:        6.000        6.000        6.000        6.000        6.000
    50:        6.000        6.000        6.000        6.000        6.000
    55:        6.000        6.000        6.000        6.000        6.000
    60:        6.000        6.000        6.000        6.000        6.000
    65:        6.000        6.000        6.000        6.000        6.000
    70:        6.000        6.000        6.000        6.000        6.000
    75:        6.000        6.000        6.000        6.000        6.000
    80:        6.000        6.000        6.000        6.000        6.000
    85:        6.000        6.000        6.000        6.000        6.000
    90:        6.000        6.000        6.000        6.000        6.000
    95:        6.000        6.000        6.000        6.000        6.000
   100:        6.000        6.000        6.000        6.000        6.000
   105:        6.000        6.000        6.000        6.000        6.000
   110:        6.000        6.000        6.000        6.000        6.000
   115:        6.000        6.000        6.000        6.000        6.000
   120:        6.000        6.000        6.000        6.000        6.000
   125:        6.000        6.000        6.000        6.000        6.000
   130:        6.000        6.000        6.000        6.000        6.000
   135:        6.000        6.000        6.000        6.000        6.000
   140:        6.000        6.000        6.000        6.000        6.000
   145:        6.000        6.000        6.000        6.000        6.000
   150:        6.000        6.000        6.000        6.000        6.000
   155:        6.000        6.000        6.000        6.000        6.000
   160:        6.000        6.000        6.000        6.000        6.000
   165:        6.000        6.000        6.000        6.000        6.000
   170:        6.000        6.000        6.000        6.000        6.000
   175:        6.000        6.000        6.000        6.000        6.000
   180:        6.000        6.000        6.000        6.000        6.000
   185:        6.000        6.000        6.000        6.000        6.000
   190:        6.000        6.000        6.000        6.000        6.000
   195:        6.000        6.000        6.000        6.000        6.000
   200:        6.000        6.000        6.000        6.000        6.000
   205:        6.000        6.000        6.000        6.000        6.000
   210:        6.000        6.000        6.000        6.000        6.000
   215:        6.000        6.000        6.000        6.000        6.000
   220:        6.000        6.000        6.000        6.000        6.000
   225:        6.000        6.000        6.000        6.000        6.000
   230:        6.000        6.000        6.000        6.000        6.000
   235:        6.000        6.000        6.000        6.000        6.000
   240:        6.000        6.000        6.000        6.000        6.000
   245:        6.000        6.000        6.000        6.000        6.000
   250:        6.000        6.000        6.000        6.000        6.000
   255:        6.000        6.000        6.000        6.000        6.000
   260:        6.000        6.000        6.000        6.000        6.000
   265:        6.000        6.000        6.000        6.000        6.000
   270:        6.000        6.000        6.000        6.000        6.000
   275:        6.000        6.000        6.000        6.000        6.000
   280:        6.000        6.000        6.000        6.000        6.000
   285:        6.000        6.000        6.000        6.000        6.000
   290:        6.000        6.000        6.000        6.000        6.000
   295:        6.000        6.000        6.000        6.000        6.000
   300:        6.000        6.000        6.000        6.000        6.000
   305:        6.000        6.000        6.000        6.000        6.000
   310:        6.000        6.000        6.000        6.000        6.000
   315:        6.000        6.000        6.000        6.000        6.000
   320:        6.000        6.000        6.000        6.000        6.000
   325:        6.000        6.000        6.000        6.000        6.000
   330:        6.000        6.000        6.000        6.000        6.000
   335:        6.000        6.000        6.000        6.000        6.000
   340:        6.000        6.000        6.000        6.000        6.000
   345:        6.000        6.000        6.000        6.000        6.000
   350:        6.000        6.000        6.000        6.000        6.000
   355:        6.000        6.000        6.000        6.000        6.000
   360:        6.000        6.000        6.000        6.000        6.000
   365:        6.000        6.000        6.000        6.000        6.000
   370:        6.000        6.000        6.000        6.000        6.000
   375:        6.000        6.000        6.000        6.000        6.000
   380:        6.000        6.000        6.000        6.000        6.000
   385:        6.000        6.000        6.000        6.000        6.000
   390:        6.000        6.000        6.000        6.000        6.000
   395:        6.000        6.000        6.000        6.000        6.000
   400:        6.000        6.000        6.000        6.000        6.000
   405:        6.000        6.000        6.000        6.000        6.000
   410:        6.000        6.000        6.000        6.000        6.000
   415:        6.000        6.000        6.000        6.000        6.000
   420:        6.000        6.000        6.000        6.000        6.000
   425:        6.000        6.000        6.000        6.000        6.000
   430:        6.000        6.000        6.000        6.000        6.000
   435:        6.000        6.000        6.000        6.000        6.000
   440:        6.000        6.000        6.000        6.000        6.000
   445:        6.000        6.000        6.000        6.000        6.000
   450:        6.000        6.000        6.000        6.000        6.000
   455:        6.000        6.000        6.000        6.000        6.000
   460:        6.000        6.000        6.000        6.000        6.000
   465:        6.000        6.000        6.000        6.000        6.000
   470:        6.000        6.000        6.000        6.000        6.000
   475:        6.000        6.000        6.000        6.000        6.000
   480:        6.000        6.000        6.000        6.000        6.000
   485:        6.000        6.000        6.000        6.000        6.000
   490:        6.000        6.000        6.000        6.000        6.000
   495:        6.000        6.000        6.000        6.000        6.000
   500:        6.000        6.000        6.000        6.000        6.000
   505:        6.000        6.000        6.000        6.000        6.000
   510:        6.000        6.000        6.000        6.000        6.000
   515:        6.000        6.000        6.000        6.000        6.000
   520:        6.000        6.000        6.000        6.000        6.000
   525:        6.000        6.000        6.000        6.000        6.000
   530:        6.000        6.000        6.000        6.000        6.000
   535:        6.000        6.000        6.000        6.000        6.000
   540:        6.000        6.000        6.000        6.000        6.000
   545:        6.000        6.000        6.000        6.000        6.000
   550:        6.000        6.000        6.000        6.000        6.000
   555:        6.000        6.000        6.000        6.000        6.000
   560:        6.000        6.000        6.000        6.000        6.000
   565:        6.000        6.000        6.000        6.000        6.000
   570:        6.000        6.000        6.000        6.000        6.000
   575:        6.000        6.000        6.000        6.000        6.000
   580:        6.000        6.000        6.000        6.000        6.000
   585:        6.000        6.000        6.000        6.000        6.000
   590:        6.000        6.000        6.000        6.000        6.000
   595:        6.000        6.000        6.000        6.000        6.000
   600:        6.000        6.000        6.000        6.000        6.000
   605:        6.000        6.000        6.000        6.000        6.000
   610:        6.000        6.000        6.000        6.000        6.000
   615:        6.000        6.000        6.000        6.000        6.000
   620:        6.000        6.000        6.000        6.000        6.000
   625:        6.000        6.000        6.000        6.000        6.000
   630:        6.000        6.000        6.000        6.000        6.000
   635:        6.000        6.000        6.000        6.000        6.000
   640:        6.000        6.000        6.000        6.000        6.000
   645:        6.000        6.000        6.000        6.000        6.000
   650:        6.000        6.000        6.000        6.000        6.000
   655:        6.000        6.000        6.000        6.000        6.000
   660:        6.000        6.000        6.000        6.000        6.000
   665:        6.000        6.000        6.000        6.000        6.000
   670:        6.000        6.000        6.000        6.000        6.000
   675:        6.000        6.000        6.000        6.000        6.000
   680:        6.000        6.000        6.000        6.000        6.000
   685:        6.000        6.000        6.000        6.000        6.000
   690:        6.000        6.000        6.000        6.000        6.000
   695:        6.000        6.000        6.000        6.000        6.000
   700:        6.000        6.000        6.000        6.000        6.000
   705:        6.000        6.000        6.000        6.000        6.000
   710:        6.000        6.000        6.000        6.000        6.000
   715:        6.000        6.000        6.000        6.000        6.000
   720:        6.000        6.000        6.000        6.000        6.000
   725:        6.000        6.000        6.000        6.000        6.000
   730:        6.000        6.000        6.000        6.000        6.000
   735:        6.000        6.000        6.000        6.000        6.000
   740:        6.000        6.000        6.000        6.000        6.000
   745:        6.000        6.000        6.000        6.000        6.000
   750:        6.000        6.000        6.000        6.000        6.000
   755:        6.000        6.000        6.000        6.000        6.000
   760:        6.000        6.000        6.000        6.000        6.000
   765:        6.000        6.000        6.000        6.000        6.000
   770:        6.000        6.000        6.000        6.000        6.000
   775:        6.000        6.000        6.000        6.000        6.000
   780:        6.000        6.000        6.000        6.000        6.000
   785:        6.000        6.000        6.000        6.000        6.000
   790:        6.000        6.000        6.000        6.000        6.000
   795:        6.000        6.000        6.000        6.000        6.000
   800:        6.000        6.000        6.000        6.000        6.000
   805:        6.000        6.000        6.000        6.000        6.000
   810:        6.000        6.000        6.000        6.000        6.000
   815:        6.000        6.000        6.000        6.000        6.000
   820:        6.000        6.000        6.000        6.000        6.000
   825:        6.000        6.000        6.000        6.000        6.000
   830:        6.000        6.000        6.000        6.000        6.000
   835:        6.000        6.000        6.000        6.000        6.000
   840:        6.000        6.000        6.000        6.000        6.000
   845:        6.000        6.000        6.000        6.000        6.000
   850:        6.000        6.000        6.000        6.000        6.000
   855:        6.000        6.000        6.000        6.000        6.000
   860:        6.000        6.000        6.000        6.000        6.000
   865:        6.000        6.000        6.000        6.000        6.000
   870:        6.000        6.000        6.000        6.000        6.000
   875:        6.000        6.000        6.000        6.000        6.000
   880:        6.000        6.000        6.000        6.000        6.000
   885:        6.000        6.000        6.000        6.000        6.000
   890:        6.000        6.000        6.000        6.000        6.000
   895:        6.000        6.000        6.000        6.000        6.000
   900:        6.000        6.000        6.000        6.000        6.000
   905:        6.000        6.000        6.000        6.000        6.000
   910:        6.000        6.000        6.000        6.000        6.000
   915:        6.000        6.000        6.000        6.000        6.000
   920:        6.000        6.000        6.000        6.000        6.000
   925:        6.000        6.000        6.000        6.000        6.000
   930:        6.000        6.000        6.000        6.000        6.000
   935:        6.000        6.000        6.000        6.000        6.000
   940:        6.000        6.000        6.000        6.000        6.000
   945:        6.000        6.000        6.000        6.000        6.000
   950:        6.000        6.000        6.000        6.000        6.000
   955:        6.000        6.000        6.000        6.000        6.000
   960:        6.000        6.000        6.000        6.000        6.000
   965:        6.000        6.000        6.000        6.000        6.000
   970:        6.000        6.000        6.000        6.000        6.000
   975:        6.000        6.000        6.000        6.000        6.000
   980:        6.000        6.000        6.000        6.000        6.000
   985:        6.000        6.000        6.000        6.000        6.000
   990:        6.000        6.000        6.000        6.000        6.000
   995:        6.000        6.000        6.000        6.000        6.000
  1000:        6.000        6.000        6.000        6.000        6.000
  1005:        6.000        6.000        6.000        6.000        6.000
  1010:        6.000        6.000        6.000        6.000        6.000
  1015:        6.000        6.000        6.000        6.000        6.000
  1020:        6.000        6.000        6.000        6.000        6.000
  1025:        6.000        6.000        6.000        6.000        6.000
  1030:        6.000        6.000        6.000        6.000        6.000
  1035:        6.000        6.000        6.000        6.000        6.000
  1040:        6.000        6.000        6.000        6.000        6.000
  1045:        6.000        6.000        6.000        6.000        6.000
  1050:        6.000        6.000        6.000        6.000        6.000
  1055:        6.000        6.000        6.000        6.000        6.000
  1060:        6.000        6.000        6.000        6.000        6.000
  1065:        6.000        6.000        6.000        6.000        6.000
  1070:        6.000        6.000        6.000        6.000        6.000
  1075:        6.000        6.000        6.000        6.000        6.000
  1080:        6.000        6.000        6.000        6.000        6.000
  1085:        6.000        6.000        6.000        6.000        6.000
  1090:        6.000        6.000        6.000        6.000        6.000
  1095:        6.000        6.000        6.000        6.000        6.000
  1100:        6.000        6.000        6.000        6.000        6.000
  1105:        6.000        6.000        6.000        6.000        6.000
  1110:        6.000        6.000        6.000        6.000        6.000
  1115:        6.000        6.000        6.000        6.000        6.000
  1120:        6.000        6.000        6.000        6.000        6.000
  1125:        6.000        6.000        6.000        6.000        6.000
  1130:        6.000        6.000        6.000        6.000        6.000
  1135:        6.000        6.000        6.000        6.000        6.000
  1140:        6.000        6.000        6.000        6.000        6.000
  1145:        6.000        6.000        6.000        6.000        6.000
  1150:        6.000        6.000        6.000        6.000        6.000
  1155:        6.000        6.000        6.000        6.000        6.000
  1160:        6.000        6.000        6.000        6.000        6.000
  1165:        6.000        6.000        6.000        6.000        6.000
  1170:        6.000        6.000        6.000        6.000        6.000
  1175:        6.000        6.000        6.000        6.000        6.000
  1180:        6.000        6.000        6.000        6.000        6.000
  1185:        6.000        6.000        6.000        6.000        6.000
  1190:        6.000        6.000        6.000        6.000        6.000
  1195:        6.000        6.000        6.000        6.000        6.000
  1200:        6.000        6.000        6.000        6.000        6.000
  1205:        6.000        6.000        6.000        6.000        6.000
  1210:        6.000        6.000        6.000        6.000        6.000
  1215:        6.000        6.000        6.000        6.000        6.000
  1220:        6.000        6.000        6.000        6.000        6.000
  1225:        6.000        6.000        6.000        6.000        6.000
  1230:        6.000        6.000        6.000        6.000        6.000
  1235:        6.000        6.000        6.000        6.000        6.000
  1240:        6.000        6.000        6.000        6.000        6.000
  1245:        6.000        6.000        6.000        6.000        6.000
  1250:        6.000        6.000        6.000        6.000        6.000
  1255:        6.000        6.000        6.000        6.000        6.000
  1260:        6.000        6.000        6.000        6.000        6.000
  1265:        6.000        6.000        6.000        6.000        6.000
  1270:        6.000        6.000        6.000        6.000        6.000
  1275:        6.000        6.000        6.000        6.000        6.000
  1280:        6.000        6.000        6.000        6.000        6.000
  1285:        6.000        6.000        6.000        6.000        6.000
  1290:        6.000        6.000        6.000        6.000        6.000
  1295:        6.000        6.000        6.000        6.000        6.000
  1300:        6.000        6.000        6.000        6.000        6.000
  1305:        6.000        6.000        6.000        6.000        6.000
  1310:        6.000        6.000        6.000        6.000        6.000
  1315:        6.000        6.000        6.000        6.000        6.000
  1320:        6.000        6.000        6.000        6.000        6.000
  1325:        6.000        6.000        6.000        6.000        6.000
  1330:        6.000        6.000        6.000        6.000        6.000
  1335:        6.000        6.000        6.000        6.000        6.000
  1340:        6.000        6.000        6.000        6.000        6.000
  1345:        6.000        6.000        6.000        6.000        6.000
  1350:        6.000        6.000        6.000        6.000        6.000
  1355:        6.000        6.000        6.000        6.000        6.000
  1360:        6.000        6.000        6.000        6.000        6.000
  1365:        2.000        4.000       22.000       24.000       13.000
  1370:        8.000        5.000       17.000       18.000       14.000
  1375:       10.000       19.000        6.000        6.000        6.000
  1380:        6.000        6.000        6.000        6.000        6.000
  1385:        6.000        6.000        6.000        6.000        6.000
  1390:        6.000        6.000        6.000        6.000        6.000
  1395:        6.000        6.000        6.000        6.000        6.000
  1400:        6.000        6.000        6.000        6.000        6.000
  1405:        6.000        6.000        6.000        6.000        6.000
  1410:        6.000        6.000        6.000        6.000        6.000
  1415:        6.000        6.000        6.000      100.000
T:
     0:        0.000        0.000        0.000        0.000       37.460
     5:       38.600       39.050      102.190      102.450      117.160
    10:      117.840      118.510      143.860      156.030      156.620
    15:      156.990      169.870      211.860      212.530      213.390
    20:      213.770      226.620      226.760      238.960      239.600
    25:      265.710      266.370      288.850      289.640      290.180
    30:      290.900      293.920      318.470      318.670      352.240
    35:      354.640      359.800      360.870      368.700      388.470
    40:      388.670      400.920      402.170      412.090      416.200
    45:      442.150      478.200      536.500      553.030      568.510
    50:      568.670      617.790      625.480      637.690      659.480
    55:      700.470      714.060      720.800      736.620      764.820
    60:      790.400      790.540      811.490      815.880      816.200
    65:      816.890      842.930      843.240      848.050      872.670
    70:      872.930      877.980      891.330      893.290      895.110
    75:      895.130      895.640      898.840      908.770      909.050
    80:      919.870      921.090      926.440      952.020      952.490
    85:      959.980      967.970      979.670      995.170      995.200
    90:     1006.970     1027.720     1028.010     1055.050     1074.930
    95:     1101.740     1101.860     1105.530     1109.480     1110.040
   100:     1110.380     1122.480     1128.370     1144.910     1145.590
   105:     1145.650     1157.960     1158.290     1166.190     1179.420
   110:     1204.710     1211.040     1211.230     1228.850     1237.520
   115:     1242.600     1255.050     1255.210     1282.230     1287.170
   120:     1308.540     1314.630     1321.000     1321.320     1341.220
   125:     1369.020     1369.460     1374.270     1380.290     1385.020
   130:     1426.600     1433.010     1437.590     1443.980     1448.600
   135:     1482.880     1487.860     1509.030     1514.260     1529.030
   140:     1545.670     1555.600     1560.060     1560.480     1602.910
   145:     1607.240     1607.290     1610.870     1614.560     1623.310
   150:     1636.110     1640.230     1644.750     1644.970     1662.520
   155:     1669.290     1669.640     1673.420     1677.290     1681.980
   160:     1687.330     1687.590     1687.640     1700.230     1703.400
   165:     1714.660     1743.860     1747.790     1748.070     1754.310
   170:     1754.490     1754.620     1754.710     1757.750     1760.680
   175:     1764.780     1767.980     1800.240     1803.240     1807.540
   180:     1811.560     1811.730     1814.660     1814.930     1818.110
   185:     1818.180     1821.280     1827.050     1830.560     1834.010
   190:     1834.190     1834.330     1837.430     1852.540     1853.040
   195:     1853.350     1868.300     1871.630     1885.340     1892.220
   200:     1892.420     1899.350     1899.380     1899.590     1899.620
   205:     1910.840     1913.720     1923.700     1927.330     1930.670
   210:     1943.700     1943.920     1954.380     1954.620     1954.900
   215:     1957.640     1996.190     1998.860     2018.490     2040.520
   220:     2043.870     2051.270     2051.460     2054.120     2054.180
   225:     2058.140     2060.550     2063.590     2078.110     2081.360
   230:     2107.840     2123.530     2129.110     2129.140     2129.310
   235:     2135.610     2158.220     2165.540     2169.240     2178.930
   240:     2185.100     2188.300     2221.610     2224.500     2227.020
   245:     2232.070     2234.750     2238.430     2241.220     2243.690
   250:     2244.230     2247.210     2249.890     2253.400     2253.740
   255:     2258.280     2261.320     2261.470     2266.360     2271.250
   260:     2276.290     2311.640     2314.220     2349.730     2360.320
   265:     2360.510     2377.170     2397.350     2405.560     2408.610
   270:     2417.490     2420.210     2423.350     2423.590     2426.000
   275:     2440.130     2440.240     2443.060     2448.810     2452.100
   280:     2474.410     2480.650     2483.380     2492.410     2502.820
   285:     2505.770     2523.850     2524.120     2524.720     2527.340
   290:     2541.590     2541.910     2545.040     2545.240     2551.150
   295:     2584.580     2584.670     2591.590     2594.330     2595.250
   300:     2598.200     2623.730     2623.760     2626.590     2630.300
   305:     2634.260     2638.150     2638.390     2641.180     2644.470
   310:     2666.630     2669.520     2675.930     2683.060     2693.710
   315:     2708.310     2711.060     2713.990     2730.520     2738.430
   320:     2764.140     2774.200     2778.060     2805.720     2805.900
   325:     2827.980     2828.240     2835.170     2843.760     2847.400
   330:     2847.590     2850.420     2865.870     2868.830     2872.160
   335:     2874.940     2884.350     2899.240     2902.800     2903.050
   340:     2920.990     2942.120     2945.320     2978.250     2995.540
   345:     2998.750     3014.140     3041.470     3055.100     3058.690
   350:     3082.280     3120.080     3123.900     3124.090     3124.270
   355:     3126.790     3158.870     3162.640     3183.910     3184.080
   360:     3187.180     3204.370     3212.460     3212.750     3227.250
   365:     3230.040     3240.830     3268.590     3272.560     3272.770
   370:     3278.450     3295.120     3298.620     3301.750     3301.910
   375:     3325.890     3329.380     3334.020     3334.180     3337.530
   380:     3337.770     3341.190     3341.340     3344.650     3344.750
   385:     3347.910     3351.380     3355.280     3360.480     3369.060
   390:     3386.920     3390.130     3392.870     3397.110     3400.510
   395:     3400.590     3401.020     3407.430     3410.810     3414.450
   400:     3417.720     3421.870     3428.850     3429.140     3431.980
   405:     3435.710     3440.420     3445.450     3448.360     3452.210
   410:     3456.200     3464.110     3467.290     3476.210     3476.580
   415:     3479.160     3493.950     3497.070     3513.020     3515.940
   420:     3531.420     3534.910     3540.060     3563.450     3566.790
   425:     3569.770     3575.690     3578.710     3583.260     3583.420
   430:     3593.530     3593.780     3608.590     3616.120     3619.880
   435:     3623.010     3626.570     3629.370     3632.170     3634.800
   440:     3637.380     3640.380     3648.900     3652.260     3658.540
   445:     3674.680     3674.810     3677.560     3680.900     3685.940
   450:     3686.010     3688.530     3688.880     3691.170     3691.250
   455:     3694.320     3697.820     3697.970     3701.160     3703.890
   460:     3704.290     3712.010     3712.230     3744.840     3750.130
   465:     3755.130     3760.720     3794.480     3797.550     3797.830
   470:     3800.620     3804.100     3806.590     3812.410     3815.260
   475:     3820.550     3823.260     3841.140     3849.010     3849.370
   480:     3877.640     3908.860     3912.110     3940.150     3953.290
   485:     3956.230     3959.150     3964.730     3967.560     3967.720
   490:     3977.400     4012.930     4016.120     4021.380     4040.710
   495:     4043.560     4043.720     4052.310     4058.270     4061.430
   500:     4064.240     4066.940     4072.660     4105.160     4108.060
   505:     4111.210     4111.350     4117.340     4117.710     4126.590
   510:     4136.600     4140.080     4145.910     4146.170     4168.180
   515:     4193.540     4203.690     4203.920     4237.020     4240.290
   520:     4240.380     4240.980     4271.030     4274.500     4277.350
   525:     4279.980     4280.230     4301.170     4304.560     4320.500
   530:     4323.910     4324.100     4329.800     4343.800     4350.670
   535:     4369.900     4384.500     4384.750     4409.510     4414.100
   540:     4417.350     4420.720     4420.940     4440.020     4443.040
   545:     4446.780     4460.690     4464.230     4467.590     4470.450
   550:     4499.830     4505.610     4508.760     4509.020     4527.100
   555:     4534.040     4537.220     4553.040     4556.640     4562.540
   560:     4565.080     4568.530     4574.490     4589.290     4592.900
   565:     4599.850     4609.030     4611.700     4614.590     4617.620
   570:     4620.830     4629.770     4636.070     4639.270     4642.860
   575:     4657.990     4661.590     4673.860     4677.350     4709.020
   580:     4716.440     4732.880     4736.010     4739.990     4740.290
   585:     4743.650     4747.320     4753.560     4753.860     4781.650
   590:     4784.880     4785.160     4801.720     4817.660     4821.290
   595:     4824.860     4848.300     4855.280     4855.440     4859.850
   600:     4870.530     4876.750     4880.220     4894.250     4903.400
   605:     4922.620     4932.090     4932.340     4934.880     4945.330
   610:     4948.380     4948.540     4961.980     4968.770     4972.200
   615:     4972.790     4976.100     4976.350     4979.710     4983.290
   620:     4987.210     4994.560     4998.140     5006.650     5010.270
   625:     5013.580     5017.340     5021.200     5036.630     5036.750
   630:     5051.140     5056.480     5056.780     5059.890     5060.440
   635:     5060.710     5065.340     5065.490     5065.660     5065.820
   640:     5078.410     5082.310     5085.580     5086.060     5110.660
   645:     5114.850     5117.790     5118.170     5118.220     5121.680
   650:     5121.980     5125.200     5127.990     5134.090     5136.570
   655:     5155.000     5167.570     5195.380     5199.200     5203.320
   660:     5203.480     5236.800     5239.930     5254.880     5259.240
   665:     5276.650     5282.320     5287.810     5293.450     5330.240
   670:     5333.230     5336.120     5365.490     5373.340     5390.980
   675:     5397.450     5397.660     5406.190     5428.550     5436.300
   680:     5439.850     5443.560     5459.060     5462.990     5467.100
   685:     5502.660     5505.530     5513.310     5513.550     5517.860
   690:     5518.220     5544.180     5556.230     5559.710     5592.230
   695:     5596.020     5598.670     5602.530     5609.210     5612.580
   700:     5623.830     5623.990     5634.450     5637.630     5644.800
   705:     5648.730     5652.380     5652.680     5655.150     5662.340
   710:     5665.290     5665.650     5666.190     5669.480     5669.770
   715:     5673.230     5676.790     5677.220     5681.850     5686.380
   720:     5686.940     5687.410     5701.080     5709.670     5713.360
   725:     5713.440     5717.310     5742.880     5743.220     5743.300
   730:     5745.170     5748.670     5753.990     5758.650     5763.010
   735:     5763.220     5771.840     5777.390     5785.520     5788.900
   740:     5805.250     5830.130     5833.590     5834.030     5838.300
   745:     5838.460     5849.540     5849.620     5871.260     5875.220
   750:     5881.010     5912.670     5917.910     5923.760     5928.090
   755:     5928.490     5960.140     5964.170     5967.600     5971.090
   760:     5985.250     6007.860     6018.970     6039.050     6042.440
   765:     6042.600     6050.460     6076.130     6081.100     6090.800
   770:     6094.460     6109.820     6115.740     6140.920     6148.640
   775:     6175.450     6179.650     6183.200     6191.100     6191.360
   780:     6201.590     6205.180     6224.650     6241.160     6251.950
   785:     6261.030     6293.400     6298.970     6299.210     6305.350
   790:     6308.820     6314.720     6317.970     6318.140     6323.640
   795:     6330.600     6333.790     6340.720     6341.020     6347.570
   800:     6351.270     6355.320     6358.970     6363.740     6367.370
   805:     6371.780     6374.840     6375.340     6379.040     6387.670
   810:     6406.590     6409.930     6410.690     6410.870     6411.050
   815:     6416.130     6419.580     6422.710     6426.890     6431.840
   820:     6443.910     6448.360     6459.570     6464.680     6471.160
   825:     6475.630     6479.950     6486.170     6504.930     6517.750
   830:     6529.330     6539.950     6556.180     6561.570     6567.840
   835:     6571.780     6576.440     6579.980     6594.510     6594.680
   840:     6608.620     6617.620     6618.030     6630.250     6641.510
   845:     6661.310     6683.540     6689.680     6689.830     6694.200
   850:     6694.300     6705.980     6709.850     6709.970     6716.540
   855:     6719.630     6721.360     6721.570     6732.990     6733.310
   860:     6743.710     6756.130     6756.810     6760.270     6765.050
   865:     6765.810     6794.450     6799.370     6811.320     6830.060
   870:     6845.960     6849.910     6872.440     6876.150     6884.020
   875:     6894.250     6898.460     6903.390     6913.750     6940.490
   880:     6953.920     6961.060     6965.140     6971.250     6982.120
   885:     6993.390     6999.440     7015.980     7024.610     7034.730
   890:     7038.920     7052.710     7060.550     7070.080     7074.280
   895:     7078.390     7086.230     7086.330     7086.480     7094.640
   900:     7112.720     7113.170     7136.270     7183.430     7186.900
   905:     7218.040     7219.040     7225.880     7238.200     7250.050
   910:     7268.440     7268.590     7272.770     7273.350     7290.090
   915:     7294.950     7299.460     7324.310     7333.980     7342.850
   920:     7372.670     7385.450     7432.170     7437.570     7437.690
   925:     7460.550     7460.630     7463.790     7482.160     7498.660
   930:     7504.000     7516.690     7533.060     7543.320     7548.790
   935:     7552.290     7552.610     7553.660     7553.930     7554.120
   940:     7557.700     7563.270     7568.090     7573.640     7573.860
   945:     7578.540     7582.900     7583.550     7588.090     7594.780
   950:     7599.340     7602.760     7610.270     7614.470     7621.730
   955:     7627.170     7636.080     7636.360     7641.570     7642.160
   960:     7646.580     7647.110     7653.180     7654.010     7660.230
   965:     7668.340     7673.250     7674.290     7679.560     7687.440
   970:     7687.620     7687.930     7688.530     7698.570     7703.980
   975:     7714.020     7720.660     7727.420     7728.300     7733.580
   980:     7738.550     7738.820     7739.390     7754.490     7760.860
   985:     7779.570     7802.040     7802.090     7807.080     7811.640
   990:     7818.140     7818.310     7826.360     7842.870     7843.160
   995:     7848.450     7848.940     7872.380     7876.890     7894.850
  1000:     7899.950     7900.280     7908.480     7940.820     7946.330
  1005:     7946.730     7946.990     7961.850     7962.630     7967.190
  1010:     7979.010     7988.230     7988.430     8000.230     8010.440
  1015:     8015.460     8029.440     8034.450     8047.710     8052.320
  1020:     8068.950     8069.110     8076.520     8081.860     8086.260
  1025:     8100.430     8106.160     8121.930     8131.780     8144.250
  1030:     8151.140     8156.340     8165.620     8168.690     8169.020
  1035:     8176.350     8181.060     8184.900     8189.120     8197.050
  1040:     8207.390     8208.000     8211.910     8221.190     8227.420
  1045:     8231.300     8231.590     8240.110     8243.600     8243.750
  1050:     8248.530     8252.400     8253.080     8260.450     8260.950
  1055:     8264.460     8264.880     8265.170     8273.490     8277.050
  1060:     8281.900     8285.850     8286.190     8289.980     8294.650
  1065:     8304.910     8320.190     8337.850     8344.340     8356.690
  1070:     8362.130     8389.210     8395.380     8395.390     8400.560
  1075:     8414.680     8435.260     8455.920     8482.640     8489.150
  1080:     8508.050     8514.670     8520.300     8525.230     8541.420
  1085:     8541.750     8557.400     8568.510     8572.590     8573.070
  1090:     8580.920     8585.900     8586.250     8596.590     8623.760
  1095:     8624.050     8636.740     8644.230     8647.900     8653.720
  1100:     8659.260     8670.340     8683.310     8683.520     8691.570
  1105:     8697.050     8697.960     8698.260     8702.350     8702.690
  1110:     8718.330     8729.740     8736.270     8744.730     8750.380
  1115:     8755.290     8755.410     8762.450     8768.390     8768.680
  1120:     8769.270     8776.140     8783.720     8789.240     8795.670
  1125:     8796.040     8800.280     8800.470     8800.660     8800.970
  1130:     8812.390     8816.760     8817.520     8822.050     8827.600
  1135:     8828.040     8832.730     8832.880     8833.200     8838.120
  1140:     8843.990     8844.360     8847.560     8847.800     8848.050
  1145:     8853.860     8859.680     8860.240     8865.090     8865.260
  1150:     8871.800     8876.940     8877.250     8885.630     8906.330
  1155:     8930.480     8934.420     8940.130     8943.430     8943.760
  1160:     8948.780     8953.730     8957.320     8958.130     8958.240
  1165:     8958.370     8963.430     8970.930     8971.360     8971.640
  1170:     8977.200     8977.820     8984.250     8985.110     8990.390
  1175:     9001.980     9006.220     9006.550     9010.760     9032.080
  1180:     9042.510     9055.990     9068.310     9083.130     9092.550
  1185:     9101.470     9110.120     9121.280     9121.690     9122.250
  1190:     9130.630     9141.170     9141.670     9167.640     9172.300
  1195:     9196.330     9220.830     9249.300     9255.750     9271.040
  1200:     9281.860     9282.150     9282.160     9292.870     9293.230
  1205:     9325.180     9329.680     9337.190     9344.630     9345.170
  1210:     9351.330     9351.600     9351.670     9351.770     9358.580
  1215:     9359.340     9359.830     9368.310     9378.010     9386.250
  1220:     9395.850     9396.010     9396.100     9403.850     9404.480
  1225:     9412.510     9412.850     9413.240     9413.330     9425.300
  1230:     9425.570     9425.730     9433.960     9434.800     9443.880
  1235:     9452.530     9452.820     9455.260     9462.380     9465.090
  1240:     9465.160     9465.480     9473.030     9473.810     9474.910
  1245:     9483.260     9490.350     9490.710     9492.540     9502.400
  1250:     9502.950     9503.140     9509.820     9510.130     9510.490
  1255:     9512.100     9512.160     9512.200     9512.240     9512.280
  1260:     9519.000     9520.920     9529.600     9530.360     9530.910
  1265:     9531.270     9540.110     9540.550     9540.860     9546.190
  1270:     9552.560     9552.850     9552.970     9554.390     9556.030
  1275:     9561.900     9562.340     9562.940     9571.430     9580.300
  1280:     9586.890     9588.100     9588.440     9593.440     9606.000
  1285:     9606.800     9616.720     9625.590     9625.930     9627.960
  1290:     9634.670     9635.280     9647.840     9656.620     9656.930
  1295:     9657.030     9659.590     9666.400     9666.720     9667.150
  1300:     9708.510     9715.910     9734.170     9748.700     9749.030
  1305:     9767.960     9777.450     9777.970     9778.280     9778.550
  1310:     9780.770     9780.880     9780.960     9788.290     9788.890
  1315:     9797.540     9798.250     9806.430     9806.900     9817.140
  1320:     9817.540     9817.720     9838.840     9839.590     9840.020
  1325:     9850.060     9850.570     9850.890     9851.770     9854.220
  1330:     9854.280     9854.360     9865.180     9866.180     9867.240
  1335:     9874.270     9874.690     9893.170     9894.010     9908.920
  1340:     9922.200     9924.140     9924.510     9933.710     9934.240
  1345:     9944.100     9947.350     9947.460     9948.090     9957.250
  1350:     9969.310     9969.770     9978.100     9978.930     9979.550
  1355:     9980.290     9980.360     9980.400     9981.770    10102.280
  1360:    10203.990    10232.030    10273.370    10281.720    10282.470
  1365:    10284.970    10284.970    10284.970    10284.980    10284.980
  1370:    10284.980    10284.980    10284.980    10288.980    10289.980
  1375:    10289.980    10294.970    10305.460    10306.150    10306.200
  1380:    10360.160    10360.320    10384.700    10393.400    10393.540
  1385:    10418.000    10427.090    10427.400    10427.600    10440.700
  1390:    10472.160    10472.590    10473.030    10475.810    10475.830
  1395:    10475.900    10476.250    10477.740    10477.890    10488.200
  1400:    10488.950    10492.350    10492.880    10493.370    10497.860
  1405:    10498.800    10528.040    10542.160    10575.160    10602.830
  1410:    10602.960    10603.930    10604.710    10626.850    10627.210
  1415:    10627.360    10627.970    10708.880    10800.010
