File: C:\MED-PC IV\DATA\!2025-05-13_13h07m.Subject T12



Start Date: 05/13/25
End Date: 05/13/25
Subject: T12
Experiment: OralFentSA
Group: One
Box: 6
Start Time: 13:07:16
End Time: 16:07:22
MSN: Golden_Liq_SelfAdmin
F:       0.000
G:     636.000
H:   10800.010
I:       0.000
J:       0.000
K:       0.000
L:       0.000
M:       0.000
N:       0.000
O:       0.000
P:       0.000
Q:       0.000
R:       0.000
S:       0.000
U:       0.000
V:       0.000
W:       0.000
X:       0.000
Y:       0.000
Z:       0.000
A:
     0:        0.000        0.000      180.000        4.000        0.000
     5:        5.000        0.000        5.000        0.000        0.000
    10:        1.000        0.000       10.000      600.000       21.000
    15:        1.000      640.000        0.000        0.000        0.000
    20:        0.000
B:
     0:        0.000        0.000        0.000      400.000        0.000
     5:      500.000        0.000      500.000        0.000        0.000
    10:        0.000        0.000     1000.000    60000.000        0.000
    15:        0.000        0.000        0.000        0.000        0.000
    20:        0.000
C:
     0:       34.000       34.000        0.000        1.000      224.000
     5:    10387.190       23.400       22.000     2051.780       93.263
    10:        1.000        1.000       33.000        0.000        0.000
    15:        0.000        0.000        0.000        0.000        0.000
    20:        0.000
D:
     0:      138.640        0.840       78.510       26.020       10.280
     5:        2.950        0.790        5.190       25.330      103.980
    10:        8.940       25.950      274.330      324.650      122.090
    15:       26.190      148.050       96.290      116.060      164.540
    20:      328.760       23.400
E:
     0:       19.000       11.000       26.000       27.000        6.000
     5:        6.000        6.000        6.000        6.000        6.000
    10:        6.000        6.000        6.000        6.000        6.000
    15:        6.000        6.000        6.000        6.000        6.000
    20:        6.000        6.000        6.000        6.000        6.000
    25:        6.000        6.000        6.000        6.000       25.000
    30:       24.000       12.000       13.000        8.000        5.000
    35:       17.000       18.000       14.000       10.000       19.000
    40:       11.000        6.000        6.000        6.000        6.000
    45:        6.000        6.000        6.000        6.000        6.000
    50:        6.000        6.000        6.000        6.000        6.000
    55:        6.000        6.000        6.000        6.000        6.000
    60:        6.000        6.000        6.000        6.000        6.000
    65:        6.000        6.000        6.000        6.000        6.000
    70:        6.000        6.000        6.000        6.000        6.000
    75:        6.000        6.000        6.000        6.000        6.000
    80:       25.000       24.000       12.000       13.000        8.000
    85:        5.000       17.000        6.000       18.000       14.000
    90:       10.000       19.000       11.000        6.000        6.000
    95:        6.000        6.000        6.000        6.000       30.000
   100:       24.000       12.000       13.000        8.000        5.000
   105:       17.000       18.000       14.000       10.000       19.000
   110:       11.000        6.000        6.000       30.000       24.000
   115:       12.000       13.000        8.000        5.000       17.000
   120:       18.000       14.000       10.000       19.000       11.000
   125:        6.000       30.000       24.000       12.000       13.000
   130:        8.000        5.000       17.000       18.000       14.000
   135:       10.000       19.000       11.000       30.000       24.000
   140:       12.000       13.000        8.000        5.000       17.000
   145:       18.000       14.000       10.000       19.000       11.000
   150:        6.000        6.000        6.000        6.000        6.000
   155:        6.000        6.000        6.000        6.000        6.000
   160:        6.000        6.000        6.000        6.000        6.000
   165:        6.000        6.000        6.000        6.000       25.000
   170:       24.000       12.000       13.000        8.000        5.000
   175:       17.000       18.000       14.000       10.000       19.000
   180:       11.000       30.000       24.000       12.000       13.000
   185:        8.000        5.000       17.000       18.000       14.000
   190:       10.000       19.000       11.000       30.000       24.000
   195:       12.000       13.000        8.000        5.000       17.000
   200:       18.000       14.000       10.000       19.000       11.000
   205:       30.000       24.000       12.000       13.000        8.000
   210:        5.000       17.000       18.000       14.000       10.000
   215:       19.000       11.000       30.000       24.000       12.000
   220:       13.000        8.000        5.000       17.000       18.000
   225:       14.000       10.000       19.000       11.000       30.000
   230:       24.000       12.000       13.000        8.000        5.000
   235:       17.000       18.000       14.000       10.000       19.000
   240:       11.000       30.000       24.000       12.000       13.000
   245:        8.000        5.000       17.000       18.000       14.000
   250:       10.000       19.000       11.000       30.000       24.000
   255:       12.000       13.000        8.000        5.000       17.000
   260:       18.000       14.000       10.000       19.000       11.000
   265:       30.000       24.000       12.000       13.000        8.000
   270:        5.000       17.000       18.000       14.000       10.000
   275:       19.000       11.000       30.000       24.000       12.000
   280:       13.000        8.000        5.000       17.000        6.000
   285:       18.000       14.000       10.000       19.000       11.000
   290:        6.000        6.000       30.000       24.000       12.000
   295:       13.000        8.000        5.000       17.000        6.000
   300:        6.000       18.000       14.000       10.000       19.000
   305:       11.000       30.000       24.000       12.000       13.000
   310:        8.000        5.000       17.000       18.000       14.000
   315:       10.000       30.000       12.000       13.000        8.000
   320:        5.000       17.000       19.000       11.000       18.000
   325:       14.000       10.000        6.000        6.000        6.000
   330:        6.000        6.000       25.000       24.000       12.000
   335:       13.000        8.000        5.000       17.000       18.000
   340:       14.000       10.000       19.000       11.000        6.000
   345:        6.000        6.000        6.000        6.000        6.000
   350:       25.000       24.000       12.000       13.000        8.000
   355:        5.000       17.000       18.000       14.000       10.000
   360:       19.000       11.000        6.000        6.000        6.000
   365:        6.000        6.000        6.000        6.000        6.000
   370:        6.000       23.000        6.000       25.000       24.000
   375:       12.000       13.000        8.000        5.000       17.000
   380:       18.000       14.000       10.000        6.000       19.000
   385:       11.000        6.000        6.000        6.000        6.000
   390:        6.000        6.000        6.000        6.000        6.000
   395:        6.000        6.000        6.000        6.000        6.000
   400:        6.000        6.000        6.000        6.000        6.000
   405:        6.000        6.000        6.000        6.000        6.000
   410:        6.000        6.000        6.000        6.000        6.000
   415:        6.000        6.000       25.000       24.000       12.000
   420:       13.000        8.000        5.000       17.000       18.000
   425:       14.000       10.000       19.000       11.000        6.000
   430:        6.000        6.000        6.000        6.000        6.000
   435:        6.000        6.000        6.000        6.000        6.000
   440:        6.000        6.000        6.000        6.000        6.000
   445:        6.000        6.000        6.000        6.000        6.000
   450:        6.000       25.000       24.000       12.000       13.000
   455:        8.000        5.000       17.000       18.000       14.000
   460:       10.000       19.000       11.000        6.000        6.000
   465:        6.000        6.000        6.000        6.000        6.000
   470:        6.000        6.000        6.000        6.000       25.000
   475:       24.000       12.000       13.000        8.000        5.000
   480:       17.000       18.000       14.000       10.000       19.000
   485:       11.000        6.000        6.000        6.000        6.000
   490:        6.000       25.000       24.000       12.000       13.000
   495:        8.000        5.000       17.000       18.000       14.000
   500:       10.000       19.000       11.000        6.000        6.000
   505:        6.000        6.000        6.000       25.000       24.000
   510:       12.000       13.000        8.000        5.000       17.000
   515:       18.000       14.000       10.000       19.000       11.000
   520:        2.000        4.000       22.000       24.000       12.000
   525:       13.000        8.000        5.000       17.000       18.000
   530:       14.000       10.000       19.000       11.000        6.000
   535:        6.000        6.000        6.000        6.000        6.000
   540:       25.000       24.000       12.000       13.000        8.000
   545:        5.000       17.000       18.000       14.000       10.000
   550:       19.000       11.000        6.000        6.000        6.000
   555:       25.000       24.000       12.000       13.000        8.000
   560:        5.000       17.000       18.000       14.000       10.000
   565:       19.000       11.000        6.000        6.000       25.000
   570:       24.000       12.000       13.000        8.000        5.000
   575:       17.000       18.000       14.000       10.000       19.000
   580:       11.000        6.000        6.000        6.000       25.000
   585:       24.000       12.000       13.000        8.000        5.000
   590:       17.000       18.000       14.000       10.000       19.000
   595:       11.000        6.000        6.000        6.000        6.000
   600:        6.000        6.000        6.000        6.000        6.000
   605:        6.000        6.000       25.000       24.000       12.000
   610:       13.000        8.000        5.000       17.000       18.000
   615:       14.000       10.000       19.000       11.000        6.000
   620:        6.000       25.000       24.000       12.000       13.000
   625:        8.000        5.000       17.000       18.000       14.000
   630:       10.000       19.000       11.000        6.000        6.000
   635:        6.000      100.000
T:
     0:        0.000        0.000        0.000        0.000      125.930
     5:      126.610      135.400      136.110      283.560      285.870
    10:      286.050      286.940      287.470      288.820      289.510
    15:      293.980      294.010      294.280      332.580      411.370
    20:      577.390      579.070      579.700      579.930      583.280
    25:      583.470      587.230      587.410      588.030      599.990
    30:      600.000      600.000      600.000      600.000      600.000
    35:      600.000      604.000      605.000      605.000      609.990
    40:      610.000      738.640      739.610      875.960      876.710
    45:      876.990      877.150      892.620      895.010      896.640
    50:     1085.330     1086.880     1087.260     1087.300     1087.990
    55:     1089.300     1093.210     1093.640     1093.880     1094.430
    60:     1094.460     1095.120     1096.660     1100.380     1100.670
    65:     1102.500     1103.080     1103.130     1104.360     1105.140
    70:     1107.080     1109.080     1113.720     1115.370     1115.480
    75:     1117.040     1145.520     1146.130     1146.340     1196.180
    80:     1209.990     1210.000     1210.000     1210.000     1210.000
    85:     1210.000     1210.000     1210.840     1214.000     1215.000
    90:     1215.000     1219.990     1220.000     1251.100     1279.640
    95:     1279.940     1280.150     1289.700     1290.440     1364.030
   100:     1364.030     1364.030     1364.030     1364.030     1364.030
   105:     1364.030     1368.030     1369.030     1369.030     1374.020
   110:     1374.030     1442.540     1445.070     1446.300     1446.300
   115:     1446.300     1446.300     1446.300     1446.300     1446.300
   120:     1450.300     1451.300     1451.300     1456.290     1456.300
   125:     1472.320     1473.940     1473.940     1473.940     1473.940
   130:     1473.940     1473.940     1473.940     1477.940     1478.940
   135:     1478.940     1483.930     1483.940     1518.090     1518.090
   140:     1518.090     1518.090     1518.090     1518.090     1518.090
   145:     1522.090     1523.090     1523.090     1528.080     1528.090
   150:     1528.370     1529.530     1529.820     1532.090     1532.140
   155:     1532.240     1532.290     1532.440     1552.170     1573.630
   160:     1574.330     1574.740     1595.760     1596.080     1596.240
   165:     1635.900     1637.320     1648.870     1710.870     1819.990
   170:     1820.000     1820.000     1820.000     1820.000     1820.000
   175:     1820.000     1824.000     1825.000     1825.000     1829.990
   180:     1830.000     1838.660     1838.660     1838.660     1838.660
   185:     1838.660     1838.660     1838.660     1842.660     1843.660
   190:     1843.660     1848.650     1848.660     1891.370     1891.370
   195:     1891.370     1891.370     1891.370     1891.370     1891.370
   200:     1895.370     1896.370     1896.370     1901.360     1901.370
   205:     1946.990     1946.990     1946.990     1946.990     1946.990
   210:     1946.990     1946.990     1950.990     1951.990     1951.990
   215:     1956.980     1956.990     1974.400     1974.400     1974.400
   220:     1974.400     1974.400     1974.400     1974.400     1978.400
   225:     1979.400     1979.400     1984.390     1984.400     2015.880
   230:     2015.880     2015.880     2015.880     2015.880     2015.880
   235:     2015.880     2019.880     2020.880     2020.880     2025.870
   240:     2025.880     2026.180     2026.180     2026.180     2026.180
   245:     2026.180     2026.180     2026.180     2030.180     2031.180
   250:     2031.180     2036.170     2036.180     2039.380     2039.380
   255:     2039.380     2039.380     2039.380     2039.380     2039.380
   260:     2043.380     2044.380     2044.380     2049.370     2049.380
   265:     2051.640     2051.640     2051.640     2051.640     2051.640
   270:     2051.640     2051.640     2055.640     2056.640     2056.640
   275:     2061.630     2061.640     2073.880     2073.880     2073.880
   280:     2073.880     2073.880     2073.880     2073.880     2076.830
   285:     2077.880     2078.880     2078.880     2083.870     2083.880
   290:     2086.410     2095.990     2096.100     2096.100     2096.100
   295:     2096.100     2096.100     2096.100     2096.100     2096.890
   300:     2097.160     2100.100     2101.100     2101.100     2106.090
   305:     2106.100     2108.600     2108.600     2108.600     2108.600
   310:     2108.600     2108.600     2108.600     2112.600     2113.600
   315:     2113.600     2116.470     2116.470     2116.470     2116.470
   320:     2116.470     2116.470     2118.590     2118.600     2120.470
   325:     2121.470     2121.470     2121.660     2140.990     2202.260
   330:     2219.510     2325.980     2429.990     2430.000     2430.000
   335:     2430.000     2430.000     2430.000     2430.000     2434.000
   340:     2435.000     2435.000     2439.990     2440.000     2455.330
   345:     2635.030     2956.690     2977.300     3017.070     3017.890
   350:     3039.990     3040.000     3040.000     3040.000     3040.000
   355:     3040.000     3040.000     3044.000     3045.000     3045.000
   360:     3049.990     3050.000     3143.980     3190.340     3190.500
   365:     3343.060     3350.090     3364.280     3364.330     3408.350
   370:     3432.240     3440.860     3497.640     3649.990     3650.000
   375:     3650.000     3650.000     3650.000     3650.000     3650.000
   380:     3654.000     3655.000     3655.000     3658.940     3659.990
   385:     3660.000     3678.240     3678.500     3678.650     3684.950
   390:     3699.970     3733.970     3738.950     3752.260     3752.560
   395:     3752.680     3753.830     3754.060     3754.280     3769.690
   400:     3830.750     3830.850     3837.780     3952.960     3953.200
   405:     3953.720     3953.960     3962.470     3966.640     3967.020
   410:     3967.160     3969.650     4081.020     4083.460     4204.130
   415:     4240.190     4250.570     4259.990     4260.000     4260.000
   420:     4260.000     4260.000     4260.000     4260.000     4264.000
   425:     4265.000     4265.000     4269.990     4270.000     4285.950
   430:     4286.040     4286.130     4304.110     4304.280     4304.580
   435:     4339.610     4549.090     4627.000     4627.140     4637.400
   440:     4706.980     4721.720     4722.730     4723.620     4724.250
   445:     4725.810     4726.230     4726.620     4797.600     4798.800
   450:     4799.050     4869.990     4870.000     4870.000     4870.000
   455:     4870.000     4870.000     4870.000     4874.000     4875.000
   460:     4875.000     4879.990     4880.000     5144.330     5144.730
   465:     5149.110     5152.240     5152.380     5152.440     5186.390
   470:     5186.510     5262.230     5301.520     5391.670     5479.990
   475:     5480.000     5480.000     5480.000     5480.000     5480.000
   480:     5480.000     5484.000     5485.000     5485.000     5489.990
   485:     5490.000     5804.650     5827.800     5920.810     5970.140
   490:     6012.330     6089.990     6090.000     6090.000     6090.000
   495:     6090.000     6090.000     6090.000     6094.000     6095.000
   500:     6095.000     6099.990     6100.000     6212.090     6300.230
   505:     6423.240     6485.730     6503.340     6699.990     6700.000
   510:     6700.000     6700.000     6700.000     6700.000     6700.000
   515:     6704.000     6705.000     6705.000     6709.990     6710.000
   520:     6727.180     6727.180     6727.180     6727.190     6727.190
   525:     6727.190     6727.190     6727.190     6727.190     6731.190
   530:     6732.190     6732.190     6737.180     6737.190     6753.380
   535:     6801.070     7026.250     7032.350     7034.130     7060.990
   540:     7337.180     7337.190     7337.190     7337.190     7337.190
   545:     7337.190     7337.190     7341.190     7342.190     7342.190
   550:     7347.180     7347.190     7485.240     7800.510     7820.630
   555:     7947.180     7947.190     7947.190     7947.190     7947.190
   560:     7947.190     7947.190     7951.190     7952.190     7952.190
   565:     7957.180     7957.190     8043.480     8540.320     8557.180
   570:     8557.190     8557.190     8557.190     8557.190     8557.190
   575:     8557.190     8561.190     8562.190     8562.190     8567.180
   580:     8567.190     8673.250     9052.930     9117.190     9167.180
   585:     9167.190     9167.190     9167.190     9167.190     9167.190
   590:     9167.190     9171.190     9172.190     9172.190     9177.180
   595:     9177.190     9331.730     9415.370     9421.960     9449.340
   600:     9450.570     9473.350     9473.540     9473.590     9598.080
   605:     9598.110     9741.160     9777.180     9777.190     9777.190
   610:     9777.190     9777.190     9777.190     9777.190     9781.190
   615:     9782.190     9782.190     9787.180     9787.190    10105.950
   620:    10106.110    10387.180    10387.190    10387.190    10387.190
   625:    10387.190    10387.190    10387.190    10391.190    10392.190
   630:    10392.190    10397.180    10397.190    10410.590    10429.320
   635:    10672.620    10800.010
