File: C:\MED-PC IV\DATA\!2025-05-17_13h48m.Subject T12



Start Date: 05/17/25
End Date: 05/17/25
Subject: T12
Experiment: OralFentSA
Group: One
Box: 6
Start Time: 13:48:16
End Time: 16:48:20
MSN: Golden_Liq_SelfAdmin
F:       0.000
G:     571.000
H:   10800.010
I:       0.000
J:       0.000
K:       0.000
L:       0.000
M:       0.000
N:       0.000
O:       0.000
P:       0.000
Q:       0.000
R:       0.000
S:       0.000
U:       0.000
V:       0.000
W:       0.000
X:       0.000
Y:       0.000
Z:       0.000
A:
     0:        0.000        0.000      180.000        4.000        0.000
     5:        5.000        0.000        5.000        0.000        0.000
    10:        1.000        0.000       10.000     3000.000       21.000
    15:        5.000      640.000        0.000        0.000        0.000
    20:        0.000
B:
     0:        0.000        0.000        0.000      400.000        0.000
     5:      500.000        0.000      500.000        0.000        0.000
    10:        0.000        0.000     1000.000   300000.000        0.000
    15:        0.000        0.000        0.000        0.000        0.000
    20:        0.000
C:
     0:       17.000       17.000        0.000       27.000      292.000
     5:    10277.180      250.270       12.000      555.410       46.284
    10:       27.000       18.000        5.000        0.000        0.000
    15:        0.000        0.000        0.000        0.000        0.000
    20:        0.000
D:
     0:       11.700        9.650       12.650       11.730        5.160
     5:        3.540       11.050        5.230       18.010       11.070
    10:      205.350      250.270
E:
     0:       19.000       11.000       26.000       27.000        6.000
     5:        6.000        2.000        4.000       22.000       24.000
    10:       12.000       13.000        8.000        5.000       17.000
    15:       18.000       14.000       10.000       19.000       11.000
    20:        6.000        6.000        6.000        6.000        6.000
    25:        6.000        6.000        6.000       23.000        6.000
    30:        6.000        6.000       23.000        2.000        4.000
    35:       22.000       24.000       12.000       13.000        8.000
    40:        5.000       17.000       18.000       14.000       10.000
    45:       21.000       22.000       19.000       11.000        2.000
    50:        4.000       22.000       24.000       12.000       13.000
    55:        8.000        5.000       17.000       18.000       14.000
    60:       10.000        6.000        6.000        6.000       19.000
    65:       11.000        6.000        6.000        6.000        6.000
    70:        6.000        6.000        6.000        6.000        6.000
    75:        6.000        6.000        6.000        6.000        6.000
    80:        6.000        6.000        6.000        6.000        2.000
    85:        4.000       22.000       24.000       12.000       13.000
    90:        8.000        5.000       17.000       18.000       14.000
    95:       10.000       19.000       11.000        6.000        6.000
   100:        6.000        6.000        6.000        6.000        6.000
   105:       23.000       23.000       23.000       23.000        6.000
   110:        6.000        6.000        6.000        6.000        6.000
   115:        6.000        6.000        6.000        6.000        6.000
   120:        6.000        6.000        6.000        6.000        6.000
   125:        6.000        6.000        6.000        6.000        6.000
   130:        6.000        6.000        6.000        6.000        6.000
   135:        6.000        6.000        6.000        6.000        6.000
   140:        6.000        6.000        6.000        6.000        6.000
   145:        6.000        6.000        6.000        6.000        6.000
   150:        6.000        6.000        6.000        6.000        6.000
   155:        6.000       23.000        6.000        6.000        6.000
   160:        6.000        6.000        2.000        4.000       22.000
   165:       24.000       12.000       13.000        8.000        5.000
   170:       17.000       18.000       14.000       10.000       19.000
   175:       11.000        6.000        6.000        2.000        4.000
   180:       22.000       24.000       12.000       13.000        8.000
   185:        5.000       17.000       21.000       22.000       21.000
   190:       22.000       21.000       22.000       18.000       14.000
   195:       10.000        6.000       19.000       11.000        6.000
   200:        2.000        4.000       22.000       24.000       12.000
   205:       13.000        8.000        5.000       17.000        6.000
   210:       18.000       14.000       10.000        6.000       19.000
   215:       11.000        6.000        6.000        6.000        6.000
   220:        6.000        6.000        6.000        6.000        6.000
   225:        6.000        6.000        6.000        6.000        6.000
   230:       23.000       23.000        6.000        6.000       23.000
   235:        6.000        6.000        6.000        6.000        6.000
   240:        6.000        6.000        6.000       23.000        2.000
   245:        4.000       22.000       24.000       12.000       13.000
   250:        8.000        5.000       17.000       18.000       14.000
   255:       10.000       19.000       11.000        6.000        6.000
   260:        6.000        6.000        6.000        6.000        6.000
   265:        6.000        6.000        6.000        6.000        6.000
   270:        6.000        6.000        6.000        6.000        6.000
   275:        6.000        6.000        6.000        6.000        6.000
   280:        6.000        6.000        6.000        6.000       23.000
   285:        6.000        6.000        6.000        6.000        6.000
   290:        6.000        6.000        6.000        6.000        6.000
   295:        6.000        6.000        6.000        6.000        6.000
   300:        6.000       23.000        6.000        6.000        6.000
   305:        6.000        6.000        6.000        6.000        6.000
   310:        6.000        6.000        6.000        6.000        6.000
   315:        6.000        6.000        6.000        6.000        6.000
   320:        6.000        6.000        6.000        6.000        6.000
   325:        6.000        6.000        6.000        6.000        6.000
   330:        6.000        6.000        6.000        6.000        6.000
   335:        6.000        6.000        6.000        6.000        6.000
   340:        6.000        6.000        6.000       23.000       23.000
   345:       23.000       23.000        6.000       23.000       30.000
   350:       24.000       12.000       13.000        8.000        5.000
   355:       17.000       18.000       14.000       10.000        6.000
   360:       19.000       11.000        6.000       30.000       24.000
   365:       12.000       13.000        8.000        5.000       17.000
   370:       18.000       14.000       10.000       19.000       11.000
   375:        6.000        6.000        6.000        6.000        6.000
   380:        6.000       30.000       24.000       12.000       13.000
   385:        8.000        5.000       17.000        2.000        4.000
   390:       22.000       12.000       18.000       14.000       10.000
   395:       21.000       22.000       30.000       12.000       13.000
   400:        8.000        5.000       17.000       19.000       11.000
   405:       18.000       14.000       10.000        2.000        4.000
   410:       22.000       24.000       12.000       13.000        8.000
   415:        5.000       17.000       21.000       22.000       21.000
   420:       22.000       18.000       14.000       10.000       21.000
   425:       22.000       19.000       11.000        2.000        4.000
   430:       22.000       24.000       12.000       13.000        8.000
   435:        5.000       17.000       21.000       22.000       21.000
   440:       22.000       21.000       22.000       18.000       14.000
   445:       10.000       21.000       22.000       21.000       22.000
   450:       19.000       11.000        2.000        4.000       22.000
   455:       24.000       12.000       13.000        8.000        5.000
   460:       17.000       18.000       14.000       10.000       19.000
   465:       11.000        6.000        6.000        6.000        6.000
   470:        6.000        6.000        6.000        6.000        6.000
   475:        6.000        6.000        6.000        2.000        4.000
   480:       22.000       24.000       12.000       13.000        8.000
   485:        5.000       17.000       21.000       22.000       18.000
   490:       14.000       10.000       19.000       11.000        6.000
   495:        6.000        6.000        6.000        6.000        6.000
   500:        6.000        6.000        6.000        6.000        6.000
   505:        6.000        6.000        6.000        6.000        6.000
   510:        6.000        6.000        6.000        6.000        6.000
   515:        6.000        6.000        6.000        6.000        6.000
   520:        6.000        6.000        6.000        6.000        6.000
   525:        6.000        6.000        6.000        6.000        6.000
   530:        6.000        6.000        6.000        6.000        6.000
   535:        6.000        6.000        6.000        6.000        6.000
   540:        6.000        6.000        6.000        6.000        6.000
   545:        6.000        6.000        6.000        6.000        6.000
   550:       25.000       24.000       12.000       13.000        8.000
   555:        5.000       17.000       18.000       14.000       10.000
   560:       19.000       11.000        6.000        6.000        6.000
   565:        6.000        6.000        6.000        6.000        6.000
   570:        6.000      100.000
T:
     0:        0.000        0.000        0.000        0.000        8.760
     5:        8.900       89.890       89.890       89.890       89.900
    10:       89.900       89.900       89.900       89.900       89.900
    15:       93.900       94.900       94.900       99.890       99.900
    20:      101.600      101.940      102.050      103.350      103.410
    25:      108.060      109.990      124.550      156.790      218.760
    30:      220.480      221.910      245.750      266.700      266.700
    35:      266.700      266.710      266.710      266.710      266.710
    40:      266.710      266.710      270.710      271.710      271.710
    45:      275.780      275.780      276.700      276.710      277.860
    50:      277.860      277.860      277.870      277.870      277.870
    55:      277.870      277.870      277.870      281.870      282.870
    60:      282.870      287.520      287.640      287.760      287.860
    65:      287.870      508.330      511.950      634.020      782.930
    70:      783.770      784.270      785.990      786.510      786.600
    75:      786.720      908.690     1009.590     1025.600     1029.050
    80:     1032.910     1033.160     1037.110     1073.850     1085.170
    85:     1085.170     1085.170     1085.180     1085.180     1085.180
    90:     1085.180     1085.180     1085.180     1089.180     1090.180
    95:     1090.180     1095.170     1095.180     1097.830     1177.110
   100:     1272.310     1272.430     1378.280     1632.170     1632.460
   105:     1637.770     1639.240     1641.750     1643.040     1653.810
   110:     1653.900     1654.260     1654.850     1659.290     1659.400
   115:     1659.480     1659.870     1659.910     1726.820     1736.190
   120:     1808.010     1982.480     1982.760     1993.730     2013.610
   125:     2210.600     2210.940     2393.060     2395.110     2396.650
   130:     2403.370     2414.020     2420.180     2420.420     2436.470
   135:     2640.880     2825.720     2908.070     2908.580     2908.660
   140:     2908.710     2908.880     2909.810     2910.080     2914.190
   145:     3187.220     3198.430     3198.620     3221.730     3223.470
   150:     3244.930     3254.940     3255.240     3269.420     3304.960
   155:     3315.000     3344.160     3363.520     3363.960     3365.520
   160:     3369.290     3400.590     3572.400     3572.400     3572.400
   165:     3572.410     3572.410     3572.410     3572.410     3572.410
   170:     3572.410     3576.410     3577.410     3577.410     3582.400
   175:     3582.410     3584.140     3586.460     3616.960     3616.960
   180:     3616.960     3616.970     3616.970     3616.970     3616.970
   185:     3616.970     3616.970     3618.350     3618.350     3618.870
   190:     3618.870     3619.440     3619.440     3620.970     3621.970
   195:     3621.970     3622.130     3626.960     3626.970     3630.900
   200:     3634.200     3634.200     3634.200     3634.210     3634.210
   205:     3634.210     3634.210     3634.210     3634.210     3637.750
   210:     3638.210     3639.210     3639.210     3641.390     3644.200
   215:     3644.210     3837.270     4270.690     4466.760     4467.060
   220:     4468.980     4469.170     4595.260     4598.900     4601.010
   225:     4602.000     4628.700     4629.170     4630.300     4728.500
   230:     4764.600     4766.440     4840.120     4863.550     4981.560
   235:     4998.150     4998.460     5000.520     5000.570     5000.690
   240:     5000.720     5001.140     5001.950     5008.640     5037.110
   245:     5037.110     5037.110     5037.120     5037.120     5037.120
   250:     5037.120     5037.120     5037.120     5041.120     5042.120
   255:     5042.120     5047.110     5047.120     5048.170     5062.010
   260:     5125.060     5163.020     5230.340     5421.870     5421.950
   265:     5436.390     5440.270     5440.830     5452.210     5513.010
   270:     5565.530     5566.510     5641.020     5642.000     5644.460
   275:     5646.090     5654.310     5654.560     5705.650     5706.220
   280:     5788.620     5789.400     5817.690     5818.110     5850.140
   285:     5861.190     5908.350     5932.260     5982.400     6023.680
   290:     6024.110     6052.840     6053.090     6077.770     6079.380
   295:     6384.290     6384.810     6403.430     6407.440     6407.560
   300:     6409.620     6415.530     6450.230     6450.320     6457.420
   305:     6473.800     6650.640     6675.680     6685.110     6685.900
   310:     6685.960     6686.000     6712.260     6716.890     6720.030
   315:     6748.280     6748.380     6748.750     6755.470     6756.450
   320:     6756.500     6764.140     6783.810     6788.670     6789.330
   325:     6803.620     6803.760     6845.020     6846.200     6847.680
   330:     6849.800     6850.030     6852.080     6855.070     6855.240
   335:     6855.500     6855.810     6855.880     6857.190     6867.200
   340:     6867.530     6867.800     6869.700     6948.050     6954.210
   345:     6960.210     6960.320     6995.310     7003.600     7014.380
   350:     7014.380     7014.380     7014.380     7014.380     7014.380
   355:     7014.380     7018.380     7019.380     7019.380     7019.610
   360:     7024.370     7024.380     7032.640     7047.290     7047.290
   365:     7047.290     7047.290     7047.290     7047.290     7047.290
   370:     7051.290     7052.290     7052.290     7057.280     7057.290
   375:     7065.300     7066.840     7066.910     7070.360     7070.620
   380:     7071.130     7130.840     7130.840     7130.840     7130.840
   385:     7130.840     7130.840     7130.840     7131.170     7131.170
   390:     7131.170     7131.180     7134.840     7135.840     7135.840
   395:     7136.150     7136.150     7137.660     7137.660     7137.660
   400:     7137.660     7137.660     7137.660     7140.830     7140.840
   405:     7141.660     7142.660     7142.660     7151.980     7151.980
   410:     7151.980     7151.990     7151.990     7151.990     7151.990
   415:     7151.990     7151.990     7154.330     7154.330     7155.770
   420:     7155.770     7155.990     7156.990     7156.990     7158.290
   425:     7158.290     7161.980     7161.990     7163.780     7163.780
   430:     7163.780     7163.790     7163.790     7163.790     7163.790
   435:     7163.790     7163.790     7164.310     7164.310     7164.580
   440:     7164.580     7167.380     7167.380     7167.790     7168.790
   445:     7168.790     7173.330     7173.330     7173.560     7173.560
   450:     7173.780     7173.790     7174.510     7174.510     7174.510
   455:     7174.520     7174.520     7174.520     7174.520     7174.520
   460:     7174.520     7178.520     7179.520     7179.520     7184.510
   465:     7184.520     7185.590     7185.670     7188.250     7188.530
   470:     7191.150     7192.090     7192.400     7198.380     7199.850
   475:     7200.510     7248.400     7251.200     7267.170     7267.170
   480:     7267.170     7267.180     7267.180     7267.180     7267.180
   485:     7267.180     7267.180     7268.570     7268.570     7271.180
   490:     7272.180     7272.180     7277.170     7277.180     7472.530
   495:     7477.290     7477.420     7477.840     7477.870     7528.640
   500:     7941.730     8035.940     8116.050     8156.810     8157.100
   505:     8208.820     8241.640     8244.690     8244.800     8245.740
   510:     8285.460     8309.290     8362.290     8362.660     8414.540
   515:     8418.620     8420.660     8420.900     8421.080     8445.950
   520:     8522.980     8676.190     8730.930     8735.300     8769.050
   525:     8777.830     8836.680     8908.690     8991.740     9064.120
   530:     9069.080     9087.430     9188.760     9196.110     9389.840
   535:     9390.940     9508.800     9509.250     9509.800     9510.280
   540:     9648.040     9678.230     9718.250     9818.800     9819.620
   545:     9968.630     9985.040    10021.200    10021.820    10187.340
   550:    10277.170    10277.180    10277.180    10277.180    10277.180
   555:    10277.180    10277.180    10281.180    10282.180    10282.180
   560:    10287.170    10287.180    10527.450    10527.680    10528.880
   565:    10591.540    10611.060    10691.190    10757.430    10758.860
   570:    10798.270    10800.010
