File: C:\MED-PC IV\DATA\!2025-05-30_12h53m.Subject T11



Start Date: 05/30/25
End Date: 05/30/25
Subject: T11
Experiment: OralFentSA
Group: One
Box: 5
Start Time: 12:53:10
End Time: 15:53:22
MSN: Golden_Liq_SelfAdmin
F:       0.000
G:    1722.000
H:   10800.010
I:       0.000
J:       0.000
K:       0.000
L:       0.000
M:       0.000
N:       0.000
O:       0.000
P:       0.000
Q:       0.000
R:       0.000
S:       0.000
U:       0.000
V:       0.000
W:       0.000
X:       0.000
Y:       0.000
Z:       0.000
A:
     0:        0.000        0.000      180.000        4.000        0.000
     5:        5.000        0.000        5.000        0.000        0.000
    10:        1.000        0.000       10.000  3000000.000       24.000
    15:       14.000      640.000        0.000        0.000        0.000
    20:        0.000
B:
     0:        0.000        0.000        0.000      400.000        0.000
     5:      500.000        0.000      500.000        0.000        0.000
    10:        0.000        0.000     1000.000 300000000.00        0.000
    15:        0.000        0.000        0.000        0.000        0.000
    20:        0.000
C:
     0:       20.000       21.000        0.000       25.000     1374.000
     5:    10458.930       34.190       20.000     1334.420       66.721
    10:       25.000       54.000        0.000        0.000        0.000
    15:        0.000        0.000        0.000        0.000        0.000
    20:        0.000
D:
     0:        3.610       14.400        4.210        6.810       27.420
     5:        3.020      152.530       17.580       18.570       15.430
    10:        7.670       14.170      691.310        3.610        1.660
    15:        6.560        6.160       29.160      276.350       34.190
E:
     0:       19.000       11.000       26.000       27.000        6.000
     5:        6.000        6.000        6.000        6.000        6.000
    10:        6.000        6.000        6.000        6.000        6.000
    15:       23.000       23.000        6.000        6.000        6.000
    20:        6.000        6.000       23.000        6.000        6.000
    25:        6.000       23.000        6.000        6.000        6.000
    30:        6.000        6.000       23.000        6.000        6.000
    35:        6.000        6.000        6.000        6.000        6.000
    40:        6.000        6.000       23.000       23.000       23.000
    45:        6.000        6.000        6.000        6.000        6.000
    50:        6.000        6.000        6.000        6.000        2.000
    55:        4.000       22.000       24.000       12.000       13.000
    60:        8.000        5.000       17.000        6.000       18.000
    65:       14.000       10.000        6.000        6.000       19.000
    70:       11.000        6.000        6.000        6.000        6.000
    75:        6.000        2.000        4.000       22.000       24.000
    80:       12.000       13.000        8.000        5.000       17.000
    85:       18.000       14.000       10.000       19.000       11.000
    90:        6.000        6.000        6.000        6.000        6.000
    95:        6.000        6.000        6.000        6.000        6.000
   100:        6.000        6.000        6.000        6.000        6.000
   105:       23.000       23.000       23.000       23.000        6.000
   110:        6.000        6.000        6.000        6.000        6.000
   115:        6.000        6.000        6.000        6.000        6.000
   120:        6.000        6.000        6.000        6.000        6.000
   125:        6.000        6.000        6.000        6.000        6.000
   130:        6.000        6.000        6.000        6.000        6.000
   135:        6.000        6.000        6.000        6.000        6.000
   140:        6.000        6.000        6.000        6.000        6.000
   145:        6.000        6.000        6.000        6.000        6.000
   150:        6.000        6.000        6.000        6.000        6.000
   155:        6.000       23.000       23.000       23.000       23.000
   160:       23.000       23.000       23.000       23.000        6.000
   165:       23.000        6.000        6.000        6.000        6.000
   170:        6.000        6.000        6.000        6.000        6.000
   175:        6.000        6.000        6.000        6.000        6.000
   180:        6.000        6.000        6.000        6.000        6.000
   185:        6.000        6.000        6.000        6.000        6.000
   190:        6.000        6.000        6.000        6.000        6.000
   195:        6.000        6.000        6.000        6.000        6.000
   200:        6.000        6.000        6.000        6.000        6.000
   205:        6.000        6.000        6.000       23.000       23.000
   210:       23.000        6.000        6.000        6.000        6.000
   215:        6.000        6.000        6.000        6.000        6.000
   220:        6.000        6.000        6.000        6.000        6.000
   225:        6.000        6.000        6.000        6.000        6.000
   230:        6.000        6.000        6.000        6.000        6.000
   235:        6.000        6.000        6.000        6.000        6.000
   240:        6.000        6.000        6.000        6.000        6.000
   245:        6.000        6.000        6.000        6.000        2.000
   250:        4.000       22.000       24.000       12.000       13.000
   255:        8.000        5.000       17.000       18.000        6.000
   260:       14.000       10.000       19.000       11.000        6.000
   265:        6.000        6.000        6.000        6.000        6.000
   270:        6.000        6.000        6.000        6.000        6.000
   275:        6.000        6.000        6.000        6.000        6.000
   280:        6.000        6.000        6.000       23.000       23.000
   285:       23.000       23.000        6.000        6.000        6.000
   290:        6.000        6.000        6.000        6.000        6.000
   295:        6.000        6.000        6.000        6.000        6.000
   300:        6.000        6.000        6.000        2.000        4.000
   305:       22.000       24.000       12.000       13.000        8.000
   310:        5.000       17.000       18.000       14.000       10.000
   315:        6.000       19.000       11.000        6.000        6.000
   320:        6.000        6.000        6.000        6.000        6.000
   325:        6.000        6.000        6.000        6.000        6.000
   330:        6.000        6.000        6.000        6.000        6.000
   335:        6.000        6.000        6.000        6.000        6.000
   340:        6.000        6.000        6.000        6.000        6.000
   345:        6.000        6.000        6.000        6.000        6.000
   350:        6.000        6.000        6.000        6.000        2.000
   355:        4.000       22.000       24.000       12.000       13.000
   360:        8.000        5.000       17.000       21.000       22.000
   365:       18.000       14.000       10.000       19.000       11.000
   370:        6.000        6.000        6.000        6.000        6.000
   375:        6.000        6.000        6.000        6.000        6.000
   380:        6.000        6.000        6.000        6.000        6.000
   385:        6.000        6.000        6.000        6.000        6.000
   390:        6.000        6.000        6.000        6.000        6.000
   395:        6.000        6.000        6.000        6.000        6.000
   400:        6.000        6.000        6.000        6.000        6.000
   405:        6.000        6.000        6.000        6.000        6.000
   410:        6.000        6.000        6.000        6.000        6.000
   415:        6.000        6.000        6.000        6.000        6.000
   420:        6.000        6.000        6.000        6.000        6.000
   425:        6.000        2.000        4.000       22.000       24.000
   430:       12.000       13.000        8.000        5.000       17.000
   435:        6.000        6.000        6.000        6.000       18.000
   440:       14.000       10.000       19.000       11.000        6.000
   445:        6.000        6.000        6.000        6.000        6.000
   450:        6.000        6.000        6.000        6.000        6.000
   455:        6.000        6.000        6.000        6.000        6.000
   460:        6.000        6.000        6.000        6.000        2.000
   465:        4.000       22.000       24.000       12.000       13.000
   470:        8.000        5.000       17.000       18.000       14.000
   475:       10.000       19.000       11.000       23.000        6.000
   480:        6.000        6.000        6.000        6.000        6.000
   485:        6.000        6.000        6.000        6.000        6.000
   490:        6.000        2.000        4.000       22.000       24.000
   495:       12.000       13.000        8.000        5.000       17.000
   500:       18.000       14.000       10.000       19.000       11.000
   505:        6.000        6.000        6.000        6.000        6.000
   510:        6.000        6.000        6.000        6.000        6.000
   515:        6.000        6.000        6.000        6.000        6.000
   520:        6.000        6.000        6.000        6.000        6.000
   525:        6.000        6.000        6.000        6.000        6.000
   530:        6.000        6.000        6.000        6.000        6.000
   535:        6.000        6.000        6.000        6.000        6.000
   540:        6.000        6.000        6.000        6.000        6.000
   545:        6.000        6.000        6.000        6.000        6.000
   550:        6.000        6.000        6.000        6.000        6.000
   555:        6.000        6.000        6.000        6.000        6.000
   560:        6.000        6.000        6.000        6.000        6.000
   565:        2.000        4.000       22.000       24.000       12.000
   570:       13.000        8.000        5.000       17.000       18.000
   575:       14.000       10.000       23.000       23.000       23.000
   580:       23.000       19.000       11.000        6.000        6.000
   585:        6.000        6.000        6.000        6.000        6.000
   590:        6.000        2.000        4.000       22.000       24.000
   595:       12.000       13.000        8.000        5.000       17.000
   600:       21.000       22.000       18.000       14.000       10.000
   605:       19.000       11.000        6.000        6.000        6.000
   610:        6.000        6.000        6.000        6.000        6.000
   615:        6.000        6.000        6.000        2.000        4.000
   620:       22.000       24.000       12.000       13.000        8.000
   625:        5.000       17.000       18.000       14.000       10.000
   630:        6.000        6.000       19.000       11.000        6.000
   635:        6.000        6.000        6.000        6.000        6.000
   640:        6.000        6.000        6.000        6.000        6.000
   645:        6.000        6.000        6.000        6.000        6.000
   650:        6.000        6.000        6.000        6.000        6.000
   655:        6.000        6.000        6.000        6.000        6.000
   660:        6.000        6.000        6.000        6.000        6.000
   665:        6.000        6.000        6.000        6.000        6.000
   670:        6.000        6.000        6.000        6.000        6.000
   675:        6.000        6.000        6.000        6.000        6.000
   680:        6.000        6.000        6.000        6.000        6.000
   685:        6.000        6.000        6.000        6.000        6.000
   690:        6.000        6.000        6.000        6.000        6.000
   695:        6.000        6.000        6.000        6.000        6.000
   700:        6.000        6.000        6.000        6.000        6.000
   705:        6.000        6.000        6.000        6.000        6.000
   710:        6.000        6.000        6.000        6.000        6.000
   715:        6.000        6.000        6.000        6.000        6.000
   720:        6.000        6.000        6.000        6.000        6.000
   725:        6.000        6.000        6.000        6.000        6.000
   730:        6.000        6.000       23.000        6.000        6.000
   735:        6.000        6.000        6.000        6.000        6.000
   740:        6.000        6.000        6.000        6.000        6.000
   745:        6.000        6.000        6.000        6.000        6.000
   750:        6.000        6.000        6.000        6.000        6.000
   755:        6.000        6.000        6.000        6.000        6.000
   760:        6.000        6.000        6.000        6.000        6.000
   765:        6.000        6.000        6.000        6.000        6.000
   770:        6.000        6.000        6.000        6.000        6.000
   775:        6.000        6.000        6.000        6.000        6.000
   780:        6.000        6.000        6.000        6.000        6.000
   785:        6.000        6.000        6.000        6.000        6.000
   790:        6.000        6.000        6.000        6.000        6.000
   795:        6.000        6.000        6.000        6.000        6.000
   800:        6.000        6.000        6.000        6.000        6.000
   805:        6.000        6.000        6.000        6.000        6.000
   810:        6.000        6.000        6.000        6.000        6.000
   815:        6.000        6.000        6.000        6.000        6.000
   820:       23.000        6.000        6.000        6.000        6.000
   825:        6.000        6.000        6.000        6.000        6.000
   830:        6.000        6.000        6.000        6.000        6.000
   835:        2.000        4.000       22.000       24.000       12.000
   840:       13.000        8.000        5.000       17.000       21.000
   845:       22.000       18.000       14.000       10.000       19.000
   850:       11.000        6.000        6.000        6.000        6.000
   855:        6.000        6.000        6.000        6.000        6.000
   860:        6.000        6.000        6.000        6.000        6.000
   865:        6.000        6.000        6.000        6.000        6.000
   870:        6.000        6.000        6.000        6.000        6.000
   875:        6.000        6.000        6.000        6.000        6.000
   880:        6.000        6.000        6.000        6.000        6.000
   885:        6.000        6.000        6.000        6.000        6.000
   890:        6.000        6.000        6.000        6.000        6.000
   895:        6.000        6.000        6.000        6.000        6.000
   900:        6.000        6.000        6.000        6.000        6.000
   905:        6.000        6.000        6.000        6.000        6.000
   910:        6.000        6.000        6.000        6.000        6.000
   915:        6.000        6.000        6.000        6.000        6.000
   920:        6.000        6.000        6.000        6.000        6.000
   925:        6.000        6.000        6.000        6.000        6.000
   930:        6.000        6.000        6.000        6.000        6.000
   935:        6.000        6.000        6.000        6.000        6.000
   940:        6.000        6.000        2.000        4.000       22.000
   945:       24.000       12.000       13.000        8.000        5.000
   950:       17.000       18.000       14.000       10.000       19.000
   955:       11.000       23.000       23.000       23.000       23.000
   960:       23.000        6.000        6.000        6.000        6.000
   965:        6.000        6.000        6.000       23.000       23.000
   970:        6.000        6.000        6.000        6.000        6.000
   975:        6.000        6.000        6.000        6.000        6.000
   980:        6.000        6.000        6.000        6.000        6.000
   985:        6.000        6.000        6.000        6.000        6.000
   990:        6.000        6.000        6.000        6.000        6.000
   995:        6.000        6.000        6.000        6.000        6.000
  1000:        6.000        6.000        6.000        6.000        6.000
  1005:        6.000        6.000        6.000        6.000        6.000
  1010:        6.000        6.000        6.000        6.000        6.000
  1015:        6.000        6.000        6.000        6.000        6.000
  1020:        6.000        6.000        6.000        6.000        6.000
  1025:        6.000        6.000        6.000        6.000       23.000
  1030:       23.000        6.000        6.000        6.000        6.000
  1035:        6.000        6.000        6.000        6.000        6.000
  1040:        6.000        6.000        2.000        4.000       22.000
  1045:       24.000       12.000       13.000        8.000        5.000
  1050:       17.000        6.000        6.000       18.000       14.000
  1055:       10.000        6.000        6.000        6.000        6.000
  1060:       19.000       11.000        6.000        6.000        6.000
  1065:        6.000        6.000        6.000        6.000        6.000
  1070:        6.000        6.000        6.000        6.000        6.000
  1075:        6.000        6.000        6.000        6.000        6.000
  1080:        6.000        6.000        6.000        6.000        6.000
  1085:        6.000        6.000        6.000        6.000       23.000
  1090:       23.000        6.000        6.000        6.000        6.000
  1095:        6.000        6.000        6.000        6.000        6.000
  1100:        6.000        6.000        6.000        6.000        6.000
  1105:        6.000        6.000        6.000        6.000        6.000
  1110:        6.000        6.000        6.000        6.000        6.000
  1115:        6.000        6.000        6.000        6.000        6.000
  1120:        6.000        6.000        6.000        6.000        6.000
  1125:        6.000        6.000        6.000        6.000        6.000
  1130:        6.000        6.000        6.000        6.000        6.000
  1135:        6.000        6.000        6.000        6.000        6.000
  1140:        6.000        6.000        6.000        6.000        6.000
  1145:        6.000        6.000        6.000        6.000        6.000
  1150:        6.000        6.000        6.000        6.000        6.000
  1155:        6.000        6.000        6.000        6.000        6.000
  1160:        6.000        6.000        6.000        6.000        6.000
  1165:        6.000        6.000        6.000        6.000        6.000
  1170:        6.000        6.000       23.000       23.000        6.000
  1175:        6.000        6.000        6.000        6.000        6.000
  1180:        6.000        6.000        6.000        6.000        6.000
  1185:        6.000        6.000        6.000        2.000        4.000
  1190:       22.000       24.000       12.000       13.000        8.000
  1195:        5.000       17.000        6.000        6.000        6.000
  1200:        6.000        6.000       18.000       14.000       10.000
  1205:       19.000       11.000        6.000        6.000        6.000
  1210:        6.000        6.000        6.000        6.000        6.000
  1215:        6.000        6.000        6.000        6.000        6.000
  1220:        6.000        6.000        6.000        6.000        6.000
  1225:        6.000        6.000        6.000        6.000        6.000
  1230:        6.000        6.000        6.000        6.000       23.000
  1235:       23.000       23.000        6.000        6.000        6.000
  1240:        6.000        6.000        6.000        6.000        6.000
  1245:        6.000        6.000        6.000        6.000        6.000
  1250:        6.000        6.000        6.000        6.000        6.000
  1255:        6.000        6.000        6.000        6.000        6.000
  1260:        6.000        6.000        6.000        6.000        6.000
  1265:        6.000        6.000        6.000        6.000        6.000
  1270:        6.000        6.000        6.000        6.000        6.000
  1275:        6.000        6.000        6.000        6.000        6.000
  1280:        6.000        6.000        6.000        6.000        6.000
  1285:        6.000        6.000        6.000        6.000        6.000
  1290:        6.000        6.000        6.000        6.000        6.000
  1295:        6.000        6.000        6.000        6.000        6.000
  1300:        6.000        6.000        6.000        6.000        6.000
  1305:        6.000        6.000        6.000        6.000        6.000
  1310:        6.000        6.000        6.000        6.000        6.000
  1315:        6.000        6.000        6.000        6.000        6.000
  1320:        6.000        6.000        6.000        6.000        6.000
  1325:        6.000        6.000        6.000        6.000        6.000
  1330:        6.000        6.000        6.000        6.000        6.000
  1335:        6.000        6.000        2.000        4.000       22.000
  1340:       24.000       12.000       13.000        8.000        5.000
  1345:       17.000       18.000       14.000       10.000        6.000
  1350:        6.000        6.000        6.000        6.000       19.000
  1355:       11.000        6.000        6.000        6.000        6.000
  1360:        6.000        6.000        6.000        6.000        6.000
  1365:        6.000        6.000        6.000        6.000        6.000
  1370:        6.000        6.000        6.000        6.000        6.000
  1375:        6.000        6.000        6.000        6.000        6.000
  1380:        6.000        6.000        6.000        6.000        6.000
  1385:        6.000       23.000        6.000        6.000        6.000
  1390:        6.000        6.000        6.000        6.000        6.000
  1395:        6.000        6.000        6.000        6.000        6.000
  1400:        6.000        6.000        6.000        6.000        6.000
  1405:        6.000        6.000        6.000        6.000        6.000
  1410:        6.000        6.000        2.000        4.000       22.000
  1415:       24.000       12.000       13.000        8.000        5.000
  1420:       17.000       21.000       22.000       21.000       22.000
  1425:       18.000       14.000       10.000        6.000       19.000
  1430:       11.000        2.000        4.000       22.000       24.000
  1435:       12.000       13.000        8.000        5.000       17.000
  1440:       18.000       14.000       10.000       19.000       11.000
  1445:        6.000        6.000        6.000        6.000        6.000
  1450:        6.000        6.000        6.000        6.000        6.000
  1455:        6.000        6.000        6.000        6.000       23.000
  1460:       23.000        6.000        6.000        6.000        6.000
  1465:        6.000        6.000        2.000        4.000       22.000
  1470:       24.000       12.000       13.000        8.000        5.000
  1475:       17.000       18.000       14.000       10.000       19.000
  1480:       11.000        6.000        6.000        6.000        6.000
  1485:        6.000        6.000        6.000        6.000        6.000
  1490:        6.000        6.000        6.000        6.000        6.000
  1495:        6.000        6.000        6.000        6.000        6.000
  1500:        6.000        6.000        6.000        6.000        6.000
  1505:        6.000        6.000        6.000        6.000        6.000
  1510:        6.000        6.000        6.000        6.000        6.000
  1515:        6.000        6.000        6.000        6.000        6.000
  1520:        6.000        6.000        6.000        6.000        6.000
  1525:        6.000        6.000        6.000        6.000        6.000
  1530:        6.000        6.000        6.000        6.000        6.000
  1535:        6.000        6.000        6.000        6.000        6.000
  1540:        6.000        6.000        6.000        6.000        6.000
  1545:        6.000        6.000        6.000        6.000        6.000
  1550:        6.000        6.000        6.000        6.000        6.000
  1555:        6.000        6.000        6.000        6.000        6.000
  1560:        6.000        6.000        6.000        6.000        6.000
  1565:        6.000        6.000        6.000        6.000        6.000
  1570:        6.000        6.000        6.000        6.000        6.000
  1575:        6.000        6.000        6.000        6.000        6.000
  1580:        6.000        6.000        6.000        6.000        6.000
  1585:        6.000        6.000        6.000        6.000        6.000
  1590:        6.000        6.000        6.000        6.000        6.000
  1595:        6.000        6.000        6.000        6.000        6.000
  1600:        6.000        6.000        6.000        6.000        6.000
  1605:        6.000        6.000        6.000        6.000        6.000
  1610:        6.000        6.000        6.000        6.000        6.000
  1615:        6.000        6.000        6.000        6.000        6.000
  1620:        6.000        6.000        6.000        6.000        6.000
  1625:        6.000        6.000        6.000        6.000        6.000
  1630:        6.000        6.000        6.000        6.000        6.000
  1635:        6.000        6.000        6.000        6.000        6.000
  1640:        6.000        6.000        6.000        6.000        6.000
  1645:        6.000        6.000        6.000        6.000        6.000
  1650:        6.000        6.000        6.000        6.000        6.000
  1655:        6.000        6.000        6.000        6.000        6.000
  1660:        6.000        2.000        4.000       22.000       24.000
  1665:       12.000       13.000        8.000        5.000       17.000
  1670:       18.000       14.000       10.000       19.000       11.000
  1675:        6.000        6.000        6.000        6.000        6.000
  1680:        6.000        6.000        6.000        6.000        6.000
  1685:        6.000        6.000        6.000        6.000        6.000
  1690:        6.000        6.000        6.000        6.000        6.000
  1695:        6.000        6.000        6.000        6.000        6.000
  1700:        6.000        6.000        6.000        6.000        6.000
  1705:        6.000        6.000        6.000        6.000        6.000
  1710:        6.000        6.000        6.000        6.000        6.000
  1715:        6.000        6.000        6.000        6.000        6.000
  1720:        6.000        6.000      100.000
T:
     0:        0.000        0.000        0.000        0.000        1.450
     5:        1.500        2.760        5.170       15.770       17.900
    10:       19.720       19.800       20.530       20.640       30.760
    15:       40.370       41.100       45.600       46.590       78.800
    20:       94.690       94.780      129.170      138.980      139.620
    25:      140.340      205.720      250.260      253.960      254.920
    30:      255.160      255.730      326.240      330.240      370.190
    35:      371.050      468.660      477.520      478.540      480.420
    40:      481.580      533.710      539.330      540.420      543.650
    45:      550.020      550.480      550.970      555.740      557.520
    50:      558.440      559.050      562.490      562.860      567.440
    55:      567.440      567.440      567.450      567.450      567.450
    60:      567.450      567.450      567.450      571.060      571.450
    65:      572.450      572.450      573.820      576.000      577.440
    70:      577.450      581.020      581.350      590.790      603.730
    75:      604.880      609.010      609.010      609.010      609.020
    80:      609.020      609.020      609.020      609.020      609.020
    85:      613.020      614.020      614.020      619.010      619.020
    90:      623.420      625.070      641.010      641.480      641.770
    95:      645.000      645.840      649.490      670.130      722.780
   100:      736.930      737.650      807.830      850.090      872.240
   105:      885.610      985.670      986.370      986.560      989.800
   110:     1009.460     1010.540     1059.830     1258.680     1288.730
   115:     1290.130     1290.160     1290.310     1291.940     1292.130
   120:     1299.210     1300.030     1300.060     1300.420     1305.790
   125:     1306.300     1307.570     1307.630     1307.680     1307.810
   130:     1307.920     1307.940     1308.280     1313.810     1315.090
   135:     1315.370     1315.410     1316.290     1318.720     1318.750
   140:     1325.590     1326.090     1327.880     1328.870     1331.320
   145:     1331.670     1331.990     1332.170     1332.500     1334.100
   150:     1334.830     1335.030     1335.440     1335.540     1335.660
   155:     1335.710     1345.010     1345.370     1349.070     1350.120
   160:     1350.730     1351.070     1352.160     1354.820     1360.560
   165:     1376.950     1380.460     1383.860     1393.050     1393.430
   170:     1393.720     1393.860     1396.180     1396.230     1396.510
   175:     1396.680     1396.720     1396.740     1396.930     1397.050
   180:     1402.560     1427.110     1455.790     1457.680     1458.650
   185:     1460.310     1492.070     1492.240     1492.610     1492.730
   190:     1494.100     1561.340     1604.690     1665.560     1665.630
   195:     1665.650     1667.420     1686.450     1687.620     1687.730
   200:     1724.710     1724.770     2217.080     2218.100     2218.370
   205:     2219.210     2293.640     2356.290     2363.100     2365.750
   210:     2366.500     2374.320     2374.440     2386.150     2386.470
   215:     2400.800     2401.940     2427.500     2430.100     2430.360
   220:     2430.490     2433.200     2433.590     2433.960     2435.880
   225:     2435.940     2436.140     2436.430     2436.530     2437.000
   230:     2437.050     2437.070     2437.100     2437.170     2437.670
   235:     2438.820     2439.410     2439.790     2529.330     2530.030
   240:     2530.770     2530.880     2535.390     2535.740     2537.230
   245:     2540.250     2540.600     2544.560     2544.660     2556.030
   250:     2556.030     2556.030     2556.040     2556.040     2556.040
   255:     2556.040     2556.040     2556.040     2560.040     2560.250
   260:     2561.040     2561.040     2566.030     2566.040     2633.880
   265:     2711.720     2711.790     2719.650     2732.010     2737.840
   270:     2737.980     2740.700     2740.760     2741.010     2742.200
   275:     2742.240     2742.450     2742.540     2742.620     2743.670
   280:     2743.840     2743.940     2762.580     2820.210     2849.460
   285:     2850.060     2850.490     2897.180     2897.370     2906.810
   290:     2906.890     2906.940     2909.770     2909.800     2912.100
   295:     2912.870     2915.010     2915.140     2915.560     2929.080
   300:     2931.940     2932.020     2934.130     2939.110     2939.110
   305:     2939.110     2939.120     2939.120     2939.120     2939.120
   310:     2939.120     2939.120     2943.120     2944.120     2944.120
   315:     2945.930     2949.110     2949.120     2950.160     2952.410
   320:     2955.060     2955.420     2956.680     2957.900     2958.010
   325:     2958.130     2958.910     2959.470     2959.570     2961.340
   330:     2961.680     2961.800     2961.840     2961.850     2963.770
   335:     2963.830     2964.290     2964.390     2964.540     2969.160
   340:     3101.070     3113.340     3145.070     3145.400     3145.600
   345:     3145.660     3146.630     3146.750     3146.860     3147.080
   350:     3147.320     3147.430     3206.990     3235.090     3240.210
   355:     3240.210     3240.210     3240.220     3240.220     3240.220
   360:     3240.220     3240.220     3240.220     3242.280     3242.280
   365:     3244.220     3245.220     3245.220     3250.210     3250.220
   370:     3267.640     3269.150     3275.980     3278.960     3287.990
   375:     3288.090     3291.960     3292.210     3292.750     3293.050
   380:     3293.190     3293.240     3311.370     3313.110     3313.530
   385:     3316.480     3318.700     3319.230     3320.810     3321.080
   390:     3323.450     3323.890     3325.980     3326.020     3326.480
   395:     3326.830     3327.020     3327.030     3327.750     3340.580
   400:     3341.190     3349.760     3364.150     3364.590     3559.400
   405:     3571.600     3571.810     3572.550     3572.620     3572.680
   410:     3572.720     3572.850     3595.900     3669.280     3673.410
   415:     3697.880     3713.910     3742.520     3743.390     3743.460
   420:     3743.960     3744.110     3744.220     3768.300     3820.540
   425:     3826.200     3830.380     3830.380     3830.380     3830.390
   430:     3830.390     3830.390     3830.390     3830.390     3830.390
   435:     3833.410     3833.820     3833.870     3833.920     3834.390
   440:     3835.390     3835.390     3840.380     3840.390     3840.630
   445:     3850.590     3852.480     3852.520     3905.820     3906.120
   450:     3906.540     3906.610     3906.720     3906.800     3974.240
   455:     3975.760     3976.490     3976.790     3988.610     3988.650
   460:     3988.700     3988.720     3988.860     3989.050     4079.120
   465:     4079.120     4079.120     4079.130     4079.130     4079.130
   470:     4079.130     4079.130     4079.130     4083.130     4084.130
   475:     4084.130     4089.120     4089.130     4127.410     4231.660
   480:     4231.830     4231.840     4232.410     4303.660     4389.680
   485:     4389.790     4389.880     4395.320     4397.100     4397.190
   490:     4397.480     4400.400     4400.400     4400.400     4400.410
   495:     4400.410     4400.410     4400.410     4400.410     4400.410
   500:     4404.410     4405.410     4405.410     4410.400     4410.410
   505:     4417.990     4437.250     4460.290     4460.330     4480.610
   510:     4512.310     4512.820     4513.180     4514.270     4514.510
   515:     4514.560     4514.630     4514.670     4514.730     4515.720
   520:     4515.830     4518.160     4518.250     4519.880     4520.230
   525:     4520.290     4520.400     4520.440     4520.600     4520.740
   530:     4520.810     4520.830     4520.860     4520.900     4524.450
   535:     4525.130     4525.380     4525.420     4525.460     4525.470
   540:     4525.520     4525.980     4526.000     4528.200     4528.360
   545:     4528.400     4529.180     4530.520     4530.810     4555.840
   550:     4558.630     4571.280     4571.330     4575.220     4575.280
   555:     4575.360     4575.860     4576.060     4576.460     4576.560
   560:     4578.940     4578.990     4580.440     4580.640     4583.790
   565:     4588.340     4588.340     4588.340     4588.350     4588.350
   570:     4588.350     4588.350     4588.350     4588.350     4592.350
   575:     4593.350     4593.350     4594.990     4596.100     4596.270
   580:     4597.220     4598.340     4598.350     4606.920     4616.930
   585:     4617.340     4617.400     4617.470     4618.470     4618.520
   590:     4665.680     4668.770     4668.770     4668.770     4668.780
   595:     4668.780     4668.780     4668.780     4668.780     4668.780
   600:     4668.820     4668.820     4672.780     4673.780     4673.780
   605:     4678.770     4678.780     4684.210     4684.240     4684.340
   610:     4684.430     4684.540     4684.590     4684.650     4684.700
   615:     4686.510     4686.670     4686.810     4695.110     4695.110
   620:     4695.110     4695.120     4695.120     4695.120     4695.120
   625:     4695.120     4695.120     4699.120     4700.120     4700.120
   630:     4702.790     4703.160     4705.110     4705.120     4730.490
   635:     4730.520     4820.960     4821.190     4821.240     4821.400
   640:     4821.590     4821.800     4822.010     4822.270     4822.570
   645:     4822.590     4822.680     4822.740     4823.120     4823.360
   650:     4825.160     4825.930     4826.360     4846.010     4846.130
   655:     4846.150     4847.790     4847.930     4847.960     4852.500
   660:     4859.680     4863.670     4863.740     4865.090     4865.580
   665:     4866.690     4867.780     4868.030     4868.100     4868.600
   670:     4869.020     4869.410     4869.450     4870.940     4872.390
   675:     4873.870     4875.820     4875.970     4876.130     4876.330
   680:     4876.800     4877.260     4879.690     4880.390     4880.910
   685:     4881.830     4881.960     4882.250     4882.990     4883.830
   690:     4884.140     4884.370     4884.860     4885.060     4886.440
   695:     4887.460     4887.640     4887.820     4887.840     4887.870
   700:     4888.560     4891.640     4892.040     4892.180     4892.210
   705:     4892.240     4892.310     4892.440     4892.550     4892.690
   710:     4892.720     4893.310     4893.620     4893.660     4893.740
   715:     4893.870     4927.800     4928.180     4928.270     4928.410
   720:     4928.770     4929.010     4929.350     4929.470     4929.580
   725:     4929.670     4929.700     5293.790     5313.500     5315.520
   730:     5416.560     5417.750     5538.230     5542.920     5543.070
   735:     5554.320     5554.540     5555.680     5555.960     5556.200
   740:     5556.700     5613.040     5613.250     5614.580     5616.200
   745:     5616.310     5617.860     5618.210     5618.830     5619.050
   750:     5619.370     5620.860     5621.850     5622.440     5624.860
   755:     5627.220     5627.480     5627.570     5627.600     5628.010
   760:     5628.350     5628.540     5629.510     5629.620     5630.760
   765:     5665.320     5671.810     5671.900     5672.010     5672.130
   770:     5672.220     5672.490     5672.590     5679.170     5705.490
   775:     5723.520     5776.020     5812.250     5812.670     5820.390
   780:     5840.730     5989.440     6000.570     6000.960     6001.150
   785:     6008.450     6008.490     6008.620     6015.790     6015.870
   790:     6016.530     6018.050     6023.710     6023.750     6023.810
   795:     6023.820     6024.120     6033.100     6033.850     6058.700
   800:     6060.120     6060.190     6060.300     6060.630     6064.990
   805:     6065.340     6088.310     6090.870     6091.030     6091.600
   810:     6091.960     6092.130     6094.920     6095.400     6095.630
   815:     6095.670     6105.820     6106.950     6107.050     6109.240
   820:     6113.650     6131.990     6132.110     6132.240     6177.470
   825:     6177.990     6197.300     6224.980     6233.020     6233.210
   830:     6235.070     6235.530     6235.700     6239.430     6247.260
   835:     6249.310     6249.310     6249.310     6249.320     6249.320
   840:     6249.320     6249.320     6249.320     6249.320     6250.060
   845:     6250.060     6253.320     6254.320     6254.320     6259.310
   850:     6259.320     6263.490     6265.660     6273.130     6273.660
   855:     6273.840     6274.000     6274.140     6274.780     6291.970
   860:     6292.840     6293.350     6295.410     6295.920     6296.020
   865:     6299.200     6299.670     6299.980     6300.220     6301.370
   870:     6301.630     6302.920     6304.810     6305.180     6306.810
   875:     6312.030     6364.930     6512.050     6512.720     6515.720
   880:     6516.170     6516.320     6519.260     6536.790     6539.860
   885:     6566.410     6566.610     6566.640     6567.130     6567.290
   890:     6572.290     6572.560     6573.620     6573.730     6574.650
   895:     6575.010     6575.510     6575.790     6575.860     6576.600
   900:     6576.770     6577.340     6578.370     6579.490     6579.890
   905:     6580.460     6581.120     6581.210     6581.290     6581.320
   910:     6581.460     6584.650     6584.850     6584.920     6585.190
   915:     6585.710     6586.080     6586.270     6587.250     6587.550
   920:     6588.440     6589.160     6589.300     6592.410     6592.630
   925:     6593.150     6595.050     6595.550     6597.230     6597.580
   930:     6598.420     6598.510     6598.830     6605.320     6611.310
   935:     6611.850     6614.350     6618.360     6622.230     6622.400
   940:     6622.440     6625.430     6632.610     6632.610     6632.610
   945:     6632.620     6632.620     6632.620     6632.620     6632.620
   950:     6632.620     6636.620     6637.620     6637.620     6642.610
   955:     6642.620     6645.910     6646.320     6646.400     6646.810
   960:     6647.210     7323.930     7323.990     7324.060     7324.100
   965:     7324.140     7324.210     7340.700     7365.060     7365.140
   970:     7415.950     7417.420     7417.480     7417.510     7447.560
   975:     7449.230     7450.760     7450.860     7450.960     7451.140
   980:     7451.600     7451.690     7467.540     7467.880     7469.190
   985:     7469.290     7469.530     7469.680     7569.220     7575.230
   990:     7575.310     7575.460     7575.660     7584.370     7588.010
   995:     7588.600     7593.930     7593.990     7597.590     7604.370
  1000:     7604.450     7610.430     7610.500     7610.750     7610.790
  1005:     7610.830     7610.890     7611.020     7612.210     7613.230
  1010:     7613.290     7621.550     7621.800     7622.630     7623.370
  1015:     7623.820     7623.850     7623.960     7624.990     7625.790
  1020:     7625.830     7626.120     7626.230     7626.950     7627.070
  1025:     7627.090     7627.140     7654.400     7654.510     7665.150
  1030:     7665.240     7672.470     7672.510     7672.620     7674.740
  1035:     7674.850     7674.950     7675.190     7675.280     7685.400
  1040:     7686.720     7686.880     7715.880     7715.880     7715.880
  1045:     7715.890     7715.890     7715.890     7715.890     7715.890
  1050:     7715.890     7719.500     7719.780     7719.890     7720.890
  1055:     7720.890     7721.370     7721.400     7725.380     7725.750
  1060:     7725.880     7725.890     7726.700     7813.450     7814.830
  1065:     7815.120     7815.230     7815.460     7815.540     7866.310
  1070:     7867.680     7868.390     7868.520     7908.680     7908.720
  1075:     7908.780     7908.830     7908.890     7908.930     7909.620
  1080:     7933.000     7933.440     7933.530     7933.650     7933.760
  1085:     7933.880     7934.050     7934.100     7934.180     7937.220
  1090:     7963.620     8019.790     8019.850     8020.480     8025.190
  1095:     8029.930     8030.500     8030.760     8030.940     8037.830
  1100:     8038.530     8039.740     8043.880     8047.480     8047.590
  1105:     8051.370     8051.620     8059.450     8059.740     8059.880
  1110:     8059.980     8060.160     8060.340     8060.440     8060.550
  1115:     8060.670     8060.910     8064.730     8068.310     8068.720
  1120:     8068.850     8084.620     8084.780     8111.470     8111.570
  1125:     8144.880     8150.030     8150.130     8150.230     8151.210
  1130:     8155.490     8155.590     8155.840     8156.140     8156.720
  1135:     8156.890     8157.500     8157.520     8158.270     8161.700
  1140:     8161.940     8162.010     8162.280     8162.800     8164.820
  1145:     8165.050     8165.070     8166.440     8166.560     8166.670
  1150:     8166.740     8169.270     8169.400     8169.460     8169.530
  1155:     8169.540     8170.600     8171.090     8171.180     8171.300
  1160:     8171.430     8172.170     8172.670     8174.040     8174.400
  1165:     8174.460     8174.500     8176.370     8185.940     8186.030
  1170:     8187.170     8187.270     8196.800     8198.530     8218.720
  1175:     8218.800     8222.680     8224.200     8224.940     8226.640
  1180:     8226.880     8228.190     8228.320     8229.350     8229.470
  1185:     8229.610     8229.840     8231.970     8236.340     8236.340
  1190:     8236.340     8236.350     8236.350     8236.350     8236.350
  1195:     8236.350     8236.350     8238.010     8238.840     8238.870
  1200:     8239.190     8239.480     8240.350     8241.350     8241.350
  1205:     8246.340     8246.350     8256.200     8267.600     8267.630
  1210:     8267.710     8271.280     8271.640     8271.990     8272.200
  1215:     8272.370     8272.470     8283.520     8311.670     8312.070
  1220:     8343.430     8343.490     8344.530     8360.980     8361.030
  1225:     8363.070     8363.150     8385.800     8386.960     8386.990
  1230:     8442.490     8448.410     8448.500     8448.620     8461.820
  1235:     8464.140     8465.610     8468.290     8469.250     8470.070
  1240:     8470.190     8470.260     8473.950     8474.310     8474.750
  1245:     8474.860     8474.990     8475.100     8475.230     8475.490
  1250:     8547.280     8547.310     8548.310     8549.020     8551.710
  1255:     8573.940     8574.410     8589.380     8589.520     8589.580
  1260:     8589.680     8591.070     8591.270     8591.320     8644.380
  1265:     8644.670     8645.810     8646.810     8646.950     8647.000
  1270:     8647.400     8648.460     8649.780     8651.340     8651.540
  1275:     8651.890     8652.780     8652.790     8652.820     8653.460
  1280:     8653.990     8654.140     8654.220     8654.330     8654.460
  1285:     8654.530     8655.640     8655.700     8656.160     8656.410
  1290:     8659.000     8659.100     8660.300     8660.520     8660.540
  1295:     8669.210     8671.940     8671.990     8672.040     8672.280
  1300:     8673.500     8673.800     8674.220     8689.920     8712.350
  1305:     8748.500     8748.520     8748.570     8748.620     8749.270
  1310:     8751.310     8813.040     8821.720     8821.790     8821.880
  1315:     8821.950     8822.060     8822.180     8822.260     8822.350
  1320:     8822.470     8822.670     8822.690     8822.830     8823.840
  1325:     8931.690     8933.120     8933.690     8933.770     8933.880
  1330:     8945.160     8948.910     8960.430     8960.640     8960.710
  1335:     8960.970     8961.130     8964.950     8964.950     8964.950
  1340:     8964.960     8964.960     8964.960     8964.960     8964.960
  1345:     8964.960     8968.960     8969.960     8969.960     8971.520
  1350:     8972.660     8972.970     8973.000     8973.260     8974.950
  1355:     8974.960     9011.970     9013.480     9013.760     9013.770
  1360:     9014.760     9014.970     9015.070     9015.290     9015.390
  1365:     9020.970     9020.980     9021.600     9022.030     9022.680
  1370:     9022.900     9023.100     9023.260     9026.530     9026.800
  1375:     9027.010     9027.110     9027.170     9034.930     9035.800
  1380:     9035.830     9048.600     9048.800     9048.870     9048.910
  1385:     9050.040     9054.800     9058.800     9135.960     9136.030
  1390:     9136.570     9136.600     9136.930     9137.440     9143.520
  1395:     9153.920     9154.170     9161.670     9161.690     9162.170
  1400:     9162.270     9162.380     9162.500     9162.600     9164.080
  1405:     9166.600     9166.960     9167.410     9167.490     9167.690
  1410:     9167.790     9168.260     9171.440     9171.440     9171.440
  1415:     9171.450     9171.450     9171.450     9171.450     9171.450
  1420:     9171.450     9172.230     9172.230     9172.310     9172.310
  1425:     9175.450     9176.450     9176.450     9177.610     9181.440
  1430:     9181.450     9182.980     9182.980     9182.980     9182.990
  1435:     9182.990     9182.990     9182.990     9182.990     9182.990
  1440:     9186.990     9187.990     9187.990     9192.980     9192.990
  1445:     9212.150     9212.330     9212.430     9212.570     9212.630
  1450:     9213.170     9234.380     9234.460     9234.480     9234.550
  1455:     9234.690     9237.530     9245.110     9245.230     9309.870
  1460:     9309.930     9335.390     9336.980     9337.410     9337.500
  1465:     9338.680     9338.690     9341.450     9341.450     9341.450
  1470:     9341.460     9341.460     9341.460     9341.460     9341.460
  1475:     9341.460     9345.460     9346.460     9346.460     9351.450
  1480:     9351.460     9617.810     9621.000     9654.430     9696.210
  1485:     9696.280     9696.340     9731.620     9746.510     9750.340
  1490:     9750.570     9751.140     9751.410     9785.720     9785.830
  1495:     9788.090     9788.700     9788.780     9788.870     9901.120
  1500:     9901.140     9901.760     9901.840     9906.600     9910.660
  1505:     9910.770     9912.160     9913.220     9913.430     9913.480
  1510:     9914.780     9915.350     9917.410     9918.420     9918.670
  1515:     9918.700     9919.270     9919.500     9919.570     9921.480
  1520:     9921.870     9922.260     9922.680     9922.960     9923.090
  1525:     9925.730     9925.780     9925.860     9926.000     9926.260
  1530:     9927.150     9927.600     9927.830     9928.030     9928.070
  1535:     9929.370     9929.780     9929.850     9931.020     9935.190
  1540:     9935.320     9935.370     9935.530     9935.630     9935.770
  1545:     9936.040     9950.710     9951.280     9951.360     9951.520
  1550:     9951.610     9951.760     9951.880     9951.970     9952.650
  1555:     9953.840     9953.930     9954.030     9954.380     9954.460
  1560:     9955.850     9955.970     9956.020     9971.800     9989.850
  1565:     9990.000     9993.910    10006.170    10014.730    10014.980
  1570:    10015.400    10054.640    10081.200    10081.310    10081.420
  1575:    10081.530    10081.980    10082.080    10082.180    10082.290
  1580:    10096.310    10117.420    10117.530    10122.010    10127.130
  1585:    10127.310    10127.400    10127.510    10142.240    10160.900
  1590:    10160.960    10161.230    10161.320    10161.340    10161.410
  1595:    10161.540    10201.520    10202.070    10202.170    10202.670
  1600:    10237.290    10237.730    10237.970    10238.140    10238.890
  1605:    10239.510    10239.570    10243.890    10247.850    10248.230
  1610:    10248.290    10248.320    10248.730    10264.550    10264.610
  1615:    10264.800    10264.890    10265.770    10265.800    10265.820
  1620:    10271.700    10271.800    10272.040    10272.510    10272.600
  1625:    10276.410    10280.140    10280.270    10289.490    10289.550
  1630:    10289.700    10290.630    10290.770    10290.950    10291.120
  1635:    10295.860    10301.990    10309.840    10309.860    10310.230
  1640:    10311.010    10316.560    10316.940    10346.420    10361.450
  1645:    10379.390    10379.800    10394.000    10394.030    10395.300
  1650:    10395.830    10402.980    10407.190    10407.340    10407.440
  1655:    10407.650    10407.680    10407.790    10416.250    10455.090
  1660:    10455.140    10458.920    10458.920    10458.920    10458.930
  1665:    10458.930    10458.930    10458.930    10458.930    10458.930
  1670:    10462.930    10463.930    10463.930    10468.920    10468.930
  1675:    10493.120    10493.240    10493.500    10493.760    10503.100
  1680:    10503.570    10519.300    10519.390    10533.710    10533.740
  1685:    10535.900    10536.160    10536.740    10537.770    10566.720
  1690:    10578.560    10579.990    10580.090    10580.220    10580.380
  1695:    10616.190    10616.300    10645.320    10645.340    10653.290
  1700:    10653.460    10654.360    10672.470    10687.750    10687.770
  1705:    10689.200    10689.270    10700.070    10709.720    10709.920
  1710:    10728.190    10728.320    10728.430    10728.520    10728.660
  1715:    10740.160    10740.510    10741.340    10742.260    10799.520
  1720:    10799.680    10799.790    10800.010
