File: C:\MED-PC IV\DATA\!2025-05-30_09h03m.Subject T3



Start Date: 05/30/25
End Date: 05/30/25
Subject: T3
Experiment: OralFentSA
Group: One
Box: 7
Start Time:  9:03:38
End Time: 12:08:07
MSN: Golden_Liq_SelfAdmin
F:       0.000
G:     415.000
H:   10800.010
I:       0.000
J:       0.000
K:       0.000
L:       0.000
M:       0.000
N:       0.000
O:       0.000
P:       0.000
Q:       0.000
R:       0.000
S:       0.000
U:       0.000
V:       0.000
W:       0.000
X:       0.000
Y:       0.000
Z:       0.000
A:
     0:        0.000        0.000      180.000        4.000        0.000
     5:        5.000        0.000        5.000        0.000        0.000
    10:        1.000        0.000       10.000  3000000.000       29.000
    15:       14.000      640.000        0.000        0.000        0.000
    20:        0.000
B:
     0:        0.000        0.000        0.000      400.000        0.000
     5:      500.000        0.000      500.000        0.000        0.000
    10:        0.000        0.000     1000.000 300000000.00        0.000
    15:        0.000        0.000        0.000        0.000        0.000
    20:        0.000
C:
     0:       13.000       14.000        0.000       16.000      218.000
     5:    10723.350       11.370       13.000       92.850        7.142
    10:       16.000        5.000        0.000        0.000        0.000
    15:        0.000        0.000        0.000        0.000        0.000
    20:        0.000
D:
     0:       10.530       12.190        6.820        1.620        4.840
     5:        7.200        6.270        4.130        3.550       18.450
    10:        4.160        1.720       11.370
E:
     0:       19.000       11.000       26.000       27.000        6.000
     5:        6.000        6.000        6.000        6.000        6.000
    10:        6.000        6.000        6.000        6.000        6.000
    15:        6.000        6.000        6.000        6.000        6.000
    20:        6.000        6.000        6.000        6.000       23.000
    25:        6.000        2.000        4.000       22.000       24.000
    30:       12.000       13.000        8.000        5.000       17.000
    35:       18.000       14.000       10.000       19.000       11.000
    40:        6.000        6.000        6.000        6.000        6.000
    45:        6.000        6.000        6.000        6.000        6.000
    50:        6.000        6.000        2.000        4.000       22.000
    55:       24.000       12.000       13.000        8.000        5.000
    60:       17.000       21.000       22.000       18.000       14.000
    65:       10.000       19.000       11.000        6.000        2.000
    70:        4.000       22.000       24.000       12.000       13.000
    75:        8.000        5.000       17.000       18.000       14.000
    80:       10.000        6.000        6.000       19.000       11.000
    85:        6.000        6.000        6.000        6.000        6.000
    90:        6.000        6.000        6.000        6.000        6.000
    95:        6.000        6.000        6.000        6.000        6.000
   100:        6.000        6.000        6.000        6.000        6.000
   105:        6.000        6.000        6.000        6.000        6.000
   110:        6.000        6.000        6.000        6.000        6.000
   115:        6.000        6.000        6.000        6.000        6.000
   120:       23.000       23.000        6.000        6.000        6.000
   125:        6.000        6.000        6.000        6.000        6.000
   130:        6.000        6.000        6.000        6.000        6.000
   135:        6.000        6.000        6.000        6.000        6.000
   140:        6.000        6.000        6.000        6.000        6.000
   145:        6.000        6.000        6.000        6.000        6.000
   150:        6.000       23.000        6.000        6.000        2.000
   155:        4.000       22.000       24.000       12.000       13.000
   160:        8.000        5.000       17.000        6.000       18.000
   165:       14.000       10.000       19.000       11.000        6.000
   170:        2.000        4.000       22.000       24.000       12.000
   175:       13.000        8.000        5.000       17.000       18.000
   180:        6.000       14.000       10.000        6.000       19.000
   185:       11.000        6.000        6.000        6.000        6.000
   190:        6.000        6.000        6.000        2.000        4.000
   195:       22.000       24.000       12.000       13.000        8.000
   200:        5.000       17.000       18.000       14.000       10.000
   205:        6.000        6.000        6.000       19.000       11.000
   210:        6.000        6.000        2.000        4.000       22.000
   215:       24.000       12.000       13.000        8.000        5.000
   220:       17.000       18.000       14.000       10.000        6.000
   225:        6.000       19.000       11.000        6.000        6.000
   230:        6.000        6.000        6.000        6.000        6.000
   235:        6.000        6.000        6.000        6.000        6.000
   240:        6.000        6.000        6.000        6.000        6.000
   245:        6.000        6.000        6.000        6.000        6.000
   250:        6.000        6.000        6.000        6.000        6.000
   255:        6.000        6.000        6.000        6.000        6.000
   260:        6.000        6.000        6.000        6.000        6.000
   265:        6.000        6.000        6.000        6.000        6.000
   270:        6.000        6.000        6.000        6.000        6.000
   275:        6.000        6.000        6.000        6.000        6.000
   280:        6.000        6.000        6.000        6.000        6.000
   285:        2.000        4.000       22.000       24.000       12.000
   290:       13.000        8.000        5.000       17.000       18.000
   295:        6.000       14.000       10.000       19.000       11.000
   300:       23.000        6.000        6.000        6.000        6.000
   305:        6.000        2.000        4.000       22.000       24.000
   310:       12.000       13.000        8.000        5.000       17.000
   315:        6.000       18.000       14.000       10.000        6.000
   320:       21.000       22.000       19.000       11.000        2.000
   325:        4.000       22.000       24.000       12.000       13.000
   330:        8.000        5.000       17.000       18.000       14.000
   335:       10.000       19.000       11.000        6.000        6.000
   340:        6.000        2.000        4.000       22.000       24.000
   345:       12.000       13.000        8.000        5.000       17.000
   350:       18.000        6.000       14.000       10.000       21.000
   355:       22.000       19.000       11.000        2.000        4.000
   360:       22.000       24.000       12.000       13.000        8.000
   365:        5.000       17.000        6.000        6.000       18.000
   370:       14.000       10.000       19.000       11.000        6.000
   375:        6.000        6.000        6.000        6.000        6.000
   380:        6.000        6.000        6.000        6.000        6.000
   385:        6.000        6.000        6.000        6.000        6.000
   390:        6.000        6.000        6.000        6.000        6.000
   395:        6.000        6.000        2.000        4.000       22.000
   400:       24.000       12.000       13.000        8.000        5.000
   405:       17.000       18.000       14.000       10.000       19.000
   410:       11.000        6.000        6.000        6.000        6.000
   415:      100.000
T:
     0:        0.000        0.000        0.000        0.000       41.160
     5:       41.330       42.390       42.430       44.820       45.180
    10:      104.200      131.480      137.050      138.050      295.410
    15:      358.710      361.400      393.740      393.870      445.030
    20:      494.080      537.650      605.660      634.950      657.610
    25:      675.120      715.380      715.380      715.380      715.390
    30:      715.390      715.390      715.390      715.390      715.390
    35:      719.390      720.390      720.390      725.380      725.390
    40:      725.920      726.140      727.240      727.310      739.220
    45:      739.390      741.850      741.890      741.900      742.000
    50:      742.080      742.620      746.090      746.090      746.090
    55:      746.100      746.100      746.100      746.100      746.100
    60:      746.100      746.230      746.230      750.100      751.100
    65:      751.100      756.090      756.100      758.290      768.900
    70:      768.900      768.900      768.910      768.910      768.910
    75:      768.910      768.910      768.910      772.910      773.910
    80:      773.910      775.730      777.770      778.900      778.910
    85:     1023.720     1058.360     1059.820     1059.880     1077.900
    90:     1078.470     1140.950     1141.260     1179.040     1212.740
    95:     1259.080     1335.150     1349.550     1377.810     1387.460
   100:     1402.910     2119.280     2150.380     2164.960     2192.220
   105:     2247.630     2267.930     2269.580     2357.490     2387.830
   110:     2419.750     2445.040     2460.570     2474.560     2667.920
   115:     2956.930     3097.460     3097.790     3255.800     3444.430
   120:     3514.290     3535.590     3585.380     3590.230     3624.010
   125:     3675.140     3676.750     3676.850     3717.360     3718.330
   130:     3801.450     3801.690     3816.750     4182.750     4312.680
   135:     4425.430     4437.410     4565.890     4566.030     5103.120
   140:     5381.260     5381.290     5381.300     5381.600     5381.740
   145:     5381.850     5382.620     5382.660     6589.230     6589.740
   150:     6606.760     7422.360     7450.430     7556.620     7658.040
   155:     7658.040     7658.040     7658.050     7658.050     7658.050
   160:     7658.050     7658.050     7658.050     7659.670     7662.050
   165:     7663.050     7663.050     7668.040     7668.050     7670.160
   170:     7675.040     7675.040     7675.040     7675.050     7675.050
   175:     7675.050     7675.050     7675.050     7675.050     7679.050
   180:     7679.890     7680.050     7680.050     7684.040     7685.040
   185:     7685.050     7685.830     7685.940     7687.490     7687.670
   190:     7700.070     7707.210     7707.510     7710.850     7710.850
   195:     7710.850     7710.860     7710.860     7710.860     7710.860
   200:     7710.860     7710.860     7714.860     7715.860     7715.860
   205:     7718.060     7718.420     7720.210     7720.850     7720.860
   210:     7730.520     7737.150     7740.230     7740.230     7740.230
   215:     7740.240     7740.240     7740.240     7740.240     7740.240
   220:     7740.240     7744.240     7745.240     7745.240     7746.510
   225:     7749.930     7750.230     7750.240     7761.620     7781.980
   230:     7782.110     7782.440     7806.730     7808.340     7821.140
   235:     8061.150     8061.340     8181.970     8296.060     8312.170
   240:     8383.660     8404.790     8494.880     8792.660     8792.790
   245:     8792.800     8793.010     8793.110     8793.150     8793.190
   250:     8793.240     8793.440     8793.590     8799.440     8809.910
   255:     8836.440     8836.690     8848.180     8868.150     8880.880
   260:     8880.920     8910.010     8950.940     8951.270     8972.650
   265:     8984.710     9008.810     9008.970     9009.020     9049.530
   270:     9049.980     9127.690     9273.010     9346.640     9712.350
   275:     9734.220     9750.320     9841.240     9843.030     9857.840
   280:     9857.930     9867.230     9872.610    10014.750    10015.770
   285:    10034.610    10034.610    10034.610    10034.620    10034.620
   290:    10034.620    10034.620    10034.620    10034.620    10038.620
   295:    10038.750    10039.620    10039.620    10044.610    10044.620
   300:    10069.910    10129.940    10165.860    10249.920    10249.980
   305:    10250.100    10340.430    10340.430    10340.430    10340.440
   310:    10340.440    10340.440    10340.440    10340.440    10340.440
   315:    10343.990    10344.440    10345.440    10345.440    10348.270
   320:    10349.950    10349.950    10350.430    10350.440    10355.960
   325:    10355.960    10355.960    10355.970    10355.970    10355.970
   330:    10355.970    10355.970    10355.970    10359.970    10360.970
   335:    10360.970    10365.960    10365.970    10374.420    10394.560
   340:    10394.680    10397.770    10397.770    10397.770    10397.780
   345:    10397.780    10397.780    10397.780    10397.780    10397.780
   350:    10401.780    10401.940    10402.780    10402.780    10405.640
   355:    10405.640    10407.770    10407.780    10435.220    10435.220
   360:    10435.220    10435.230    10435.230    10435.230    10435.230
   365:    10435.230    10435.230    10436.950    10437.010    10439.230
   370:    10440.230    10440.230    10445.220    10445.230    10460.560
   375:    10461.710    10466.350    10566.410    10567.950    10583.670
   380:    10601.790    10601.810    10601.820    10601.840    10602.040
   385:    10602.050    10602.070    10602.140    10602.250    10645.670
   390:    10654.780    10679.120    10679.140    10679.170    10679.270
   395:    10680.420    10711.550    10723.340    10723.340    10723.340
   400:    10723.350    10723.350    10723.350    10723.350    10723.350
   405:    10723.350    10727.350    10728.350    10728.350    10733.340
   410:    10733.350    10734.720    10739.590    10760.630    10766.370
   415:    10800.010
