File: C:\MED-PC IV\DATA\!2025-09-18_16h46m.Subject T22



Start Date: 09/18/25
End Date: 09/18/25
Subject: T22
Experiment: OralFentSA
Group: One
Box: 4
Start Time: 16:46:49
End Time: 19:25:58
MSN: Golden_Liq_SelfAdmin_EXT_LIT
F:       0.000
G:    1382.000
H:    9545.820
I:       0.000
J:       0.000
K:       0.000
L:       0.000
M:       0.000
N:       0.000
O:       0.000
P:       0.000
Q:       0.000
R:       0.000
S:       0.000
U:       0.000
V:       0.000
W:       0.000
X:       0.000
Y:       0.000
Z:       0.000
A:
     0:        0.000        0.000      180.000        4.000        0.000
     5:        5.000        0.000        5.000        0.000        0.000
    10:        1.000        0.000       10.000 300000000.00       20.000
    15:       24.000      640.000        0.000        0.000        0.000
    20:        0.000
B:
     0:        0.000        0.000        0.000        0.000        0.000
     5:        0.000        0.000        0.000        0.000        0.000
    10:        0.000        0.000     1000.000 30000000000.        0.000
    15:        0.000        0.000        0.000        0.000        0.000
    20:        0.000
C:
     0:        0.000        4.000        0.000        3.000     1362.000
     5:     6906.120       16.120        3.000      216.690       72.230
    10:        3.000        1.000        0.000        0.000        0.000
    15:        0.000        0.000        0.000        0.000        0.000
    20:        0.000
D:
     0:       39.810      160.760       16.120
E:
     0:       19.000       11.000       26.000       27.000        6.000
     5:        6.000        6.000        6.000        6.000        6.000
    10:        6.000        6.000        6.000        6.000        6.000
    15:        6.000        6.000        6.000        6.000        6.000
    20:       23.000        6.000        6.000        6.000        6.000
    25:        6.000        6.000        6.000        6.000        6.000
    30:        6.000        6.000        6.000        6.000        6.000
    35:        6.000        6.000        6.000        6.000        6.000
    40:        6.000        6.000        6.000        6.000        6.000
    45:        6.000        6.000        6.000        2.000        4.000
    50:       22.000       24.000       19.000        6.000        6.000
    55:        6.000        6.000        6.000        6.000        6.000
    60:        6.000        6.000        6.000        6.000        6.000
    65:        6.000        6.000        6.000        6.000        6.000
    70:        6.000        6.000        6.000        6.000        6.000
    75:        6.000        6.000        6.000        6.000        6.000
    80:        6.000        6.000        6.000        6.000        6.000
    85:        6.000        6.000        6.000        6.000        6.000
    90:        6.000        6.000        6.000        6.000        6.000
    95:        6.000        6.000        6.000        6.000        6.000
   100:        6.000        6.000        6.000        6.000        6.000
   105:        6.000        6.000        6.000        6.000        6.000
   110:        6.000        6.000        6.000        6.000        6.000
   115:        6.000        6.000        6.000        6.000        6.000
   120:        6.000        6.000        6.000        6.000        6.000
   125:        6.000        6.000        6.000        6.000        6.000
   130:        6.000        6.000        6.000        6.000        6.000
   135:        6.000        6.000        6.000        6.000        6.000
   140:        6.000        6.000        6.000        6.000        6.000
   145:        6.000        6.000        6.000        6.000        6.000
   150:        6.000        6.000        6.000        6.000        6.000
   155:        6.000        6.000        6.000        6.000        6.000
   160:        6.000        6.000        6.000        6.000        6.000
   165:        6.000        6.000        6.000        6.000        6.000
   170:        6.000        6.000        6.000        6.000        6.000
   175:        6.000        6.000        6.000        6.000        6.000
   180:        6.000        6.000        6.000        6.000        6.000
   185:        6.000        6.000        6.000        6.000        6.000
   190:        6.000        6.000        6.000        6.000        6.000
   195:        6.000        6.000        6.000        6.000        6.000
   200:        6.000        6.000        6.000        6.000        6.000
   205:        6.000        6.000        6.000        6.000        6.000
   210:        6.000        6.000        6.000        6.000        6.000
   215:        6.000        6.000        6.000        6.000        6.000
   220:        6.000        6.000        6.000        6.000        6.000
   225:        6.000        6.000        6.000        6.000        6.000
   230:        6.000        6.000        6.000        6.000        6.000
   235:        6.000        6.000        6.000        6.000        6.000
   240:        6.000        6.000        2.000        4.000       22.000
   245:       24.000       19.000        6.000        6.000        6.000
   250:        6.000        6.000        6.000        6.000        6.000
   255:        6.000        6.000        6.000        6.000        6.000
   260:        6.000        6.000        6.000        6.000        6.000
   265:        6.000        6.000        6.000        6.000        6.000
   270:        6.000        6.000        6.000        6.000        6.000
   275:        6.000        6.000        6.000        6.000        6.000
   280:        6.000        6.000        6.000        6.000        6.000
   285:        6.000        6.000        6.000        6.000        6.000
   290:        6.000        6.000        6.000        6.000        6.000
   295:        6.000        6.000        6.000        6.000        6.000
   300:        6.000        6.000        6.000        6.000        6.000
   305:        6.000        6.000        6.000        6.000        6.000
   310:        6.000        6.000        6.000        6.000        6.000
   315:        6.000        6.000        6.000        6.000        6.000
   320:        6.000        6.000        6.000        6.000        6.000
   325:        6.000        6.000        6.000        6.000        6.000
   330:        6.000        6.000        6.000        6.000        6.000
   335:        6.000        6.000        6.000        6.000        6.000
   340:        6.000        6.000        6.000        6.000        6.000
   345:        6.000        6.000        6.000        6.000        6.000
   350:        6.000        6.000        6.000        6.000        6.000
   355:        6.000        6.000        6.000        6.000        6.000
   360:        6.000        6.000        6.000        6.000        6.000
   365:        6.000        6.000        6.000        6.000        6.000
   370:        6.000        6.000        6.000        6.000        6.000
   375:        6.000        6.000        6.000        6.000        6.000
   380:        6.000        6.000        6.000        6.000        6.000
   385:        6.000        6.000        6.000        6.000        6.000
   390:        6.000        6.000        6.000        6.000        6.000
   395:        6.000        6.000        6.000        6.000        6.000
   400:        6.000        6.000        6.000        6.000        6.000
   405:        6.000        6.000        6.000        6.000        6.000
   410:        6.000        6.000        6.000        6.000        6.000
   415:        6.000        6.000        6.000        6.000        6.000
   420:        6.000        6.000        6.000        6.000        6.000
   425:        6.000        6.000        6.000        6.000        6.000
   430:        6.000        6.000        6.000        6.000        6.000
   435:        6.000        6.000        6.000        6.000        6.000
   440:        6.000        6.000        6.000        6.000        6.000
   445:        6.000        6.000        6.000        6.000        6.000
   450:        6.000        6.000        6.000        6.000        6.000
   455:        6.000        6.000        6.000        6.000        6.000
   460:        6.000        6.000        6.000        6.000        6.000
   465:        6.000        6.000        6.000        6.000        6.000
   470:        6.000        6.000        6.000        6.000        6.000
   475:        6.000        6.000        6.000        6.000        6.000
   480:        6.000        6.000        6.000        6.000        6.000
   485:        6.000        6.000        6.000        6.000        6.000
   490:        6.000        6.000        6.000        6.000        6.000
   495:        6.000        6.000        6.000        6.000        6.000
   500:        6.000        6.000        6.000        6.000        6.000
   505:        6.000        6.000        6.000        6.000        6.000
   510:        6.000        6.000        6.000        6.000        6.000
   515:        6.000        6.000        6.000        6.000        6.000
   520:        6.000        6.000        6.000        6.000        6.000
   525:        6.000        6.000        6.000        6.000        6.000
   530:        6.000        6.000        6.000        6.000        6.000
   535:        6.000        6.000        6.000        6.000        6.000
   540:        6.000        6.000        6.000        6.000        6.000
   545:        6.000        6.000        6.000        6.000        6.000
   550:        6.000        6.000        6.000        6.000        6.000
   555:        6.000        6.000        6.000        6.000        6.000
   560:        6.000        6.000        6.000        6.000        6.000
   565:        6.000        6.000        6.000        6.000        6.000
   570:        6.000        6.000        6.000        6.000        6.000
   575:        6.000        6.000        6.000        6.000        6.000
   580:        6.000        6.000        6.000        6.000        6.000
   585:        6.000        6.000        6.000        6.000        6.000
   590:        6.000        6.000        6.000        6.000        6.000
   595:        6.000        6.000        6.000        6.000        6.000
   600:        6.000        6.000        6.000        6.000        6.000
   605:        6.000        6.000        6.000        6.000        6.000
   610:        6.000        6.000        6.000        6.000        6.000
   615:        6.000        6.000        6.000        6.000        6.000
   620:        6.000        6.000        6.000        6.000        6.000
   625:        6.000        6.000        6.000        6.000        6.000
   630:        6.000        6.000        6.000        6.000        6.000
   635:        6.000        6.000        6.000        6.000        6.000
   640:        6.000        6.000        6.000        6.000        6.000
   645:        6.000        6.000        6.000        6.000        6.000
   650:        6.000        6.000        6.000        6.000        6.000
   655:        6.000        6.000        6.000        6.000        6.000
   660:        6.000        6.000        6.000        6.000        6.000
   665:        6.000        6.000        6.000        6.000        6.000
   670:        6.000        6.000        6.000        6.000        6.000
   675:        6.000        6.000        6.000        6.000        6.000
   680:        6.000        6.000        6.000        6.000        6.000
   685:        6.000        6.000        6.000        6.000        6.000
   690:        6.000        6.000        6.000        6.000        6.000
   695:        6.000        6.000        6.000        6.000        6.000
   700:        6.000        6.000        6.000        6.000        6.000
   705:        6.000        6.000        6.000        6.000        6.000
   710:        6.000        6.000        6.000        6.000        6.000
   715:        6.000        6.000        6.000        6.000        6.000
   720:        6.000        6.000        6.000        6.000        6.000
   725:        6.000        6.000        6.000        6.000        6.000
   730:        6.000        6.000        6.000        6.000        6.000
   735:        6.000        6.000        6.000        6.000        6.000
   740:        6.000        6.000        6.000        6.000        6.000
   745:        6.000        6.000        6.000        6.000        6.000
   750:        6.000        6.000        6.000        6.000        6.000
   755:        6.000        6.000        6.000        6.000        6.000
   760:        6.000        6.000        6.000        6.000        6.000
   765:        6.000        6.000        6.000        6.000        6.000
   770:        6.000        6.000        6.000        6.000        6.000
   775:        6.000        6.000        6.000        6.000        6.000
   780:        6.000        6.000        6.000        6.000        6.000
   785:        6.000        6.000        6.000        6.000        6.000
   790:        6.000        6.000        6.000        6.000        6.000
   795:        6.000        6.000        6.000        6.000        6.000
   800:        6.000        6.000        6.000        6.000        6.000
   805:        6.000        6.000        6.000        6.000        6.000
   810:        6.000        6.000        6.000        6.000        6.000
   815:        6.000        6.000        6.000        6.000        6.000
   820:        6.000        6.000        6.000        6.000        6.000
   825:        6.000        6.000        6.000        6.000        6.000
   830:        6.000        6.000        6.000        6.000        6.000
   835:        6.000        6.000        6.000        6.000        6.000
   840:        6.000        6.000        6.000        6.000        6.000
   845:        6.000        6.000        6.000        6.000        6.000
   850:        6.000        6.000        6.000        6.000        6.000
   855:        6.000        6.000        6.000        6.000        6.000
   860:        6.000        6.000        6.000        6.000        6.000
   865:        6.000        6.000        6.000        6.000        6.000
   870:        6.000        6.000        6.000        6.000        6.000
   875:        6.000        6.000        6.000        6.000        6.000
   880:        6.000        6.000        6.000        6.000        6.000
   885:        6.000        6.000        6.000        6.000        6.000
   890:        6.000        6.000        6.000        6.000        6.000
   895:        6.000        6.000        6.000        6.000        6.000
   900:        6.000        6.000        6.000        6.000        6.000
   905:        6.000        6.000        6.000        6.000        6.000
   910:        6.000        6.000        6.000        6.000        6.000
   915:        6.000        6.000        6.000        6.000        6.000
   920:        6.000        6.000        6.000        6.000        6.000
   925:        6.000        6.000        6.000        6.000        6.000
   930:        6.000        6.000        6.000        6.000        6.000
   935:        6.000        6.000        6.000        6.000        6.000
   940:        6.000        6.000        6.000        6.000        6.000
   945:        6.000        6.000        6.000        6.000        6.000
   950:        6.000        6.000        6.000        6.000        6.000
   955:        6.000        6.000        6.000        6.000        6.000
   960:        6.000        6.000        6.000        6.000        6.000
   965:        6.000        6.000        6.000        6.000        6.000
   970:        6.000        6.000        6.000        6.000        6.000
   975:        6.000        6.000        6.000        6.000        6.000
   980:        6.000        6.000        6.000        6.000        6.000
   985:        6.000        6.000        6.000        6.000        6.000
   990:        6.000        6.000        6.000        6.000        6.000
   995:        6.000        6.000        6.000        6.000        6.000
  1000:        6.000        6.000        6.000        6.000        6.000
  1005:        6.000        6.000        6.000        6.000        6.000
  1010:        6.000        6.000        6.000        6.000        6.000
  1015:        6.000        6.000        6.000        6.000        6.000
  1020:        6.000        6.000        6.000        6.000        6.000
  1025:        6.000        6.000        6.000        6.000        6.000
  1030:        6.000        6.000        6.000        6.000        6.000
  1035:        6.000        6.000        6.000        6.000        6.000
  1040:        6.000        6.000        6.000        6.000        6.000
  1045:        6.000        6.000        6.000        6.000        6.000
  1050:        6.000        6.000        6.000        6.000        6.000
  1055:        6.000        6.000        6.000        6.000        6.000
  1060:        6.000        6.000        6.000        6.000        6.000
  1065:        6.000        6.000        6.000        6.000        6.000
  1070:        6.000        6.000        6.000        6.000        6.000
  1075:        6.000        6.000        6.000        6.000        6.000
  1080:        6.000        6.000        6.000        6.000        6.000
  1085:        6.000        6.000        6.000        6.000        6.000
  1090:        6.000        6.000        6.000        6.000        6.000
  1095:        6.000        6.000        6.000        6.000        6.000
  1100:        6.000        6.000        6.000        6.000        6.000
  1105:        6.000        6.000        6.000        2.000        4.000
  1110:       22.000       24.000       19.000        6.000        6.000
  1115:        6.000        6.000        6.000        6.000        6.000
  1120:        6.000        6.000        6.000        6.000        6.000
  1125:        6.000        6.000        6.000        6.000        6.000
  1130:        6.000        6.000        6.000        6.000        6.000
  1135:        6.000        6.000        6.000        6.000        6.000
  1140:        6.000        6.000        6.000        6.000        6.000
  1145:        6.000        6.000        6.000        6.000        6.000
  1150:        6.000        6.000        6.000        6.000        6.000
  1155:        6.000        6.000        6.000        6.000        6.000
  1160:        6.000        6.000        6.000        6.000        6.000
  1165:        6.000        6.000        6.000        6.000        6.000
  1170:        6.000        6.000        6.000        6.000        6.000
  1175:        6.000        6.000        6.000        6.000        6.000
  1180:        6.000        6.000        6.000        6.000        6.000
  1185:        6.000        6.000        6.000        6.000        6.000
  1190:        6.000        6.000        6.000        6.000        6.000
  1195:        6.000        6.000        6.000        6.000        6.000
  1200:        6.000        6.000        6.000        6.000        6.000
  1205:        6.000        6.000        6.000        6.000        6.000
  1210:        6.000        6.000        6.000        6.000        6.000
  1215:        6.000        6.000        6.000        6.000        6.000
  1220:        6.000        6.000        6.000        6.000        6.000
  1225:        6.000        6.000        6.000        6.000        6.000
  1230:        6.000        6.000        6.000        6.000        6.000
  1235:        6.000        6.000        6.000        6.000        6.000
  1240:        6.000        6.000        6.000        6.000        6.000
  1245:        6.000        6.000        6.000        6.000        6.000
  1250:        6.000        6.000        6.000        6.000        6.000
  1255:        6.000        6.000        6.000        6.000        6.000
  1260:        6.000        6.000        6.000        6.000        6.000
  1265:        6.000        6.000        6.000        6.000        6.000
  1270:        6.000        6.000        6.000        6.000        6.000
  1275:        6.000        6.000        6.000        6.000        6.000
  1280:        6.000        6.000        6.000        6.000        6.000
  1285:        6.000        6.000        6.000        6.000        6.000
  1290:        6.000        6.000        6.000        6.000        6.000
  1295:        6.000        6.000        6.000        6.000        6.000
  1300:        6.000        6.000        6.000        6.000        6.000
  1305:        6.000        6.000        6.000        6.000        6.000
  1310:        6.000        6.000        6.000        6.000        6.000
  1315:        6.000        6.000        6.000        6.000        6.000
  1320:        6.000        6.000        6.000        6.000        6.000
  1325:        6.000        6.000        6.000        6.000        6.000
  1330:        6.000        6.000        6.000        6.000        6.000
  1335:        6.000        6.000        6.000        6.000        6.000
  1340:        6.000        6.000        6.000        6.000        6.000
  1345:        6.000        6.000        6.000        6.000        6.000
  1350:        6.000        6.000        6.000        6.000        6.000
  1355:        6.000        6.000        6.000        6.000        6.000
  1360:        6.000        6.000        6.000        6.000        6.000
  1365:        6.000        6.000        6.000        6.000        6.000
  1370:        6.000        6.000        6.000        6.000        6.000
  1375:        6.000        6.000        6.000        6.000        6.000
  1380:        6.000        6.000
T:
     0:        0.000        0.000        0.000        0.000       20.900
     5:       21.270       83.590       83.780       89.550      126.190
    10:      126.670      130.780      212.030      239.450      240.810
    15:      247.940      249.530      249.950      250.040      250.170
    20:      294.420      301.860      390.890      393.370      394.670
    25:      396.480      407.760      429.430      434.590      434.950
    30:      435.090      481.600      481.890      570.960      577.550
    35:      590.310      590.710      603.820      630.970      631.010
    40:      631.060      631.360      631.380      780.960      782.770
    45:      788.160      788.840      817.960      826.860      826.860
    50:      826.860      826.870      836.860      866.680      893.930
    55:      961.350      964.330      964.530     1062.020     1062.090
    60:     1062.100     1062.130     1087.150     1091.740     1092.650
    65:     1093.100     1094.490     1116.210     1127.830     1129.850
    70:     1182.710     1183.230     1183.290     1183.630     1183.940
    75:     1183.950     1184.060     1184.410     1184.780     1186.740
    80:     1190.860     1199.390     1200.120     1204.100     1204.450
    85:     1204.480     1204.500     1204.770     1205.520     1206.420
    90:     1207.220     1208.160     1210.360     1211.140     1216.250
    95:     1218.550     1304.620     1304.770     1304.900     1309.250
   100:     1309.350     1309.650     1309.720     1310.330     1310.380
   105:     1310.490     1310.740     1310.810     1370.560     1371.040
   110:     1389.170     1390.030     1392.220     1393.220     1393.780
   115:     1394.800     1396.840     1397.710     1398.330     1398.970
   120:     1399.020     1399.240     1399.330     1403.330     1403.910
   125:     1403.980     1414.710     1415.120     1415.210     1415.400
   130:     1419.670     1419.840     1509.810     1636.710     1753.680
   135:     1767.320     1767.750     1768.370     1768.660     1768.910
   140:     1770.210     1770.840     1771.070     1772.280     1775.200
   145:     1775.610     1775.940     1777.310     1786.190     1812.280
   150:     1812.330     1812.340     1813.450     1814.410     1814.590
   155:     1814.640     1814.970     1817.090     1817.980     1818.080
   160:     1818.140     1847.590     1848.750     1853.750     1862.780
   165:     1862.860     1863.060     1864.460     1945.900     1956.570
   170:     1957.010     1957.250     1958.360     1969.490     1969.590
   175:     1979.120     1985.960     1999.410     1999.540     2000.710
   180:     2001.050     2001.160     2002.690     2002.950     2006.150
   185:     2006.720     2007.130     2007.360     2007.590     2008.200
   190:     2009.280     2016.930     2016.970     2017.680     2017.880
   195:     2018.480     2019.060     2019.480     2021.540     2023.190
   200:     2025.480     2026.940     2029.150     2031.430     2032.050
   205:     2033.130     2033.200     2040.040     2040.210     2040.290
   210:     2041.250     2041.280     2065.280     2065.830     2103.230
   215:     2103.280     2103.330     2103.440     2127.570     2144.180
   220:     2156.200     2156.560     2157.150     2157.210     2160.840
   225:     2161.100     2161.390     2161.480     2182.430     2184.150
   230:     2207.960     2208.100     2227.540     2227.850     2230.610
   235:     2231.230     2231.550     2377.220     2478.130     2479.530
   240:     2523.050     2707.010     2854.400     2854.400     2854.400
   245:     2854.410     2864.400     3015.170     3016.650     3019.200
   250:     3019.930     3020.450     3020.610     3020.630     3020.680
   255:     3020.760     3021.540     3026.560     3031.380     3031.730
   260:     3031.840     3031.890     3032.070     3033.360     3033.760
   265:     3033.800     3034.110     3034.480     3037.030     3040.560
   270:     3107.560     3107.590     3107.660     3107.690     3108.850
   275:     3115.330     3115.390     3115.480     3115.490     3115.580
   280:     3115.590     3115.900     3119.080     3119.580     3120.300
   285:     3120.440     3154.670     3155.580     3161.780     3162.140
   290:     3163.040     3163.120     3164.160     3164.290     3165.210
   295:     3167.890     3168.570     3169.180     3179.400     3180.670
   300:     3277.470     3295.850     3295.900     3295.970     3295.990
   305:     3297.450     3346.400     3346.770     3353.910     3373.300
   310:     3373.690     3424.910     3425.110     3425.700     3426.110
   315:     3426.380     3426.790     3427.330     3427.370     3427.430
   320:     3427.450     3427.910     3428.560     3435.120     3466.410
   325:     3470.580     3472.290     3472.360     3472.390     3472.500
   330:     3472.530     3472.830     3473.030     3473.300     3473.360
   335:     3473.560     3506.630     3532.270     3532.540     3535.310
   340:     3550.720     3551.010     3551.310     3551.540     3551.870
   345:     3551.930     3551.950     3552.180     3552.470     3570.210
   350:     3570.330     3570.390     3570.480     3572.910     3572.970
   355:     3573.210     3573.520     3573.850     3574.660     3574.740
   360:     3575.280     3575.530     3575.800     3576.170     3576.600
   365:     3576.650     3576.700     3576.770     3578.960     3580.000
   370:     3580.220     3580.280     3580.580     3581.300     3581.430
   375:     3581.520     3581.580     3581.680     3581.760     3581.900
   380:     3581.930     3583.660     3584.530     3588.510     3591.820
   385:     3592.010     3592.470     3592.540     3593.090     3593.120
   390:     3593.180     3594.280     3594.360     3595.230     3595.330
   395:     3595.720     3595.890     3596.260     3596.790     3601.360
   400:     3602.480     3603.330     3603.510     3603.770     3673.880
   405:     3674.360     3674.390     3674.770     3703.400     3708.000
   410:     3708.250     3708.470     3708.710     3708.750     3708.990
   415:     3709.110     3729.520     3729.610     3729.620     3731.260
   420:     3756.300     3756.930     3757.120     3757.170     3757.250
   425:     3757.330     3757.500     3759.370     3759.730     3759.780
   430:     3761.620     3762.290     3762.350     3762.870     3766.150
   435:     3766.270     3766.740     3769.800     3770.550     3770.710
   440:     3770.720     3770.770     3770.820     3770.890     3771.080
   445:     3771.290     3771.310     3771.630     3778.360     3778.440
   450:     3778.540     3781.270     3795.000     3795.050     3800.260
   455:     3801.130     3801.320     3817.870     3846.240     3846.340
   460:     3846.470     3846.510     3846.840     3847.130     3849.040
   465:     4004.680     4014.050     4014.110     4015.290     4015.460
   470:     4015.540     4016.200     4090.430     4091.030     4091.060
   475:     4091.080     4091.120     4091.290     4095.360     4096.000
   480:     4098.630     4098.750     4098.780     4099.230     4099.250
   485:     4100.450     4100.950     4105.870     4106.230     4106.250
   490:     4106.380     4106.670     4107.200     4107.410     4107.870
   495:     4107.980     4108.260     4109.950     4110.320     4110.650
   500:     4112.220     4112.570     4113.270     4114.610     4126.830
   505:     4127.480     4178.300     4178.310     4178.350     4181.880
   510:     4181.960     4184.310     4184.650     4184.950     4229.190
   515:     4230.920     4231.090     4231.130     4231.340     4231.450
   520:     4232.760     4234.150     4234.270     4234.340     4234.410
   525:     4234.440     4234.460     4234.830     4235.160     4236.460
   530:     4238.570     4238.610     4238.730     4238.810     4239.550
   535:     4244.490     4244.740     4245.590     4245.670     4246.200
   540:     4246.400     4255.940     4256.230     4256.440     4259.330
   545:     4259.490     4259.650     4260.520     4261.460     4261.650
   550:     4261.890     4262.600     4262.850     4264.660     4265.130
   555:     4265.680     4265.710     4265.920     4266.670     4268.220
   560:     4268.230     4268.310     4268.580     4268.920     4269.290
   565:     4270.030     4270.200     4270.570     4272.070     4272.610
   570:     4273.340     4273.420     4273.500     4273.530     4273.610
   575:     4273.620     4273.700     4273.800     4273.820     4273.990
   580:     4274.010     4274.300     4274.310     4275.310     4276.220
   585:     4278.050     4278.460     4279.980     4280.200     4280.270
   590:     4280.380     4281.050     4281.530     4281.980     4287.710
   595:     4290.720     4298.770     4300.880     4301.470     4302.650
   600:     4302.740     4303.300     4303.670     4303.870     4304.090
   605:     4304.770     4306.020     4306.430     4306.470     4316.880
   610:     4319.080     4320.780     4321.930     4322.390     4323.720
   615:     4324.440     4329.720     4330.450     4330.500     4330.890
   620:     4331.110     4331.160     4331.320     4331.770     4332.330
   625:     4333.310     4333.410     4334.490     4334.620     4335.810
   630:     4336.400     4336.480     4336.510     4337.220     4337.710
   635:     4338.150     4338.490     4343.420     4345.060     4346.610
   640:     4346.890     4347.620     4347.740     4348.200     4348.210
   645:     4348.270     4348.330     4348.680     4348.810     4349.410
   650:     4353.150     4353.660     4353.890     4353.980     4354.030
   655:     4354.150     4354.290     4354.800     4355.250     4355.320
   660:     4356.020     4358.700     4359.220     4361.250     4361.490
   665:     4361.510     4361.620     4363.510     4364.680     4365.790
   670:     4366.210     4366.240     4367.350     4367.850     4369.270
   675:     4369.360     4369.440     4373.000     4374.260     4374.800
   680:     4374.820     4375.080     4416.990     4430.630     4476.880
   685:     4477.420     4478.640     4478.690     4479.720     4479.970
   690:     4480.070     4480.370     4481.220     4482.180     4482.240
   695:     4512.350     4512.440     4513.970     4515.560     4515.770
   700:     4515.930     4516.030     4516.520     4516.550     4516.570
   705:     4518.140     4518.570     4518.690     4518.740     4518.820
   710:     4520.120     4520.420     4520.950     4521.730     4521.740
   715:     4522.840     4523.530     4523.580     4524.730     4527.050
   720:     4527.400     4527.410     4527.500     4528.080     4528.260
   725:     4528.580     4528.620     4529.140     4529.320     4529.410
   730:     4529.450     4543.700     4549.250     4598.660     4602.080
   735:     4602.090     4602.590     4603.040     4603.140     4603.540
   740:     4603.870     4607.410     4609.400     4624.910     4624.930
   745:     4625.980     4628.800     4629.480     4630.040     4630.150
   750:     4630.370     4630.540     4631.620     4634.200     4635.490
   755:     4637.650     4638.450     4639.690     4640.270     4640.320
   760:     4640.410     4643.330     4643.820     4644.160     4644.430
   765:     4644.460     4644.560     4644.580     4645.770     4646.210
   770:     4650.370     4652.530     4665.640     4666.830     4666.920
   775:     4667.830     4669.150     4669.670     4669.970     4670.060
   780:     4670.180     4670.380     4670.940     4671.580     4672.150
   785:     4672.340     4673.080     4673.730     4673.980     4674.090
   790:     4674.170     4683.700     4683.940     4684.090     4684.220
   795:     4685.910     4686.780     4690.820     4692.750     4694.160
   800:     4694.380     4694.450     4694.620     4697.260     4697.910
   805:     4698.010     4698.160     4698.640     4698.750     4699.210
   810:     4699.340     4699.680     4700.300     4701.040     4709.080
   815:     4709.700     4709.880     4710.210     4710.250     4711.180
   820:     4711.280     4712.250     4713.160     4713.400     4715.170
   825:     4715.330     4715.470     4716.560     4716.580     4716.630
   830:     4717.320     4718.330     4718.570     4718.600     4719.890
   835:     4720.110     4720.150     4721.100     4722.440     4722.660
   840:     4722.760     4723.910     4724.660     4725.650     4725.860
   845:     4728.300     4730.430     4730.510     4730.810     4731.210
   850:     4731.730     4731.760     4732.040     4732.070     4732.100
   855:     4732.120     4732.170     4732.360     4732.430     4733.050
   860:     4733.280     4733.350     4735.420     4735.720     4735.760
   865:     4736.470     4740.860     4740.920     4740.930     4744.990
   870:     4745.300     4843.210     4843.650     4844.130     4844.280
   875:     4844.300     4845.730     4845.820     4846.990     4847.330
   880:     4847.570     4851.340     4851.860     4851.950     4852.170
   885:     4852.420     4852.530     4878.850     4884.380     4884.650
   890:     4884.790     4913.900     4914.270     4935.280     4935.300
   895:     4935.310     4935.320     4937.150     4939.410     4944.420
   900:     4944.800     4944.820     4946.270     4946.370     4946.490
   905:     4946.540     4946.690     4947.010     4947.180     4947.900
   910:     5035.870     5070.190     5099.310     5110.220     5115.470
   915:     5115.560     5118.300     5118.570     5119.380     5121.410
   920:     5122.040     5122.130     5122.720     5122.870     5122.930
   925:     5127.600     5129.390     5144.840     5144.970     5145.000
   930:     5145.070     5145.110     5145.150     5145.190     5145.250
   935:     5145.300     5145.360     5145.440     5145.670     5215.420
   940:     5215.670     5218.170     5220.340     5220.380     5220.630
   945:     5220.780     5221.270     5222.080     5223.000     5223.340
   950:     5223.390     5223.820     5223.980     5224.320     5224.430
   955:     5239.680     5240.380     5240.430     5242.400     5242.520
   960:     5242.650     5246.650     5246.800     5247.640     5247.810
   965:     5317.760     5381.070     5381.370     5381.400     5388.320
   970:     5399.040     5399.470     5400.060     5400.560     5400.730
   975:     5405.060     5405.240     5405.460     5405.560     5405.710
   980:     5405.840     5405.880     5405.910     5407.400     5408.150
   985:     5408.540     5412.630     5413.080     5418.040     5419.400
   990:     5419.590     5419.760     5421.120     5421.490     5423.660
   995:     5423.900     5435.820     5436.090     5470.500     5684.120
  1000:     5684.130     5721.590     5722.170     5722.200     5749.700
  1005:     5750.840     5761.280     5761.290     5761.590     5761.620
  1010:     5761.780     5763.760     5763.800     5763.920     5764.080
  1015:     5764.130     5764.730     5767.820     5768.370     5768.760
  1020:     5794.400     5915.140     5915.270     5915.330     5919.250
  1025:     6004.970     6008.380     6008.630     6009.720     6103.500
  1030:     6104.340     6108.360     6108.640     6110.130     6262.180
  1035:     6268.680     6269.420     6273.800     6275.010     6275.030
  1040:     6275.200     6275.580     6279.750     6279.800     6280.140
  1045:     6281.170     6281.430     6281.980     6282.050     6282.090
  1050:     6284.240     6284.270     6284.340     6284.640     6285.040
  1055:     6291.970     6292.050     6301.620     6301.710     6302.440
  1060:     6302.570     6302.680     6359.410     6359.600     6359.640
  1065:     6359.700     6359.720     6359.820     6359.840     6359.910
  1070:     6359.930     6360.260     6360.340     6360.370     6360.430
  1075:     6360.470     6360.540     6360.570     6360.670     6360.710
  1080:     6361.020     6361.380     6361.860     6372.710     6372.770
  1085:     6372.830     6372.910     6372.980     6373.040     6373.090
  1090:     6373.140     6373.250     6373.340     6373.400     6373.490
  1095:     6373.790     6373.860     6373.940     6432.510     6477.840
  1100:     6478.910     6478.950     6659.620     6660.030     6660.630
  1105:     6676.490     6776.210     6878.280     6906.110     6906.110
  1110:     6906.110     6906.120     6916.110     6922.240     6949.330
  1115:     6951.100     6951.680     6956.900     6958.710     6960.000
  1120:     7102.150     7102.370     7138.060     7141.190     7141.370
  1125:     7142.020     7144.430     7144.680     7144.750     7144.790
  1130:     7145.020     7145.900     7146.100     7146.360     7156.980
  1135:     7157.060     7157.070     7202.610     7206.020     7206.570
  1140:     7248.230     7461.190     7461.220     7461.490     7462.260
  1145:     7471.640     7471.750     7479.490     7484.220     7486.040
  1150:     7492.850     7493.180     7493.240     7494.460     7513.810
  1155:     7518.530     7519.450     7521.040     7521.140     7521.200
  1160:     7521.540     7522.770     7525.360     7527.800     7527.880
  1165:     7528.130     7528.660     7531.550     7532.020     7532.110
  1170:     7533.460     7533.570     7533.790     7535.360     7535.540
  1175:     7535.590     7536.900     7542.960     7545.980     7547.240
  1180:     7548.180     7557.170     7558.250     7608.330     7633.640
  1185:     7686.370     7686.620     7686.750     7687.460     7687.550
  1190:     7687.600     7688.250     7744.190     7744.280     7744.300
  1195:     7744.430     7762.760     7766.320     7774.820     7774.840
  1200:     7865.100     7888.750     7946.590     7963.430     7963.930
  1205:     7964.020     7964.210     7964.250     7964.270     7999.530
  1210:     7999.590     8019.090     8023.670     8025.000     8025.390
  1215:     8025.430     8025.730     8026.330     8028.580     8028.630
  1220:     8028.670     8028.870     8028.950     8029.310     8029.410
  1225:     8029.470     8031.590     8032.050     8032.260     8032.580
  1230:     8032.630     8032.920     8034.660     8035.070     8035.790
  1235:     8042.180     8042.700     8044.930     8045.320     8045.580
  1240:     8046.290     8048.460     8048.630     8048.650     8048.960
  1245:     8049.070     8049.150     8049.930     8050.440     8050.830
  1250:     8050.970     8051.210     8051.570     8051.790     8065.710
  1255:     8065.890     8065.950     8086.520     8095.870     8180.700
  1260:     8182.830     8183.150     8184.070     8184.120     8184.350
  1265:     8184.570     8185.000     8185.340     8189.230     8189.780
  1270:     8189.880     8196.420     8196.980     8199.290     8199.440
  1275:     8200.480     8201.410     8205.290     8206.640     8207.360
  1280:     8207.380     8208.290     8208.650     8212.830     8217.640
  1285:     8218.370     8218.510     8218.520     8218.690     8219.020
  1290:     8220.330     8220.790     8221.020     8221.530     8228.150
  1295:     8285.090     8285.390     8286.080     8286.430     8287.000
  1300:     8289.150     8389.340     8398.510     8399.150     8399.190
  1305:     8399.230     8400.760     8402.580     8403.450     8403.520
  1310:     8408.230     8443.610     8444.500     8444.740     8444.870
  1315:     8446.920     8448.900     8449.560     8449.930     8564.400
  1320:     8564.470     8582.230     8585.250     8585.290     8585.360
  1325:     8585.390     8585.450     8662.770     8665.600     8666.220
  1330:     8666.280     8701.370     8748.550     8792.700     8792.730
  1335:     8792.800     8792.850     8793.160     8793.190     8793.380
  1340:     8793.490     8797.730     8798.030     9026.870     9033.040
  1345:     9046.290     9046.540     9047.150     9047.380     9047.550
  1350:     9047.680     9165.560     9168.010     9254.020     9254.270
  1355:     9254.420     9255.450     9255.460     9256.080     9256.260
  1360:     9256.340     9256.620     9257.380     9259.470     9259.990
  1365:     9260.030     9260.210     9260.370     9274.730     9277.550
  1370:     9278.740     9278.760     9279.010     9281.590     9281.640
  1375:     9281.680     9281.750     9283.070     9460.970     9490.130
  1380:     9532.600     9539.130
