File: C:\MED-PC IV\DATA\!2025-08-18_12h59m.Subject T15



Start Date: 08/18/25
End Date: 08/18/25
Subject: T15
Experiment: OralFentSA
Group: One
Box: 3
Start Time: 12:59:30
End Time: 15:59:52
MSN: Golden_Liq_SelfAdmin_LIT
F:       0.000
G:    1576.000
H:   10800.010
I:       0.000
J:       0.000
K:       0.000
L:       0.000
M:       0.000
N:       0.000
O:       0.000
P:       0.000
Q:       0.000
R:       0.000
S:       0.000
U:       0.000
V:       0.000
W:       0.000
X:       0.000
Y:       0.000
Z:       0.000
A:
     0:        0.000        0.000      180.000        4.000        0.000
     5:        5.000        0.000        5.000        0.000        0.000
    10:        1.000        0.000       10.000      600.000       22.000
    15:        1.000      320.000        0.000        0.000        0.000
    20:        0.000
B:
     0:        0.000        0.000        0.000      400.000        0.000
     5:      500.000        0.000      500.000        0.000        0.000
    10:        0.000        0.000     1000.000    60000.000        0.000
    15:        0.000        0.000        0.000        0.000        0.000
    20:        0.000
C:
     0:       21.000       22.000        0.000       19.000     1317.000
     5:    10706.860      165.810       20.000      720.050       36.002
    10:       19.000        7.000       14.000        0.000        0.000
    15:        0.000        0.000        0.000        0.000        0.000
    20:        0.000
D:
     0:        5.470       12.630       22.530       15.130        4.160
     5:        2.000       16.720       11.560      129.130       10.640
    10:       14.530       17.040       16.720       23.530       29.340
    15:       21.030       17.590        6.180      178.310      165.810
E:
     0:       19.000       11.000       26.000       27.000        6.000
     5:        6.000        6.000        6.000        6.000        6.000
    10:        6.000        6.000        6.000        6.000        6.000
    15:        6.000        6.000        6.000        6.000        6.000
    20:        6.000        6.000        6.000        6.000        6.000
    25:        6.000        6.000        6.000        6.000        6.000
    30:        6.000        6.000        6.000        6.000        6.000
    35:        6.000        6.000        6.000        6.000        6.000
    40:        6.000        6.000        6.000        6.000        6.000
    45:        6.000        6.000        6.000        6.000        6.000
    50:        6.000        6.000        6.000        6.000        6.000
    55:        6.000        6.000        6.000        6.000        6.000
    60:        6.000        6.000        6.000        6.000        6.000
    65:        6.000        6.000        6.000        6.000        6.000
    70:        6.000        6.000        6.000        6.000        6.000
    75:        6.000        6.000        6.000        6.000        6.000
    80:        6.000        6.000        6.000        6.000        2.000
    85:        4.000       22.000       24.000       13.000        8.000
    90:        5.000       17.000       21.000       22.000       21.000
    95:       22.000       18.000       14.000       10.000        6.000
   100:        6.000       19.000        6.000        6.000        6.000
   105:        6.000        6.000        6.000        6.000        6.000
   110:        6.000        6.000        6.000        6.000        6.000
   115:        6.000        6.000        6.000        6.000        6.000
   120:        6.000        6.000        6.000        6.000        6.000
   125:        6.000        6.000        6.000        6.000        6.000
   130:        6.000        6.000        6.000        6.000        6.000
   135:        6.000        6.000        6.000        6.000        6.000
   140:        6.000        6.000        6.000        6.000        6.000
   145:        6.000        6.000        6.000        6.000        6.000
   150:        6.000        6.000        6.000        6.000        6.000
   155:        6.000        6.000        6.000        6.000        6.000
   160:        6.000        6.000        6.000        6.000        6.000
   165:        6.000        6.000        6.000        6.000        6.000
   170:        6.000        6.000        6.000        6.000        6.000
   175:        6.000        6.000        6.000        6.000        6.000
   180:        6.000        6.000        6.000        6.000        6.000
   185:        6.000        2.000        4.000       22.000       24.000
   190:       13.000        8.000        5.000       17.000       21.000
   195:       22.000       21.000       22.000       18.000       21.000
   200:       22.000       14.000       10.000       21.000       22.000
   205:       19.000        6.000        6.000        6.000        6.000
   210:        6.000        6.000        6.000        6.000        6.000
   215:        6.000        6.000        6.000        6.000        6.000
   220:        6.000        6.000        6.000        6.000        6.000
   225:        6.000        6.000        6.000        6.000        6.000
   230:        6.000        6.000        6.000        6.000        6.000
   235:        6.000        6.000        6.000        6.000        6.000
   240:        6.000        6.000        6.000        6.000        6.000
   245:        6.000        6.000        6.000        6.000        6.000
   250:        6.000        6.000        6.000        6.000        6.000
   255:        6.000        6.000        6.000        6.000        6.000
   260:        6.000        6.000        6.000        6.000        6.000
   265:        6.000        6.000        6.000        6.000        6.000
   270:        6.000        6.000        6.000        6.000        6.000
   275:        6.000        6.000        6.000        6.000        6.000
   280:        6.000        6.000        6.000        6.000        6.000
   285:        6.000        6.000        6.000        6.000        6.000
   290:        6.000        6.000        6.000        6.000        6.000
   295:        6.000        6.000        6.000        6.000        6.000
   300:        6.000        6.000        6.000        6.000        6.000
   305:        6.000        6.000        6.000        6.000        6.000
   310:        6.000        6.000        6.000        6.000        6.000
   315:        6.000        6.000        6.000        6.000        6.000
   320:        6.000        6.000        6.000        6.000        6.000
   325:        6.000        6.000        6.000        6.000        6.000
   330:        6.000        6.000        6.000        6.000        2.000
   335:        4.000       22.000       24.000       13.000        8.000
   340:        5.000       17.000       18.000       21.000       22.000
   345:       14.000       10.000       21.000       22.000       21.000
   350:       22.000       21.000       22.000       19.000        6.000
   355:        6.000        6.000        6.000        6.000        6.000
   360:        6.000        6.000        6.000        6.000        6.000
   365:        6.000        6.000        6.000        6.000        6.000
   370:        6.000        6.000        6.000        6.000        6.000
   375:        6.000        6.000        6.000        6.000        6.000
   380:        6.000        6.000        6.000        6.000        6.000
   385:        6.000        6.000        6.000        6.000        6.000
   390:        6.000        6.000        6.000        6.000        6.000
   395:        6.000        6.000        6.000        6.000        2.000
   400:        4.000       22.000       24.000       13.000        8.000
   405:        5.000       17.000       21.000       22.000       18.000
   410:       14.000       10.000       19.000        6.000        6.000
   415:        6.000        6.000        6.000        6.000        6.000
   420:        6.000        6.000        6.000        6.000        6.000
   425:        6.000        6.000        6.000        6.000        6.000
   430:        6.000        6.000        6.000        6.000        6.000
   435:        6.000        6.000        6.000        6.000        6.000
   440:        6.000        6.000        6.000        6.000        6.000
   445:        6.000        6.000        6.000        6.000        6.000
   450:        6.000        6.000        6.000        6.000        6.000
   455:        6.000        6.000        6.000        6.000        6.000
   460:        6.000        6.000        6.000        6.000        6.000
   465:        6.000        6.000        6.000        6.000        6.000
   470:        6.000        6.000        6.000        6.000        6.000
   475:        6.000        6.000       23.000       23.000       23.000
   480:        6.000        6.000        6.000        6.000        2.000
   485:        4.000       22.000       24.000       13.000        8.000
   490:        5.000       17.000       21.000       22.000       18.000
   495:        6.000       14.000       10.000        6.000        6.000
   500:       19.000        6.000        6.000        6.000        6.000
   505:        6.000        6.000        6.000        6.000        6.000
   510:        6.000        6.000        6.000        6.000        6.000
   515:        6.000        6.000        6.000        6.000        6.000
   520:        6.000        6.000        6.000        6.000        6.000
   525:        6.000        6.000        6.000        6.000        6.000
   530:        6.000        6.000        6.000        6.000        6.000
   535:        6.000        6.000        6.000        6.000        6.000
   540:        6.000        6.000        6.000        6.000        6.000
   545:        6.000        6.000        6.000        6.000        6.000
   550:        6.000        6.000        6.000        6.000        6.000
   555:        6.000        6.000        6.000        6.000        6.000
   560:        6.000        6.000        6.000        6.000        6.000
   565:        6.000        6.000        6.000        6.000        6.000
   570:        6.000        6.000        6.000        6.000        6.000
   575:        6.000        6.000        6.000        6.000        6.000
   580:        6.000        6.000        6.000        6.000        6.000
   585:        6.000        6.000        6.000        6.000        6.000
   590:        6.000        6.000        6.000        6.000        6.000
   595:        6.000        6.000        6.000        6.000        6.000
   600:       23.000       30.000       24.000       13.000        8.000
   605:        5.000       17.000        6.000        6.000       18.000
   610:        6.000        6.000       14.000       10.000        6.000
   615:        6.000       19.000        6.000        6.000        6.000
   620:        6.000        6.000        6.000        6.000        6.000
   625:        6.000        6.000        6.000        6.000        6.000
   630:        6.000        6.000        6.000        6.000        6.000
   635:        6.000        2.000        4.000       22.000       24.000
   640:       13.000        8.000        5.000       17.000       18.000
   645:       14.000       10.000       19.000        6.000        6.000
   650:        6.000        6.000        6.000        6.000        6.000
   655:        6.000        6.000        6.000        6.000        6.000
   660:        6.000        6.000        6.000        6.000        6.000
   665:        6.000        6.000        6.000        6.000        6.000
   670:        6.000        6.000        6.000        6.000        6.000
   675:        6.000        6.000        6.000        6.000        6.000
   680:        6.000        6.000        6.000        6.000        6.000
   685:        6.000        6.000        6.000        6.000        6.000
   690:        6.000        6.000        6.000        6.000        6.000
   695:        6.000        6.000        6.000        6.000        6.000
   700:        6.000        6.000        6.000        6.000        6.000
   705:        6.000        6.000        6.000        6.000        6.000
   710:        6.000        6.000        6.000        6.000        6.000
   715:        6.000        6.000        6.000        6.000        6.000
   720:        6.000        6.000        6.000        6.000        6.000
   725:        6.000        6.000        6.000        6.000        6.000
   730:        6.000        6.000        6.000        6.000        6.000
   735:        6.000        6.000        6.000        6.000        6.000
   740:        6.000        6.000        6.000        6.000        6.000
   745:        6.000        6.000        6.000        6.000        6.000
   750:        6.000        6.000        6.000        6.000        6.000
   755:        6.000        6.000        6.000        6.000        6.000
   760:        6.000        6.000        6.000        6.000        6.000
   765:        6.000        6.000        6.000        6.000        6.000
   770:        6.000        6.000        6.000        6.000        6.000
   775:        6.000        6.000        6.000        6.000        6.000
   780:        6.000        6.000        6.000        6.000        6.000
   785:        6.000        6.000        6.000        6.000        6.000
   790:        6.000        6.000        6.000        6.000        6.000
   795:        6.000        6.000        6.000        6.000        6.000
   800:        6.000        6.000        6.000        6.000        6.000
   805:        6.000        6.000        6.000        6.000        6.000
   810:        6.000        6.000        6.000        6.000        6.000
   815:        6.000        6.000        6.000        6.000        6.000
   820:       25.000       24.000       13.000        8.000        5.000
   825:       17.000       18.000       14.000       10.000       19.000
   830:        6.000        6.000        6.000        6.000        6.000
   835:        6.000        6.000        6.000        6.000        6.000
   840:        6.000        6.000        6.000        6.000        6.000
   845:        6.000        6.000        6.000        6.000        6.000
   850:        6.000        6.000        6.000        6.000        6.000
   855:        6.000        6.000        6.000        6.000        6.000
   860:        6.000        6.000        6.000        6.000        6.000
   865:        6.000        6.000        6.000        6.000        6.000
   870:        6.000        6.000        6.000        6.000        6.000
   875:        6.000        6.000        6.000        6.000        6.000
   880:        6.000        6.000       25.000       24.000       13.000
   885:        8.000        5.000       17.000       18.000       14.000
   890:       10.000       19.000        6.000        6.000        6.000
   895:        6.000        6.000        6.000        6.000        6.000
   900:        6.000        6.000        6.000        6.000        6.000
   905:        6.000        6.000        6.000        6.000        6.000
   910:        6.000        6.000        6.000        6.000        6.000
   915:        6.000        6.000        6.000        6.000        2.000
   920:        4.000       22.000       24.000       13.000        8.000
   925:        5.000       17.000       18.000       14.000       10.000
   930:       19.000        6.000        6.000        6.000        6.000
   935:        6.000        6.000        6.000        6.000        6.000
   940:        6.000        6.000        6.000        6.000        6.000
   945:        6.000        6.000        6.000        6.000        6.000
   950:        6.000        6.000        6.000        6.000        6.000
   955:        6.000        6.000        6.000        6.000        6.000
   960:        6.000        6.000       23.000       23.000        6.000
   965:        6.000        6.000        6.000        6.000        6.000
   970:        6.000        6.000        6.000        6.000        6.000
   975:        6.000        6.000        6.000        6.000        6.000
   980:        6.000        6.000        6.000        6.000        6.000
   985:        6.000        6.000        6.000        6.000        6.000
   990:        6.000        6.000        6.000        6.000        6.000
   995:        6.000        6.000        6.000        6.000        6.000
  1000:        6.000        6.000        6.000        6.000       25.000
  1005:       24.000       13.000        8.000        5.000       17.000
  1010:       18.000       14.000       10.000       19.000        6.000
  1015:        6.000        6.000        6.000        6.000        6.000
  1020:        6.000        6.000        6.000        6.000        6.000
  1025:        6.000        6.000        6.000        6.000        6.000
  1030:        6.000        6.000        6.000        6.000        6.000
  1035:        6.000        6.000        6.000        6.000        6.000
  1040:        6.000        6.000        6.000        6.000        6.000
  1045:        6.000        6.000        6.000        6.000        6.000
  1050:        6.000        6.000        6.000        6.000        6.000
  1055:        6.000        6.000        6.000        6.000        6.000
  1060:        6.000        6.000        6.000        6.000        6.000
  1065:        6.000        6.000        6.000        6.000        6.000
  1070:        6.000        6.000        6.000        6.000        6.000
  1075:        6.000        6.000        6.000        6.000        6.000
  1080:       25.000       24.000       13.000        8.000        5.000
  1085:       17.000       18.000       14.000       10.000       19.000
  1090:        6.000        6.000        6.000        6.000        6.000
  1095:        6.000        6.000        6.000        6.000        6.000
  1100:        6.000        6.000        6.000        6.000        6.000
  1105:        6.000        6.000        6.000        6.000        6.000
  1110:        6.000        6.000        6.000        6.000        6.000
  1115:        6.000        6.000        6.000        6.000        6.000
  1120:        6.000        6.000        6.000        6.000        6.000
  1125:        6.000        6.000        6.000        6.000        6.000
  1130:        6.000        6.000        6.000        6.000        6.000
  1135:        6.000        6.000        6.000        6.000        6.000
  1140:        6.000        6.000        6.000        6.000        6.000
  1145:        6.000       25.000       24.000       13.000        8.000
  1150:        5.000       17.000       18.000       14.000       10.000
  1155:       19.000        6.000        6.000        6.000        6.000
  1160:        6.000        6.000        6.000        6.000        6.000
  1165:        6.000        6.000        6.000        6.000        6.000
  1170:        6.000        6.000        6.000        6.000        6.000
  1175:        6.000        6.000        6.000        6.000        6.000
  1180:        6.000        6.000        6.000        6.000        6.000
  1185:        6.000        6.000        6.000        6.000        6.000
  1190:        6.000        6.000        6.000        6.000        6.000
  1195:        6.000        6.000        6.000        6.000        6.000
  1200:        6.000        6.000        6.000        6.000        6.000
  1205:        6.000        6.000        6.000        6.000        6.000
  1210:        6.000        6.000        6.000        6.000        6.000
  1215:        6.000        6.000        6.000        6.000        6.000
  1220:        6.000        6.000        6.000        6.000        6.000
  1225:        6.000        6.000        6.000        6.000        6.000
  1230:        6.000        6.000        6.000        6.000        6.000
  1235:        6.000        6.000        6.000        6.000       25.000
  1240:       24.000       13.000        8.000        5.000       17.000
  1245:       18.000       14.000       10.000       19.000        6.000
  1250:        6.000        6.000        6.000        6.000        6.000
  1255:        6.000        6.000        6.000        6.000        6.000
  1260:        6.000        6.000        6.000        6.000        6.000
  1265:        6.000        6.000        6.000        6.000        6.000
  1270:        6.000        6.000        6.000        6.000        6.000
  1275:        6.000        6.000        6.000        6.000        6.000
  1280:        6.000        6.000        6.000        6.000        6.000
  1285:        6.000        6.000        6.000        6.000        6.000
  1290:        6.000        6.000       25.000       24.000       13.000
  1295:        8.000        5.000       17.000       18.000       14.000
  1300:       10.000       19.000        6.000        6.000        6.000
  1305:        6.000        6.000        6.000        6.000        6.000
  1310:        6.000        6.000        6.000        6.000        6.000
  1315:        6.000        6.000       25.000       24.000       13.000
  1320:        8.000        5.000       17.000       18.000       14.000
  1325:       10.000       19.000        6.000        6.000        6.000
  1330:        6.000        6.000        6.000        6.000        6.000
  1335:        6.000        6.000        6.000        6.000        6.000
  1340:        6.000        6.000        6.000        6.000        6.000
  1345:        6.000        6.000        6.000        6.000        6.000
  1350:        6.000        6.000        6.000        6.000        6.000
  1355:        6.000        6.000        6.000        6.000        6.000
  1360:        6.000        6.000        6.000       25.000       24.000
  1365:       13.000        8.000        5.000       17.000       18.000
  1370:       14.000       10.000       19.000        6.000        6.000
  1375:        6.000        6.000        6.000        6.000        6.000
  1380:        6.000        6.000        6.000        6.000        6.000
  1385:        6.000        6.000        6.000        6.000        6.000
  1390:        6.000        6.000        6.000        6.000        6.000
  1395:        6.000        6.000        6.000        6.000        6.000
  1400:        6.000        6.000        6.000        6.000        6.000
  1405:        6.000        6.000       25.000       24.000       13.000
  1410:        8.000        5.000       17.000       18.000       14.000
  1415:       10.000        6.000        6.000        6.000       19.000
  1420:        6.000        6.000        6.000        6.000        6.000
  1425:        6.000        6.000        6.000        6.000        6.000
  1430:        6.000        6.000        6.000        6.000       25.000
  1435:       24.000       13.000        8.000        5.000       17.000
  1440:       18.000       14.000       10.000       19.000        6.000
  1445:        6.000        6.000        6.000        6.000        6.000
  1450:        6.000        6.000        6.000        6.000        6.000
  1455:        6.000        6.000        6.000        6.000        6.000
  1460:        6.000        6.000        6.000        6.000        6.000
  1465:        6.000        6.000        6.000        6.000        6.000
  1470:        6.000        6.000        6.000        6.000        6.000
  1475:        6.000        6.000        6.000        6.000        6.000
  1480:        6.000        6.000        6.000        6.000        6.000
  1485:        6.000        6.000        6.000        6.000        6.000
  1490:        6.000        6.000       23.000        6.000        6.000
  1495:        6.000        6.000        6.000        6.000        6.000
  1500:        6.000        6.000        6.000        6.000        6.000
  1505:        6.000        6.000        6.000        6.000        6.000
  1510:        6.000        6.000        6.000        6.000        6.000
  1515:        6.000        6.000        6.000        6.000       25.000
  1520:       24.000       13.000        8.000        5.000       17.000
  1525:       18.000       14.000       10.000       19.000        6.000
  1530:        6.000        6.000        6.000        6.000        6.000
  1535:        6.000        6.000        6.000        6.000        6.000
  1540:        6.000        6.000        6.000        6.000        6.000
  1545:        6.000        6.000        6.000        6.000        6.000
  1550:        6.000        6.000        6.000        6.000        6.000
  1555:        6.000        6.000        6.000        6.000        6.000
  1560:        6.000        6.000        6.000        6.000        6.000
  1565:        6.000       25.000       24.000       13.000        8.000
  1570:        5.000       17.000       18.000       14.000       10.000
  1575:       19.000      100.000
T:
     0:        0.000        0.000        0.000        0.000       22.210
     5:       22.330       22.940       22.980       34.730       34.830
    10:       35.050       35.160       35.190       35.310       36.570
    15:       45.460       45.550       46.200       63.170       63.250
    20:       63.420       63.710       69.180       70.480       70.510
    25:       76.370       77.620       78.190       78.260       79.040
    30:       85.730       86.240       86.620       86.630       87.160
    35:       91.490       95.110      100.410      102.260      102.650
    40:      103.500      105.570      106.160      106.810      127.190
    45:      129.010      129.240      129.700      129.730      142.460
    50:      155.610      161.420      161.860      163.860      163.950
    55:      164.190      164.680      165.490      174.480      174.600
    60:      176.570      176.610      190.990      192.820      196.680
    65:      197.290      200.530      221.430      222.600      223.220
    70:      224.810      225.870      225.990      227.400      231.930
    75:      232.290      234.090      234.980      235.300      235.830
    80:      236.210      236.440      256.930      257.130      263.160
    85:      263.160      263.160      263.170      263.170      263.170
    90:      263.170      263.170      263.900      263.900      264.980
    95:      264.980      267.170      268.170      268.170      268.640
   100:      268.960      273.160      273.460      273.550      276.590
   105:      277.780      279.840      280.090      281.690      282.720
   110:      309.870      315.600      317.450      321.080      325.730
   115:      333.320      336.030      338.110      339.530      339.840
   120:      345.730      346.680      351.780      352.300      353.580
   125:      354.890      378.590      378.920      378.980      380.530
   130:      381.200      381.330      382.310      382.440      382.470
   135:      385.360      389.960      390.110      397.040      397.920
   140:      398.710      420.500      420.710      421.130      421.150
   145:      422.130      424.620      425.170      441.110      441.370
   150:      442.450      444.650      452.570      453.100      454.990
   155:      455.280      455.700      456.510      458.850      477.430
   160:      482.280      482.730      483.960      485.480      487.710
   165:      514.620      514.950      515.060      515.990      536.800
   170:      540.670      540.990      541.650      559.530      559.730
   175:      578.980      585.330      585.740      592.940      593.710
   180:      600.310      663.840      665.670      707.350      707.930
   185:      796.660      812.810      812.810      812.810      812.820
   190:      812.820      812.820      812.820      812.820      814.690
   195:      814.690      815.760      815.760      816.820      817.700
   200:      817.700      817.820      817.820      821.900      821.900
   205:      822.810      825.450      838.210      839.160      840.950
   210:      842.530      842.890      849.750      856.970      857.110
   215:      866.220      866.500      868.310      868.630      869.140
   220:      872.440      875.890      875.990      876.400      876.670
   225:      908.910      909.090      909.820      936.040     1018.610
   230:     1018.730     1018.840     1055.490     1057.660     1058.160
   235:     1069.660     1069.710     1069.730     1069.920     1070.730
   240:     1070.810     1075.510     1076.380     1097.120     1097.580
   245:     1109.210     1109.820     1110.230     1123.960     1125.960
   250:     1128.420     1131.220     1131.410     1131.440     1133.700
   255:     1134.870     1135.010     1135.870     1136.510     1136.740
   260:     1137.330     1137.500     1137.850     1138.210     1138.440
   265:     1139.460     1139.750     1140.370     1140.950     1141.160
   270:     1141.350     1141.760     1142.140     1142.350     1142.720
   275:     1142.800     1142.920     1143.840     1144.100     1144.340
   280:     1144.450     1144.890     1144.990     1145.050     1146.240
   285:     1146.870     1147.400     1147.650     1147.880     1148.380
   290:     1149.520     1149.640     1151.540     1151.880     1155.610
   295:     1157.720     1157.820     1158.140     1160.920     1161.300
   300:     1162.090     1167.100     1167.280     1167.460     1168.160
   305:     1172.670     1172.970     1173.350     1173.750     1174.460
   310:     1175.720     1175.960     1176.310     1176.350     1176.860
   315:     1176.980     1177.350     1177.440     1177.640     1186.350
   320:     1199.320     1199.400     1199.660     1201.120     1207.940
   325:     1210.460     1280.950     1284.070     1284.130     1285.370
   330:     1291.790     1316.320     1326.370     1326.700     1333.720
   335:     1333.720     1333.720     1333.730     1333.730     1333.730
   340:     1333.730     1333.730     1337.730     1338.600     1338.600
   345:     1338.730     1338.730     1338.980     1338.980     1339.040
   350:     1339.040     1340.120     1340.120     1343.720     1356.260
   355:     1356.820     1357.380     1358.070     1365.480     1366.310
   360:     1367.740     1368.660     1369.200     1369.380     1369.400
   365:     1369.670     1370.330     1371.700     1371.880     1372.620
   370:     1372.680     1378.430     1380.150     1382.330     1384.850
   375:     1385.250     1390.160     1390.610     1391.100     1391.420
   380:     1391.920     1392.120     1392.450     1394.730     1395.220
   385:     1395.310     1409.460     1409.750     1410.700     1411.220
   390:     1411.620     1425.500     1425.550     1426.340     1437.400
   395:     1438.880     1450.890     1451.330     1452.430     1481.630
   400:     1481.630     1481.630     1481.640     1481.640     1481.640
   405:     1481.640     1481.640     1482.510     1482.510     1485.640
   410:     1486.640     1486.640     1491.630     1496.770     1504.690
   415:     1517.100     1524.680     1525.310     1525.660     1530.170
   420:     1535.860     1535.920     1536.260     1536.690     1536.950
   425:     1542.360     1542.560     1544.480     1544.730     1544.900
   430:     1546.230     1546.260     1546.830     1547.650     1547.880
   435:     1551.330     1551.420     1551.570     1552.570     1584.580
   440:     1584.680     1585.160     1585.970     1591.010     1597.960
   445:     1615.760     1633.600     1633.730     1634.860     1635.190
   450:     1670.190     1701.490     1702.550     1704.700     1705.890
   455:     1713.400     1714.220     1714.400     1714.770     1726.860
   460:     1729.670     1739.140     1740.910     1749.420     1750.400
   465:     1750.900     1759.830     1778.130     1779.020     1779.200
   470:     1779.320     1779.510     1779.640     1780.300     1781.370
   475:     1786.600     1794.880     1809.130     1809.600     1811.330
   480:     1817.640     1817.770     1818.030     1827.150     1836.340
   485:     1836.340     1836.340     1836.350     1836.350     1836.350
   490:     1836.350     1836.350     1838.240     1838.240     1840.350
   495:     1840.510     1841.350     1841.350     1844.260     1844.510
   500:     1846.340     1850.400     1850.490     1854.330     1854.360
   505:     1855.980     1856.500     1860.460     1860.760     1862.620
   510:     1884.800     1885.120     1886.590     1886.830     1888.740
   515:     1889.020     1893.050     1897.340     1897.690     1904.100
   520:     1904.220     1904.470     1904.810     1914.530     1914.780
   525:     1915.440     1920.140     1920.240     1921.580     1926.350
   530:     1927.040     1927.900     1928.580     1932.210     1932.530
   535:     1932.850     1933.490     1934.660     1944.040     1951.480
   540:     1952.640     1953.310     1953.460     1957.380     1958.810
   545:     1958.980     1959.230     1960.200     1964.900     1968.380
   550:     1968.960     1969.580     1972.810     1973.050     1981.340
   555:     1998.620     1998.730     2001.660     2001.950     2002.390
   560:     2003.940     2007.160     2007.480     2011.050     2012.870
   565:     2013.130     2017.840     2018.750     2024.170     2025.190
   570:     2025.960     2028.460     2028.850     2035.470     2035.770
   575:     2035.850     2036.840     2037.800     2038.570     2046.380
   580:     2046.820     2046.940     2059.140     2059.440     2059.570
   585:     2059.830     2068.780     2069.230     2069.410     2069.450
   590:     2071.100     2099.170     2099.390     2100.400     2100.550
   595:     2107.950     2110.440     2111.890     2120.080     2121.060
   600:     2132.230     2145.190     2145.190     2145.190     2145.190
   605:     2145.190     2145.190     2147.190     2147.450     2149.190
   610:     2149.630     2150.050     2150.190     2150.190     2150.330
   615:     2154.220     2155.180     2195.590     2196.340     2196.470
   620:     2196.660     2196.750     2214.250     2215.550     2221.010
   625:     2224.630     2224.940     2229.640     2239.750     2239.990
   630:     2240.910     2242.260     2242.570     2242.840     2249.170
   635:     2255.040     2258.440     2258.440     2258.440     2258.450
   640:     2258.450     2258.450     2258.450     2258.450     2262.450
   645:     2263.450     2263.450     2268.440     2275.170     2275.410
   650:     2275.730     2277.030     2277.050     2278.370     2278.630
   655:     2289.460     2305.030     2312.610     2312.950     2314.220
   660:     2314.530     2321.840     2321.880     2322.050     2322.130
   665:     2323.260     2323.370     2324.700     2325.000     2328.290
   670:     2328.310     2328.470     2332.370     2333.220     2335.330
   675:     2339.450     2339.810     2352.000     2352.700     2360.810
   680:     2360.870     2363.070     2363.240     2363.450     2370.230
   685:     2370.340     2378.890     2379.660     2380.980     2386.180
   690:     2386.500     2389.520     2389.880     2391.690     2400.430
   695:     2400.660     2400.900     2406.300     2415.060     2415.280
   700:     2415.880     2416.400     2422.470     2423.120     2428.810
   705:     2430.850     2430.890     2431.510     2432.520     2432.570
   710:     2432.760     2434.210     2434.810     2435.390     2442.330
   715:     2442.670     2446.330     2446.850     2447.470     2450.710
   720:     2451.690     2459.900     2460.100     2460.180     2465.120
   725:     2471.450     2493.470     2493.660     2494.040     2494.440
   730:     2499.600     2509.710     2511.530     2511.830     2520.800
   735:     2520.830     2521.200     2526.750     2527.240     2527.750
   740:     2527.870     2528.000     2535.140     2537.580     2538.210
   745:     2538.420     2538.840     2539.530     2550.790     2550.900
   750:     2551.190     2559.500     2566.030     2566.610     2566.990
   755:     2567.250     2585.510     2585.870     2586.080     2586.700
   760:     2606.200     2615.950     2616.110     2617.670     2618.380
   765:     2621.990     2622.040     2622.120     2622.170     2631.630
   770:     2632.060     2635.590     2635.820     2646.180     2646.470
   775:     2647.760     2647.800     2648.190     2658.460     2667.830
   780:     2668.550     2668.730     2670.430     2670.950     2671.740
   785:     2672.420     2672.530     2673.620     2684.130     2686.090
   790:     2686.420     2691.340     2691.840     2692.050     2701.470
   795:     2701.540     2702.040     2702.640     2702.860     2702.960
   800:     2703.330     2703.820     2705.920     2706.350     2710.120
   805:     2724.600     2738.120     2738.340     2739.330     2739.360
   810:     2740.190     2759.060     2771.030     2773.180     2787.780
   815:     2788.850     2830.410     2839.470     2859.760     2863.160
   820:     2868.440     2868.450     2868.450     2868.450     2868.450
   825:     2868.450     2872.450     2873.450     2873.450     2878.440
   830:     2880.010     2880.140     2889.340     2916.380     2924.170
   835:     2929.820     2957.030     2957.320     2957.350     2957.570
   840:     2961.970     2963.250     2987.260     3020.260     3038.150
   845:     3038.240     3038.440     3042.840     3069.790     3081.100
   850:     3090.210     3159.590     3168.940     3214.200     3221.190
   855:     3221.500     3231.000     3231.070     3235.970     3236.510
   860:     3257.410     3271.350     3296.050     3312.800     3321.530
   865:     3325.690     3331.470     3342.570     3357.100     3358.020
   870:     3360.720     3369.710     3369.840     3370.070     3381.440
   875:     3393.700     3403.130     3409.120     3409.290     3411.130
   880:     3436.550     3452.180     3478.440     3478.450     3478.450
   885:     3478.450     3478.450     3478.450     3482.450     3483.450
   890:     3483.450     3488.440     3607.580     3645.850     3645.960
   895:     3662.910     3663.520     3680.260     3681.180     3687.450
   900:     3698.760     3715.200     3728.680     3750.330     3750.650
   905:     3758.930     3767.450     3856.810     3904.350     3915.250
   910:     3937.260     3957.670     3957.990     3975.410     3976.130
   915:     3976.190     3976.300     3976.820     3977.010     3996.850
   920:     3996.850     3996.850     3996.860     3996.860     3996.860
   925:     3996.860     3996.860     4000.860     4001.860     4001.860
   930:     4006.850     4007.500     4016.030     4024.040     4029.880
   935:     4030.250     4030.590     4031.740     4036.570     4036.870
   940:     4037.170     4037.560     4054.370     4071.230     4113.650
   945:     4126.490     4126.660     4126.990     4127.560     4127.610
   950:     4179.830     4196.820     4203.630     4237.670     4238.230
   955:     4238.270     4238.600     4238.790     4239.070     4240.780
   960:     4247.200     4267.860     4279.770     4281.090     4287.050
   965:     4287.820     4289.650     4290.840     4343.700     4350.470
   970:     4352.350     4352.640     4356.400     4377.470     4380.990
   975:     4381.450     4387.340     4388.560     4389.090     4400.360
   980:     4401.180     4408.480     4408.630     4408.990     4409.490
   985:     4425.560     4428.580     4461.370     4481.790     4486.550
   990:     4490.550     4490.660     4490.900     4517.160     4520.880
   995:     4521.820     4531.680     4541.990     4546.490     4563.680
  1000:     4567.430     4567.830     4596.230     4596.530     4606.850
  1005:     4606.860     4606.860     4606.860     4606.860     4606.860
  1010:     4610.860     4611.860     4611.860     4616.850     4621.390
  1015:     4625.290     4633.890     4664.230     4671.030     4690.730
  1020:     4691.350     4699.360     4700.520     4703.350     4703.620
  1025:     4704.710     4706.110     4712.540     4713.300     4719.930
  1030:     4720.740     4721.570     4736.190     4737.120     4743.740
  1035:     4743.840     4744.610     4746.610     4746.830     4748.250
  1040:     4749.810     4750.000     4750.180     4751.220     4771.450
  1045:     4771.950     4774.560     4787.170     4788.040     4795.070
  1050:     4802.280     4807.410     4851.930     4852.950     4862.630
  1055:     4880.130     4916.630     4916.720     4916.760     4918.210
  1060:     4918.410     4966.680     5052.300     5057.800     5058.440
  1065:     5114.950     5115.900     5121.240     5134.240     5134.540
  1070:     5180.220     5189.570     5189.720     5189.900     5190.100
  1075:     5190.220     5198.440     5198.650     5206.540     5207.070
  1080:     5216.850     5216.860     5216.860     5216.860     5216.860
  1085:     5216.860     5220.860     5221.860     5221.860     5226.850
  1090:     5233.900     5247.960     5263.620     5264.050     5285.560
  1095:     5290.550     5302.940     5303.410     5304.240     5308.760
  1100:     5310.380     5327.910     5339.240     5368.280     5368.730
  1105:     5369.620     5378.480     5378.580     5378.660     5398.080
  1110:     5398.370     5399.580     5408.320     5409.140     5410.430
  1115:     5435.120     5442.130     5463.440     5465.750     5465.910
  1120:     5470.380     5492.640     5506.050     5506.100     5507.460
  1125:     5577.730     5601.060     5626.120     5627.040     5627.130
  1130:     5627.520     5709.300     5709.840     5730.570     5731.310
  1135:     5731.550     5753.050     5754.270     5762.860     5772.940
  1140:     5786.050     5815.490     5819.040     5819.410     5824.260
  1145:     5825.140     5826.850     5826.860     5826.860     5826.860
  1150:     5826.860     5826.860     5830.860     5831.860     5831.860
  1155:     5836.850     5843.580     5844.160     5844.450     5862.420
  1160:     5862.530     5863.670     5865.460     5865.680     5865.870
  1165:     5871.250     5876.150     5876.570     5876.910     5877.140
  1170:     5888.400     5912.710     5913.990     5915.700     5926.930
  1175:     5933.230     5933.400     5944.090     5945.270     5945.870
  1180:     5969.450     5970.330     5976.460     5977.350     5984.780
  1185:     5985.840     6017.390     6017.770     6025.120     6025.810
  1190:     6030.450     6030.740     6031.390     6067.200     6076.900
  1195:     6077.410     6105.780     6105.890     6106.600     6106.690
  1200:     6106.850     6107.140     6107.850     6111.680     6112.190
  1205:     6112.200     6113.110     6127.420     6127.490     6127.530
  1210:     6131.910     6132.970     6133.900     6134.450     6135.140
  1215:     6135.480     6136.030     6144.400     6146.430     6167.370
  1220:     6208.410     6215.700     6216.130     6246.510     6258.030
  1225:     6294.870     6295.920     6344.020     6344.180     6344.850
  1230:     6352.370     6352.570     6354.010     6370.670     6376.010
  1235:     6376.720     6391.360     6391.730     6432.380     6436.850
  1240:     6436.860     6436.860     6436.860     6436.860     6436.860
  1245:     6440.860     6441.860     6441.860     6446.850     6460.390
  1250:     6460.760     6461.280     6493.250     6493.390     6493.780
  1255:     6494.990     6495.700     6496.340     6500.720     6501.100
  1260:     6513.600     6514.260     6514.980     6525.500     6525.600
  1265:     6535.860     6536.240     6547.090     6547.760     6548.390
  1270:     6553.430     6553.950     6564.020     6564.250     6564.430
  1275:     6564.550     6574.110     6574.290     6596.400     6624.000
  1280:     6624.380     6757.920     6803.990     6804.690     6812.060
  1285:     6812.530     6819.490     6830.470     6857.820     6907.740
  1290:     6907.960     6941.200     7046.850     7046.860     7046.860
  1295:     7046.860     7046.860     7046.860     7050.860     7051.860
  1300:     7051.860     7056.850     7076.200     7097.700     7248.710
  1305:     7252.620     7256.430     7257.200     7262.520     7265.550
  1310:     7270.450     7323.240     7344.100     7344.430     7398.030
  1315:     7457.920     7641.650     7656.850     7656.860     7656.860
  1320:     7656.860     7656.860     7656.860     7660.860     7661.860
  1325:     7661.860     7666.850     7677.890     7679.200     7809.220
  1330:     7814.420     7816.180     7842.990     7925.930     7937.270
  1335:     7956.800     7957.830     7998.890     8000.490     8000.790
  1340:     8012.640     8013.200     8013.430     8021.740     8022.240
  1345:     8022.480     8023.200     8027.010     8046.210     8049.530
  1350:     8073.590     8088.630     8110.440     8125.820     8134.650
  1355:     8199.150     8200.010     8200.580     8229.450     8229.580
  1360:     8229.850     8243.660     8243.820     8266.850     8266.860
  1365:     8266.860     8266.860     8266.860     8266.860     8270.860
  1370:     8271.860     8271.860     8276.850     8284.450     8290.670
  1375:     8291.590     8314.520     8314.720     8314.950     8317.260
  1380:     8317.590     8318.170     8322.910     8329.950     8330.600
  1385:     8330.750     8331.140     8339.440     8339.940     8340.320
  1390:     8428.190     8428.270     8477.360     8499.950     8537.180
  1395:     8558.950     8559.420     8560.760     8565.650     8566.370
  1400:     8571.540     8579.050     8594.110     8603.720     8621.970
  1405:     8622.690     8644.510     8876.850     8876.860     8876.860
  1410:     8876.860     8876.860     8876.860     8880.860     8881.860
  1415:     8881.860     8883.040     8883.080     8883.220     8886.850
  1420:     9170.090     9171.830     9193.900     9193.960     9265.940
  1425:     9266.600     9266.850     9267.310     9268.160     9285.300
  1430:     9299.670     9306.020     9319.240     9467.680     9486.850
  1435:     9486.860     9486.860     9486.860     9486.860     9486.860
  1440:     9490.860     9491.860     9491.860     9496.850     9665.170
  1445:     9700.210     9700.500     9700.690     9701.850     9708.660
  1450:     9711.450     9716.010     9722.070     9722.360     9722.440
  1455:     9723.020     9723.230     9735.760     9737.480     9737.590
  1460:     9738.050     9739.680     9741.030     9744.400     9755.790
  1465:     9755.860     9756.650     9757.220     9758.760     9760.260
  1470:     9760.610     9764.230     9765.320     9774.550     9778.150
  1475:     9778.470     9779.670     9781.380     9781.540     9781.730
  1480:     9781.770     9782.160     9782.320     9782.430     9783.760
  1485:     9784.080     9789.970     9790.730     9792.490     9792.760
  1490:     9793.630     9793.750     9806.690     9837.140     9837.470
  1495:     9837.780     9840.170     9842.140     9844.610     9844.680
  1500:     9844.770     9846.850     9852.200     9852.550     9853.490
  1505:     9854.140     9854.460     9854.580     9854.640     9855.010
  1510:     9855.230     9855.300     9855.530     9855.920     9945.750
  1515:     9946.280     9954.690     9955.120    10011.210    10096.850
  1520:    10096.860    10096.860    10096.860    10096.860    10096.860
  1525:    10100.860    10101.860    10101.860    10106.850    10262.670
  1530:    10263.090    10267.320    10269.220    10270.550    10270.800
  1535:    10275.970    10276.440    10322.360    10322.990    10329.190
  1540:    10359.350    10447.420    10447.750    10449.200    10470.220
  1545:    10472.140    10472.670    10473.230    10479.980    10480.450
  1550:    10480.730    10481.190    10482.690    10512.430    10512.540
  1555:    10514.330    10514.750    10526.270    10534.610    10535.360
  1560:    10637.050    10637.600    10637.900    10648.410    10688.870
  1565:    10701.790    10706.850    10706.860    10706.860    10706.860
  1570:    10706.860    10706.860    10710.860    10711.860    10711.860
  1575:    10716.850    10800.010
