File: C:\MED-PC IV\DATA\!2025-05-31_11h18m.Subject T4



Start Date: 05/31/25
End Date: 05/31/25
Subject: T4
Experiment: OralFentSA
Group: One
Box: 4
Start Time: 11:18:40
End Time: 14:18:44
MSN: Golden_Liq_SelfAdmin
F:       0.000
G:     782.000
H:   10800.010
I:       0.000
J:       0.000
K:       0.000
L:       0.000
M:       0.000
N:       0.000
O:       0.000
P:       0.000
Q:       0.000
R:       0.000
S:       0.000
U:       0.000
V:       0.000
W:       0.000
X:       0.000
Y:       0.000
Z:       0.000
A:
     0:        0.000        0.000      180.000        4.000        0.000
     5:        5.000        0.000        5.000        0.000        0.000
    10:        1.000        0.000       10.000 30000000.000       20.000
    15:       15.000      640.000        0.000        0.000        0.000
    20:        0.000
B:
     0:        0.000        0.000        0.000      400.000        0.000
     5:      500.000        0.000      500.000        0.000        0.000
    10:        0.000        0.000     1000.000 3000000000.0        0.000
    15:        0.000        0.000        0.000        0.000        0.000
    20:        0.000
C:
     0:        8.000        9.000        0.000       14.000      631.000
     5:     9392.120        3.230        7.000       82.130       11.733
    10:       14.000       23.000        0.000        0.000        0.000
    15:        0.000        0.000        0.000        0.000        0.000
    20:        0.000
D:
     0:        2.200        4.870        2.280        9.500       56.820
     5:        3.230        3.230
E:
     0:       19.000       11.000       26.000       27.000        6.000
     5:        6.000        6.000        6.000        6.000        6.000
    10:        6.000        6.000        6.000        6.000        6.000
    15:        6.000        6.000        6.000        6.000        6.000
    20:       23.000       23.000        6.000        6.000        6.000
    25:        6.000        6.000        2.000        4.000       22.000
    30:       24.000       12.000       13.000        8.000        5.000
    35:       17.000       18.000       14.000       10.000       19.000
    40:       11.000        2.000        4.000       22.000       24.000
    45:       12.000       13.000        8.000        5.000       17.000
    50:        6.000       18.000       14.000       10.000        6.000
    55:       19.000       11.000        6.000        6.000        6.000
    60:        6.000        6.000        6.000       23.000        6.000
    65:       23.000       23.000       23.000        6.000        6.000
    70:        6.000        6.000        6.000        6.000        6.000
    75:        6.000        6.000        6.000        6.000        6.000
    80:        6.000        6.000        6.000        6.000        6.000
    85:        6.000        6.000        6.000        6.000        6.000
    90:        6.000        6.000        6.000        6.000        6.000
    95:        6.000        6.000        6.000        6.000        6.000
   100:        6.000        6.000        6.000        6.000        6.000
   105:        6.000        6.000        6.000        6.000        6.000
   110:        6.000        6.000        6.000        6.000        6.000
   115:        6.000        6.000        6.000        6.000        6.000
   120:        6.000        6.000        6.000        6.000        6.000
   125:        6.000        6.000        6.000        6.000        6.000
   130:        6.000        6.000        6.000        6.000        6.000
   135:        6.000        6.000        6.000        6.000        6.000
   140:        6.000        6.000        6.000        6.000        6.000
   145:        6.000        6.000        6.000        6.000        6.000
   150:        6.000        6.000        6.000        6.000        6.000
   155:        6.000        6.000        6.000        6.000        6.000
   160:        6.000        6.000        6.000        6.000        6.000
   165:        6.000        6.000        6.000        6.000        6.000
   170:        6.000        6.000        6.000        6.000        6.000
   175:        6.000        6.000        6.000        6.000        6.000
   180:        6.000        6.000        6.000        6.000        6.000
   185:        6.000        6.000        6.000        6.000        6.000
   190:        6.000        6.000        6.000        6.000        6.000
   195:        6.000        6.000        6.000        6.000        6.000
   200:        6.000        6.000        6.000        6.000        6.000
   205:        6.000        6.000        6.000        6.000        6.000
   210:        6.000        6.000        6.000        6.000        6.000
   215:        6.000        6.000        6.000        6.000        6.000
   220:        6.000        6.000        6.000        6.000        6.000
   225:        6.000        6.000        6.000        6.000        6.000
   230:        6.000        2.000        4.000       22.000       24.000
   235:       12.000       13.000        8.000        5.000       17.000
   240:       21.000       22.000       18.000        6.000       14.000
   245:       10.000       19.000       11.000        2.000        4.000
   250:       22.000       24.000       12.000       13.000        8.000
   255:        5.000       17.000        6.000       18.000       14.000
   260:       10.000       19.000       11.000        6.000        6.000
   265:        6.000        6.000        6.000        6.000        6.000
   270:        6.000        6.000        6.000        6.000        6.000
   275:        6.000        6.000        6.000        6.000        6.000
   280:        6.000        6.000        6.000        6.000        6.000
   285:        6.000        6.000        6.000        6.000        6.000
   290:        6.000        6.000        6.000       23.000       23.000
   295:        6.000        6.000        6.000        6.000        6.000
   300:        6.000        6.000        6.000        6.000        6.000
   305:        6.000        6.000        6.000        6.000        6.000
   310:        6.000        6.000        6.000        6.000        6.000
   315:        6.000        6.000        6.000        6.000        6.000
   320:        6.000        6.000        6.000        6.000        6.000
   325:        6.000        6.000       23.000        6.000        6.000
   330:        6.000        6.000        6.000        6.000        6.000
   335:        6.000        6.000        6.000        6.000        6.000
   340:        6.000        6.000        6.000        6.000        6.000
   345:        6.000        6.000        6.000        6.000        6.000
   350:        6.000        6.000        6.000        6.000        6.000
   355:        6.000        6.000        6.000        6.000        6.000
   360:        6.000        6.000        6.000        6.000        6.000
   365:        2.000        4.000       22.000       24.000       12.000
   370:       13.000        8.000        5.000       17.000       18.000
   375:       21.000       22.000       14.000       10.000        6.000
   380:       19.000       11.000        6.000        6.000        6.000
   385:        2.000        4.000       22.000       24.000       12.000
   390:       13.000        8.000        5.000       17.000       18.000
   395:       21.000       22.000       14.000       10.000       19.000
   400:       11.000       23.000        6.000        6.000        6.000
   405:        6.000        6.000        6.000        6.000        6.000
   410:        6.000        6.000        6.000        6.000        6.000
   415:        6.000        6.000        6.000        6.000        6.000
   420:        6.000        6.000        6.000        6.000        6.000
   425:        6.000        6.000        6.000        6.000        6.000
   430:        6.000        6.000        6.000        6.000        6.000
   435:        6.000        6.000        6.000        6.000        6.000
   440:        6.000        6.000        6.000        6.000        6.000
   445:        6.000        6.000        6.000        6.000        6.000
   450:        6.000        6.000        6.000        6.000        6.000
   455:        6.000        6.000        6.000        6.000        6.000
   460:        6.000        6.000        6.000        6.000        6.000
   465:        6.000        6.000        6.000        6.000        6.000
   470:        6.000        6.000        6.000        6.000        6.000
   475:        6.000        6.000        6.000        6.000        6.000
   480:        6.000        6.000        6.000        6.000        6.000
   485:        6.000        6.000        6.000        6.000        6.000
   490:        6.000        6.000        6.000        6.000        6.000
   495:        6.000        6.000        6.000        6.000        6.000
   500:        6.000        6.000        6.000        6.000        6.000
   505:        6.000        6.000        6.000        6.000        6.000
   510:        6.000        6.000        6.000        6.000        6.000
   515:        6.000        6.000        6.000        6.000        6.000
   520:        6.000        6.000        6.000        6.000        6.000
   525:        6.000        6.000        6.000        6.000        6.000
   530:        6.000        6.000        6.000        6.000        6.000
   535:        6.000        6.000        6.000        6.000        6.000
   540:        6.000        6.000        6.000        6.000        6.000
   545:        6.000        6.000        6.000        6.000        6.000
   550:        6.000        6.000        6.000        6.000        6.000
   555:        6.000        6.000        6.000        6.000       23.000
   560:       23.000       23.000       23.000       23.000       23.000
   565:       23.000       23.000        6.000        6.000       23.000
   570:        6.000        2.000        4.000       22.000       24.000
   575:       12.000       13.000        8.000        5.000       17.000
   580:       21.000       22.000        6.000       18.000       14.000
   585:       10.000       21.000       22.000       21.000       22.000
   590:       19.000       11.000       23.000       23.000        6.000
   595:        6.000       23.000       23.000        6.000        6.000
   600:        6.000        6.000        2.000        4.000       22.000
   605:       24.000       12.000       13.000        8.000        5.000
   610:       17.000        6.000       18.000       14.000       10.000
   615:       19.000       11.000        6.000        6.000        6.000
   620:        6.000        6.000        6.000        6.000        6.000
   625:        6.000        6.000        6.000        6.000        6.000
   630:        6.000        6.000        6.000        6.000        6.000
   635:        6.000        6.000        6.000        6.000        6.000
   640:        6.000        6.000        6.000        6.000        6.000
   645:        6.000        6.000        6.000        6.000        6.000
   650:        6.000        6.000        6.000        6.000        6.000
   655:        6.000        6.000        6.000        6.000        6.000
   660:        6.000        6.000        6.000        6.000        6.000
   665:        6.000        6.000        6.000        6.000        6.000
   670:        6.000        6.000        6.000        6.000        6.000
   675:        6.000        6.000        6.000        6.000        6.000
   680:        6.000        6.000        6.000        6.000        6.000
   685:        6.000        6.000        6.000        6.000        6.000
   690:        6.000        6.000        6.000        6.000        6.000
   695:        6.000        6.000        6.000        6.000        6.000
   700:        6.000        6.000        6.000        6.000        6.000
   705:        6.000        6.000        6.000        6.000        6.000
   710:        6.000        6.000        6.000        6.000        6.000
   715:        6.000        6.000        6.000        6.000        6.000
   720:        6.000        6.000        6.000        6.000        6.000
   725:        6.000        6.000        6.000        6.000        6.000
   730:        6.000        6.000        6.000        6.000        6.000
   735:        6.000        6.000        6.000        6.000        6.000
   740:        6.000        6.000        6.000        6.000        6.000
   745:        6.000        6.000        6.000        6.000        6.000
   750:        6.000        6.000        6.000        6.000        6.000
   755:        6.000        6.000        6.000        6.000        6.000
   760:        6.000        6.000        6.000        6.000        6.000
   765:        6.000        6.000        6.000        6.000        6.000
   770:        6.000        6.000        6.000        6.000        6.000
   775:        6.000        6.000        6.000        6.000        6.000
   780:        6.000        6.000      100.000
T:
     0:        0.000        0.000        0.000        0.000       75.680
     5:      161.030      263.170      277.850      277.950      278.210
    10:      278.340      278.430      280.360      280.510      280.600
    15:      282.250      282.790      283.310      328.830      439.490
    20:      491.810      520.140      534.170      534.250      534.990
    25:      535.080      535.260      556.970      556.970      556.970
    30:      556.980      556.980      556.980      556.980      556.980
    35:      556.980      560.980      561.980      561.980      566.970
    40:      566.980      578.810      578.810      578.810      578.820
    45:      578.820      578.820      578.820      578.820      578.820
    50:      581.020      582.820      583.820      583.820      586.870
    55:      588.810      588.820      589.840      589.990      591.150
    60:      595.790      628.750      629.870      670.890      672.400
    65:      675.960      683.540      684.280      764.690      764.870
    70:      775.010      836.720     1132.240     1136.960     1137.660
    75:     1138.430     1141.560     1141.750     1143.730     1144.200
    80:     1152.440     1152.510     1152.710     1153.130     1155.480
    85:     1155.690     1156.040     1158.460     1158.520     1161.250
    90:     1161.830     1175.740     1176.260     1176.600     1177.420
    95:     1177.740     1880.840     1880.850     1881.160     1881.370
   100:     1882.650     1886.210     1894.370     1894.790     1897.270
   105:     1927.720     1988.120     1988.900     1990.520     1992.070
   110:     1992.250     1994.610     1995.030     1995.190     1995.690
   115:     1997.480     1997.640     1998.010     1998.400     1998.490
   120:     1999.270     1999.510     1999.680     2000.100     2000.270
   125:     2000.940     2004.350     2004.440     2004.470     2004.580
   130:     2007.360     2007.690     2011.020     2016.790     2018.690
   135:     2021.990     2023.060     2023.110     2023.460     2023.690
   140:     2023.700     2024.120     2025.150     2025.670     2036.810
   145:     2038.660     2041.720     2041.790     2048.560     2048.660
   150:     2051.780     2052.060     2052.120     2063.200     2127.120
   155:     2127.200     2128.730     2129.810     2140.640     2140.780
   160:     2155.100     2166.570     2166.620     2166.660     2167.080
   165:     2167.860     2168.030     2168.420     2169.910     2170.910
   170:     2171.940     2171.980     2175.070     2175.210     2175.670
   175:     2175.830     2185.630     2209.420     2211.070     2211.470
   180:     2212.450     2212.570     2213.010     2213.750     2213.880
   185:     2214.340     2214.600     2590.960     2667.770     2667.820
   190:     2667.990     2668.570     2669.980     2678.510     2681.500
   195:     2682.460     2682.870     2683.220     2683.970     2684.390
   200:     2684.940     2715.750     2716.240     2716.270     2716.500
   205:     2716.630     2718.600     2718.870     2720.580     2721.480
   210:     2721.830     2721.920     2722.660     2724.740     2725.540
   215:     2725.860     2726.630     2726.720     2727.970     2729.770
   220:     2730.290     2730.570     2731.180     2732.990     2739.470
   225:     2740.610     2741.080     2785.730     2785.940     2801.150
   230:     2858.780     2868.240     2868.240     2868.240     2868.250
   235:     2868.250     2868.250     2868.250     2868.250     2868.250
   240:     2870.320     2870.320     2872.250     2873.120     2873.250
   245:     2873.250     2878.240     2878.250     2908.990     2908.990
   250:     2908.990     2909.000     2909.000     2909.000     2909.000
   255:     2909.000     2909.000     2911.280     2913.000     2914.000
   260:     2914.000     2918.990     2919.000     2922.820     2923.150
   265:     2923.250     2924.640     3059.660     3066.500     3070.590
   270:     3071.890     3072.250     3072.320     3072.810     3073.510
   275:     3076.390     3076.540     3076.680     3076.840     3077.130
   280:     3079.560     3079.800     3079.960     3080.270     3081.520
   285:     3081.920     3085.090     3085.360     3086.940     3087.070
   290:     3127.800     3129.480     3129.560     3186.970     3197.570
   295:     3252.200     3312.990     3323.890     3324.050     3324.720
   300:     3324.740     3325.210     3340.030     3354.020     3743.540
   305:     3744.850     3745.550     3745.580     3745.650     3746.270
   310:     3756.480     3756.620     3804.340     3804.560     3804.580
   315:     3804.630     3806.780     3807.440     3807.970     3885.290
   320:     3905.640     3918.950     4314.790     4314.800     4315.010
   325:     4348.810     4369.380     4428.270     4455.890     4459.230
   330:     4460.680     4460.830     4462.870     4463.020     4463.960
   335:     4464.130     4464.210     4464.370     4482.340     4482.820
   340:     4484.690     4488.320     4488.350     4489.090     4489.240
   345:     4489.790     4490.580     4490.620     4491.180     4492.050
   350:     4492.110     4492.360     4492.540     4492.610     4492.730
   355:     4493.050     4496.290     4498.430     4503.720     4505.330
   360:     4524.590     4525.640     4532.610     4533.480     4533.500
   365:     4580.590     4580.590     4580.590     4580.600     4580.600
   370:     4580.600     4580.600     4580.600     4580.600     4584.600
   375:     4585.250     4585.250     4585.600     4585.600     4590.100
   380:     4590.590     4590.600     4591.330     4591.390     4591.510
   385:     4595.100     4595.100     4595.100     4595.110     4595.110
   390:     4595.110     4595.110     4595.110     4595.110     4599.110
   395:     4599.780     4599.780     4600.110     4600.110     4605.100
   400:     4605.110     4649.810     4651.930     4769.960     4771.490
   405:     4771.580     4771.670     4771.780     4771.860     4772.020
   410:     4773.230     4773.560     4773.650     4773.760     4774.240
   415:     4774.600     4775.410     4775.680     4775.770     4776.750
   420:     4776.810     4777.470     4784.010     4784.750     4784.840
   425:     4784.860     4784.960     4786.260     4786.320     4787.840
   430:     4789.500     4790.040     4793.400     4793.940     4794.290
   435:     4794.760     4795.260     4795.730     4796.250     4796.370
   440:     4796.820     4849.640     4851.940     4852.920     5172.060
   445:     5180.610     5249.240     5249.810     5250.720     5348.950
   450:     5597.550     5597.860     5605.800     5606.240     5607.370
   455:     5885.220     5885.240     5885.340     5885.430     5885.450
   460:     5885.480     5885.970     5905.260     6185.530     6185.570
   465:     6186.860     6186.960     6187.530     6187.920     6191.200
   470:     6192.290     6192.790     6194.130     6207.790     6208.240
   475:     6208.950     6209.340     6209.960     6211.800     6211.980
   480:     6215.630     6216.620     6216.720     6221.380     6222.140
   485:     6222.870     6224.940     6228.160     6228.230     6228.590
   490:     6284.850     6285.060     6289.340     6314.370     6472.340
   495:     6472.360     6670.720     6802.780     7334.140     7759.330
   500:     7781.740     7785.390     7786.550     7787.820     7789.220
   505:     7790.000     7848.750     7848.840     7900.370     7900.580
   510:     7960.180     7964.030     8382.190     8392.490     8392.690
   515:     8400.220     8401.390     8428.360     8429.400     8429.470
   520:     8429.640     8435.270     8435.830     8436.160     8436.790
   525:     8437.990     8460.370     8634.580     8636.700     8640.430
   530:     8640.670     8640.870     8641.570     8642.280     8650.010
   535:     8665.400     8681.750     8702.950     8703.300     8706.730
   540:     8729.660     8731.070     8736.760     8737.070     8844.160
   545:     8844.220     8913.600     8915.910     8916.140     8918.250
   550:     8918.490     8918.540     8918.600     8918.680     8921.090
   555:     8921.120     8921.280     8921.390     8931.540     9000.370
   560:     9004.550     9025.570     9025.730     9092.740     9111.740
   565:     9121.740     9139.250     9148.300     9188.470     9196.770
   570:     9227.950     9247.530     9247.530     9247.530     9247.540
   575:     9247.540     9247.540     9247.540     9247.540     9247.540
   580:     9249.020     9249.020     9250.770     9251.540     9252.540
   585:     9252.540     9253.260     9253.260     9254.740     9254.740
   590:     9257.530     9257.540     9267.540     9274.110     9281.510
   595:     9283.350     9295.900     9333.060     9370.950     9371.010
   600:     9371.030     9391.940     9392.110     9392.110     9392.110
   605:     9392.120     9392.120     9392.120     9392.120     9392.120
   610:     9392.120     9395.350     9396.120     9397.120     9397.120
   615:     9402.110     9402.120     9446.050     9757.900     9761.910
   620:     9770.230     9770.920     9771.130     9772.320     9772.610
   625:     9772.630     9773.380     9773.450     9774.180     9774.770
   630:     9775.480     9777.320     9781.810     9782.160     9782.360
   635:     9787.900     9788.220     9789.650     9790.840     9792.070
   640:     9792.140     9793.450     9793.560     9795.300     9796.810
   645:     9797.090     9798.360     9798.740     9799.580     9804.810
   650:     9807.700     9808.310     9809.680     9810.080     9812.320
   655:     9814.240     9815.230     9817.230     9818.120     9819.350
   660:     9819.570     9820.520     9820.620     9820.690     9821.110
   665:     9821.620     9834.990     9836.460     9838.320     9839.980
   670:     9840.680     9840.930     9842.000     9843.650     9844.850
   675:     9846.020     9846.120     9846.990     9848.890     9850.430
   680:     9853.910     9859.970     9860.990     9861.320     9861.910
   685:     9862.790     9865.770     9869.920     9873.710     9874.210
   690:     9875.120     9876.210     9913.050     9915.720     9916.070
   695:     9918.680     9920.430     9922.700     9924.130     9928.620
   700:     9928.990     9929.770     9932.730     9934.160     9935.990
   705:     9938.810     9939.040     9939.230     9939.420     9939.470
   710:     9939.680     9939.790     9939.810     9939.840     9941.330
   715:     9941.480     9942.940     9952.410     9956.350     9956.590
   720:     9957.690     9957.820     9958.980     9960.650     9962.530
   725:    10033.780    10033.840    10097.210    10098.420    10098.750
   730:    10100.200    10174.370    10175.280    10175.500    10176.790
   735:    10177.930    10178.070    10178.170    10178.260    10178.380
   740:    10181.880    10182.460    10196.470    10198.730    10484.610
   745:    10485.770    10486.530    10486.740    10486.910    10515.540
   750:    10516.070    10518.560    10519.160    10520.290    10525.460
   755:    10548.880    10580.270    10581.120    10582.670    10583.020
   760:    10635.140    10635.380    10635.740    10637.530    10638.560
   765:    10639.110    10681.450    10681.720    10681.910    10683.220
   770:    10685.130    10686.610    10687.850    10688.220    10690.680
   775:    10691.640    10693.580    10790.370    10791.450    10793.480
   780:    10793.520    10795.020    10800.010
