File: C:\MED-PC IV\DATA\!2025-09-10_12h28m.Subject T14



Start Date: 09/10/25
End Date: 09/10/25
Subject: T14
Experiment: OralFentSA
Group: One
Box: 2
Start Time: 12:28:38
End Time: 15:28:44
MSN: Golden_Liq_SelfAdmin_EXT_LIT
F:       0.000
G:    2602.000
H:   10800.010
I:       0.000
J:       0.000
K:       0.000
L:       0.000
M:       0.000
N:       0.000
O:       0.000
P:       0.000
Q:       0.000
R:       0.000
S:       0.000
U:       0.000
V:       0.000
W:       0.000
X:       0.000
Y:       0.000
Z:       0.000
A:
     0:        0.000        0.000      180.000        4.000        0.000
     5:        5.000        0.000        5.000        0.000        0.000
    10:        1.000        0.000       10.000 100000000.00       21.000
    15:       18.000      640.000        0.000        0.000        0.000
    20:        0.000
B:
     0:        0.000        0.000        0.000        0.000        0.000
     5:        0.000        0.000        0.000        0.000        0.000
    10:        0.000        0.000     1000.000 10000000000.        0.000
    15:        0.000        0.000        0.000        0.000        0.000
    20:        0.000
C:
     0:        0.000       72.000        0.000      281.000     1801.000
     5:    10594.690       39.880       59.000     1029.800       17.454
    10:      281.000       22.000        0.000        0.000        0.000
    15:        0.000        0.000        0.000        0.000        0.000
    20:        0.000
D:
     0:       12.770        1.360       37.600       45.140       36.230
     5:        1.720       71.740        4.030        6.190       23.380
    10:        6.600        3.050        8.510        3.260        1.850
    15:        2.660       34.040        1.360        3.570        4.100
    20:       12.240        1.210        1.920        1.430        2.700
    25:        4.270       18.680        8.460        1.410        1.570
    30:        0.940      109.990        2.320       24.530       33.520
    35:        1.750        4.910       17.620       11.500        3.740
    40:        2.980        2.740       16.680        2.620        2.890
    45:       82.370       29.290        3.770       25.440       44.830
    50:        4.170        5.710        6.370        2.590        4.550
    55:       36.510        6.690      135.850       39.880
E:
     0:       19.000       11.000       26.000       27.000        6.000
     5:        6.000        6.000        6.000        6.000        6.000
    10:        6.000        6.000        6.000        6.000        6.000
    15:        6.000        6.000        6.000        6.000        6.000
    20:        6.000        6.000        6.000        6.000        6.000
    25:        6.000        6.000        6.000        6.000        6.000
    30:        6.000        6.000        6.000        6.000        6.000
    35:        2.000        4.000       22.000       24.000       19.000
    40:        6.000        6.000        6.000        6.000       23.000
    45:        6.000        6.000        6.000        6.000        6.000
    50:        6.000        6.000        6.000        6.000        6.000
    55:        6.000        6.000        6.000        6.000        6.000
    60:        6.000        6.000        6.000        6.000        6.000
    65:       23.000        6.000        6.000        6.000        6.000
    70:        6.000        6.000        6.000        6.000        2.000
    75:        4.000       22.000       24.000        6.000       19.000
    80:        2.000        4.000       22.000       24.000       19.000
    85:        2.000        4.000       22.000       24.000       21.000
    90:       22.000       19.000        6.000        2.000        4.000
    95:       22.000       24.000       19.000        6.000        6.000
   100:        6.000        6.000        6.000        6.000        6.000
   105:        6.000        6.000        6.000        6.000        6.000
   110:        6.000       23.000        6.000        6.000        6.000
   115:        6.000        6.000        6.000        6.000        6.000
   120:        6.000        6.000        6.000        6.000        6.000
   125:        6.000        6.000        6.000        6.000        6.000
   130:        6.000        6.000        6.000        6.000        6.000
   135:        6.000        6.000        6.000        6.000        6.000
   140:        6.000        6.000        6.000        6.000        6.000
   145:        6.000        6.000        6.000        6.000        6.000
   150:        6.000        6.000        6.000        6.000        6.000
   155:        6.000        2.000        4.000       22.000       24.000
   160:       21.000       22.000       19.000        6.000        6.000
   165:        6.000        6.000        6.000        6.000        6.000
   170:        6.000        6.000        6.000        6.000        6.000
   175:        6.000        6.000        6.000        6.000        6.000
   180:        6.000        6.000        6.000        6.000        6.000
   185:        6.000        6.000        6.000        6.000        6.000
   190:        6.000        6.000        6.000        6.000        6.000
   195:        6.000        6.000        6.000        2.000        4.000
   200:       22.000       24.000       21.000       22.000       19.000
   205:        2.000        4.000       22.000       24.000        6.000
   210:        6.000       19.000        6.000        6.000        6.000
   215:        6.000        6.000        6.000        6.000        6.000
   220:        6.000        6.000        6.000        6.000        6.000
   225:        6.000        6.000        6.000        6.000        6.000
   230:        6.000        6.000        6.000        6.000        6.000
   235:        2.000        4.000       22.000       24.000       21.000
   240:       22.000       21.000       22.000       19.000        6.000
   245:        6.000        6.000        6.000       23.000       23.000
   250:        6.000        6.000        6.000        6.000        6.000
   255:        6.000        6.000        6.000        6.000        6.000
   260:        6.000        6.000        6.000        6.000        6.000
   265:        6.000        6.000        6.000        6.000        2.000
   270:        4.000       22.000       24.000       21.000       22.000
   275:       21.000       22.000       21.000       22.000       21.000
   280:       22.000        6.000        6.000       19.000        6.000
   285:        6.000        6.000        6.000        6.000        6.000
   290:        6.000        6.000        6.000        6.000        6.000
   295:        6.000        6.000        6.000        6.000        6.000
   300:        6.000        6.000        6.000        6.000        6.000
   305:        6.000        6.000        6.000        6.000        6.000
   310:        6.000        6.000        6.000        6.000        6.000
   315:        6.000        6.000        6.000        6.000        6.000
   320:        6.000        6.000        6.000        6.000        6.000
   325:        6.000        6.000        6.000        6.000        6.000
   330:        6.000        6.000        6.000        6.000        6.000
   335:        6.000        6.000        6.000        6.000        6.000
   340:        6.000        6.000        6.000        6.000        6.000
   345:        6.000        6.000        6.000        6.000        6.000
   350:        6.000        6.000        2.000        4.000       22.000
   355:       24.000       21.000       22.000       21.000       22.000
   360:       21.000       22.000       21.000       22.000       21.000
   365:       22.000       21.000       22.000        6.000        6.000
   370:        6.000        6.000       19.000        6.000        6.000
   375:       23.000       23.000       23.000       23.000       23.000
   380:        6.000        6.000        6.000        6.000        6.000
   385:        6.000        6.000        6.000        6.000        6.000
   390:        6.000        6.000        6.000        6.000        6.000
   395:        6.000        6.000        6.000        2.000        4.000
   400:       22.000       24.000       19.000        2.000        4.000
   405:       22.000       24.000       21.000       22.000       19.000
   410:        2.000        4.000       22.000       24.000       21.000
   415:       22.000       21.000       22.000       21.000       22.000
   420:       19.000        2.000        4.000       22.000       24.000
   425:       21.000       22.000       19.000        6.000        6.000
   430:        6.000        6.000        6.000        6.000        6.000
   435:        6.000        6.000        6.000        6.000        6.000
   440:        6.000        6.000        6.000        6.000        6.000
   445:        6.000        6.000        6.000        6.000        6.000
   450:        6.000        6.000        6.000        6.000        6.000
   455:        6.000        2.000        4.000       22.000       24.000
   460:       21.000       22.000       21.000       22.000       21.000
   465:       22.000       21.000       22.000       21.000       22.000
   470:       21.000       22.000       21.000       22.000       19.000
   475:        2.000        4.000       22.000       24.000       21.000
   480:       22.000       21.000       22.000       21.000       22.000
   485:       21.000       22.000       21.000       22.000       21.000
   490:       22.000        6.000        6.000        6.000        6.000
   495:       19.000        6.000        6.000        6.000        6.000
   500:        6.000        6.000        6.000        6.000        6.000
   505:        6.000        6.000        6.000        6.000        2.000
   510:        4.000       22.000       24.000        6.000        6.000
   515:        6.000        6.000        6.000        6.000        6.000
   520:        6.000        6.000        6.000        6.000        6.000
   525:       19.000        6.000        6.000        6.000        2.000
   530:        4.000       22.000       24.000       21.000       22.000
   535:       21.000       22.000       21.000       22.000       21.000
   540:       22.000       21.000       22.000        6.000        6.000
   545:        6.000        6.000        6.000        6.000       19.000
   550:        6.000        6.000        6.000        2.000        4.000
   555:       22.000       24.000       21.000       22.000       21.000
   560:       22.000        6.000        6.000        6.000        6.000
   565:        6.000        6.000        6.000       19.000       23.000
   570:        6.000        6.000        2.000        4.000       22.000
   575:       24.000       21.000       22.000       21.000       22.000
   580:        6.000        6.000        6.000        6.000        6.000
   585:        6.000        6.000        6.000        6.000        6.000
   590:        6.000       19.000        6.000        6.000        6.000
   595:        6.000        6.000        6.000        6.000        6.000
   600:        6.000        6.000        6.000        6.000        6.000
   605:        6.000        6.000        6.000        6.000        6.000
   610:        6.000        6.000        6.000        6.000        6.000
   615:        6.000        6.000        6.000        6.000        6.000
   620:        6.000        6.000        6.000        6.000        6.000
   625:        6.000        6.000        6.000        6.000        6.000
   630:        6.000        6.000        6.000        6.000        6.000
   635:        6.000        6.000        6.000        6.000        6.000
   640:        6.000        6.000        6.000        6.000        6.000
   645:        2.000        4.000       22.000       24.000       21.000
   650:       22.000       21.000       22.000       21.000       22.000
   655:       21.000       22.000       21.000       22.000       21.000
   660:       22.000       21.000       22.000       21.000       22.000
   665:       21.000       22.000       21.000       22.000       21.000
   670:       22.000       21.000       22.000       21.000       22.000
   675:       19.000        2.000        4.000       22.000       24.000
   680:        6.000        6.000        6.000       21.000       22.000
   685:       19.000        6.000        6.000        6.000        2.000
   690:        4.000       22.000       24.000       21.000       22.000
   695:       21.000       22.000       21.000       22.000       21.000
   700:       22.000       21.000       22.000       19.000        6.000
   705:        6.000        6.000        6.000        6.000        6.000
   710:        6.000        6.000        6.000        6.000        6.000
   715:        6.000        6.000        6.000        6.000        6.000
   720:        6.000        6.000        6.000        6.000        6.000
   725:        6.000        6.000        6.000        6.000        6.000
   730:        6.000        6.000        6.000        6.000        6.000
   735:        6.000        6.000        6.000        6.000        6.000
   740:        6.000        6.000        6.000        2.000        4.000
   745:       22.000       24.000       21.000       22.000        6.000
   750:        6.000        6.000        6.000        6.000        6.000
   755:        6.000        6.000        6.000        6.000        6.000
   760:        6.000       19.000        6.000        6.000        6.000
   765:        6.000        2.000        4.000       22.000       24.000
   770:        6.000       19.000        6.000        6.000        6.000
   775:        6.000        2.000        4.000       22.000       24.000
   780:       21.000       22.000       21.000       22.000       21.000
   785:       22.000       21.000       22.000        6.000        6.000
   790:        6.000       21.000       22.000       21.000       22.000
   795:       21.000       22.000       19.000        2.000        4.000
   800:       22.000       24.000       21.000       22.000       21.000
   805:       22.000       21.000       22.000       21.000       22.000
   810:       19.000        6.000        6.000        6.000        6.000
   815:        6.000        6.000        6.000        6.000        6.000
   820:        6.000        6.000        6.000        6.000        6.000
   825:        2.000        4.000       22.000       24.000        6.000
   830:        6.000        6.000        6.000        6.000        6.000
   835:        6.000        6.000        6.000        6.000        6.000
   840:       19.000        6.000        6.000        6.000        6.000
   845:        6.000        6.000        6.000        6.000        6.000
   850:        6.000        6.000        6.000        6.000        6.000
   855:        6.000        6.000        6.000        6.000        6.000
   860:        6.000        6.000        6.000        6.000        6.000
   865:        6.000        6.000        6.000        6.000        6.000
   870:        6.000        6.000        6.000        6.000        6.000
   875:        6.000        6.000        6.000        6.000        6.000
   880:        6.000        6.000        6.000        6.000        6.000
   885:        6.000        6.000        6.000        6.000        6.000
   890:        6.000        6.000        6.000        6.000        6.000
   895:        2.000        4.000       22.000       24.000        6.000
   900:        6.000        6.000        6.000        6.000        6.000
   905:        6.000        6.000       19.000        6.000        6.000
   910:        6.000        6.000        6.000        6.000        6.000
   915:        6.000        6.000        6.000        6.000        6.000
   920:        6.000        6.000        6.000        6.000        6.000
   925:        6.000        6.000        6.000        6.000        6.000
   930:        6.000        6.000        6.000        6.000        6.000
   935:        6.000        6.000        6.000        6.000        6.000
   940:        6.000        6.000        6.000        6.000        6.000
   945:        6.000        6.000        6.000        6.000        6.000
   950:        6.000        6.000        6.000        6.000        6.000
   955:        6.000        6.000        6.000        6.000        6.000
   960:        6.000        6.000        6.000        6.000        6.000
   965:        6.000        6.000        6.000        6.000        2.000
   970:        4.000       22.000       24.000        6.000        6.000
   975:        6.000        6.000        6.000        6.000        6.000
   980:        6.000        6.000        6.000       19.000        6.000
   985:        6.000        6.000        6.000        6.000        6.000
   990:        6.000        6.000        6.000        6.000        6.000
   995:        6.000        6.000        6.000        6.000        6.000
  1000:        6.000        6.000        6.000        6.000        6.000
  1005:        6.000        6.000        6.000        6.000        6.000
  1010:        6.000        6.000        6.000        6.000        6.000
  1015:        6.000        6.000        6.000        6.000        6.000
  1020:        6.000        6.000        6.000        6.000        6.000
  1025:        6.000        6.000        6.000        6.000        6.000
  1030:        6.000        6.000        6.000        6.000        6.000
  1035:        6.000        6.000        6.000        6.000        6.000
  1040:        6.000        6.000        6.000        6.000        6.000
  1045:        6.000        6.000        6.000        6.000        6.000
  1050:        6.000        6.000        6.000        2.000        4.000
  1055:       22.000       24.000       21.000       22.000        6.000
  1060:        6.000        6.000        6.000        6.000        6.000
  1065:        6.000        6.000        6.000        6.000        6.000
  1070:        6.000        6.000       19.000        6.000        6.000
  1075:        6.000        6.000        6.000        6.000        6.000
  1080:        6.000        6.000        6.000        6.000        6.000
  1085:        6.000        6.000        6.000        6.000        6.000
  1090:        6.000        6.000        2.000        4.000       22.000
  1095:       24.000       21.000       22.000       21.000       22.000
  1100:        6.000        6.000        6.000        6.000        6.000
  1105:        6.000       21.000       22.000       21.000       22.000
  1110:       21.000       22.000       21.000       22.000       21.000
  1115:       22.000       21.000       22.000       21.000       22.000
  1120:       19.000        2.000        4.000       22.000       24.000
  1125:       21.000       22.000       21.000       22.000       21.000
  1130:       22.000       21.000       22.000       21.000       22.000
  1135:       21.000       22.000       21.000       22.000       21.000
  1140:       22.000       21.000       22.000       21.000       22.000
  1145:       21.000       22.000       21.000       22.000       19.000
  1150:        6.000        6.000        6.000        6.000        6.000
  1155:        6.000        6.000        6.000        6.000        6.000
  1160:        6.000        6.000        6.000        2.000        4.000
  1165:       22.000       24.000       21.000       22.000       21.000
  1170:       22.000       21.000       22.000       21.000       22.000
  1175:       21.000       22.000       21.000       22.000        6.000
  1180:        6.000        6.000        6.000       19.000        6.000
  1185:        6.000        6.000        6.000        6.000        6.000
  1190:        6.000        6.000        2.000        4.000       22.000
  1195:       24.000        6.000        6.000        6.000        6.000
  1200:        6.000        6.000        6.000        6.000        6.000
  1205:        6.000        6.000        6.000        6.000        6.000
  1210:        6.000        6.000       19.000        6.000        6.000
  1215:        6.000        6.000        6.000        6.000        6.000
  1220:        6.000        6.000        6.000        6.000        6.000
  1225:        6.000        6.000        6.000        6.000        6.000
  1230:        6.000        6.000        6.000        6.000        6.000
  1235:        6.000        6.000        6.000        6.000        6.000
  1240:        6.000        6.000        6.000        6.000        6.000
  1245:        6.000        6.000        6.000        6.000        6.000
  1250:        6.000        6.000        6.000        6.000        6.000
  1255:        6.000        6.000        6.000        6.000        6.000
  1260:        6.000        6.000        2.000        4.000       22.000
  1265:       24.000        6.000        6.000        6.000        6.000
  1270:        6.000        6.000        6.000        6.000       19.000
  1275:        6.000        6.000        6.000        6.000        6.000
  1280:        6.000        6.000        6.000        6.000        6.000
  1285:        6.000        6.000        6.000        6.000        6.000
  1290:        6.000        6.000        6.000        6.000        6.000
  1295:        6.000        6.000        6.000        6.000        6.000
  1300:        6.000        6.000        2.000        4.000       22.000
  1305:       24.000        6.000       19.000        6.000        6.000
  1310:        6.000        6.000        6.000        6.000        6.000
  1315:        6.000        6.000        6.000        6.000        6.000
  1320:        6.000        6.000        6.000        6.000        6.000
  1325:        6.000        6.000        2.000        4.000       22.000
  1330:       24.000       21.000       22.000       19.000        6.000
  1335:        6.000        6.000        6.000        6.000        6.000
  1340:        6.000        6.000        6.000        6.000        6.000
  1345:        6.000        6.000        6.000        6.000        6.000
  1350:        6.000        6.000        6.000        6.000        6.000
  1355:        6.000        6.000        6.000        6.000        6.000
  1360:        6.000        6.000        6.000        6.000        6.000
  1365:        6.000        6.000        6.000        6.000        6.000
  1370:        6.000        6.000        6.000        6.000        6.000
  1375:        6.000        6.000        6.000        6.000        6.000
  1380:        6.000        6.000        6.000        6.000        6.000
  1385:        6.000        6.000        6.000        6.000        6.000
  1390:        6.000        6.000        6.000        6.000        6.000
  1395:        6.000        6.000        6.000        6.000        6.000
  1400:        6.000        6.000        6.000        2.000        4.000
  1405:       22.000       24.000       21.000       22.000       21.000
  1410:       22.000        6.000        6.000        6.000        6.000
  1415:        6.000       19.000        6.000        6.000        6.000
  1420:        6.000        6.000        6.000        6.000        6.000
  1425:        6.000        6.000        6.000        6.000        2.000
  1430:        4.000       22.000       24.000       21.000       22.000
  1435:       21.000       22.000       21.000       22.000       21.000
  1440:       22.000       19.000        6.000        6.000        6.000
  1445:        6.000        6.000        6.000        6.000        6.000
  1450:        6.000        6.000        6.000        6.000        6.000
  1455:        6.000        2.000        4.000       22.000       24.000
  1460:       21.000       22.000       21.000       22.000       21.000
  1465:       22.000       21.000       22.000       21.000       22.000
  1470:       21.000       22.000       21.000       22.000       21.000
  1475:       22.000       21.000       22.000       19.000        6.000
  1480:        6.000        6.000        2.000        4.000       22.000
  1485:       24.000       21.000       22.000       21.000       22.000
  1490:        6.000        6.000        6.000        6.000       19.000
  1495:        6.000        6.000        6.000        6.000        6.000
  1500:        6.000        6.000        6.000        6.000        6.000
  1505:        6.000        6.000        6.000        6.000        6.000
  1510:        6.000        6.000        6.000        6.000        6.000
  1515:        6.000        6.000        6.000        6.000        6.000
  1520:        6.000        6.000        6.000        6.000        6.000
  1525:        6.000       23.000        2.000        4.000       22.000
  1530:       24.000        6.000       21.000       22.000       21.000
  1535:       22.000       21.000       22.000       21.000       22.000
  1540:       19.000        2.000        4.000       22.000       24.000
  1545:       21.000       22.000       19.000        6.000        6.000
  1550:        6.000        2.000        4.000       22.000       24.000
  1555:       21.000       22.000       21.000       22.000       21.000
  1560:       22.000       21.000       22.000       21.000       22.000
  1565:       21.000       22.000       21.000       22.000       21.000
  1570:       22.000       21.000       22.000       21.000       22.000
  1575:       21.000       22.000       21.000       22.000       19.000
  1580:        6.000        6.000       23.000        6.000        6.000
  1585:        6.000        6.000        6.000        6.000        6.000
  1590:        6.000        6.000        6.000        6.000        6.000
  1595:        6.000        6.000        2.000        4.000       22.000
  1600:       24.000       21.000       22.000        6.000        6.000
  1605:        6.000       21.000       22.000       19.000        6.000
  1610:        6.000        6.000        6.000        6.000        6.000
  1615:        6.000        6.000        6.000        6.000        6.000
  1620:        6.000        6.000        6.000        6.000        6.000
  1625:        6.000        6.000        6.000        6.000        6.000
  1630:        6.000        6.000        6.000        6.000        6.000
  1635:        6.000        6.000        6.000        6.000        6.000
  1640:        6.000        6.000        6.000        6.000        6.000
  1645:        6.000        6.000        6.000        6.000        6.000
  1650:        6.000        6.000        6.000        6.000        6.000
  1655:        6.000        6.000        6.000        6.000        6.000
  1660:        6.000        6.000        6.000        6.000        6.000
  1665:        6.000        6.000        6.000        6.000        6.000
  1670:        6.000        6.000        6.000        6.000        6.000
  1675:        6.000        6.000        6.000        6.000       23.000
  1680:       23.000        2.000        4.000       22.000       24.000
  1685:        6.000        6.000        6.000       19.000        6.000
  1690:        6.000        6.000        6.000        6.000        6.000
  1695:        6.000        6.000        6.000        6.000        2.000
  1700:        4.000       22.000       24.000        6.000       19.000
  1705:        6.000        6.000        6.000        6.000        6.000
  1710:        6.000        6.000        6.000        6.000        6.000
  1715:        6.000        6.000        6.000        6.000        6.000
  1720:        6.000        6.000        6.000        6.000        6.000
  1725:        6.000        6.000        6.000        6.000        6.000
  1730:        6.000        6.000        6.000        2.000        4.000
  1735:       22.000       24.000       21.000       22.000       21.000
  1740:       22.000       21.000       22.000       21.000       22.000
  1745:       21.000       22.000       21.000       22.000       21.000
  1750:       22.000       21.000       22.000       21.000       22.000
  1755:       21.000       22.000       21.000       22.000       21.000
  1760:       22.000       21.000       22.000       21.000       22.000
  1765:       21.000       22.000       19.000        2.000        4.000
  1770:       22.000       24.000       21.000       22.000       21.000
  1775:       22.000       21.000       22.000       21.000       22.000
  1780:       21.000       22.000       19.000        6.000        6.000
  1785:        6.000        6.000        6.000        6.000        6.000
  1790:        6.000        6.000        6.000        6.000        6.000
  1795:        6.000        6.000        6.000        6.000        6.000
  1800:        6.000        6.000        6.000        6.000        6.000
  1805:        6.000        6.000        6.000        6.000        6.000
  1810:        6.000        6.000        6.000        6.000        6.000
  1815:        6.000        6.000        6.000        6.000        6.000
  1820:        6.000        6.000        6.000        6.000        6.000
  1825:        6.000        6.000        6.000        6.000        6.000
  1830:        6.000        6.000        6.000        6.000        6.000
  1835:        6.000        6.000        6.000        6.000        6.000
  1840:        6.000        6.000        6.000        6.000        6.000
  1845:        6.000        6.000       23.000        6.000        6.000
  1850:        6.000        6.000        6.000        2.000        4.000
  1855:       22.000       24.000        6.000       19.000        6.000
  1860:        6.000        6.000        6.000        6.000        6.000
  1865:        6.000        6.000        6.000        6.000        2.000
  1870:        4.000       22.000       24.000       21.000       22.000
  1875:        6.000        6.000        6.000       19.000        6.000
  1880:        6.000        6.000        6.000        6.000        6.000
  1885:        6.000        6.000        6.000        6.000        6.000
  1890:        6.000        6.000        6.000        6.000        6.000
  1895:        6.000        6.000        6.000        6.000        6.000
  1900:        6.000        6.000        6.000        6.000        6.000
  1905:        6.000        6.000        6.000        6.000        6.000
  1910:        6.000        6.000        6.000        6.000        6.000
  1915:        6.000        6.000        6.000        6.000        6.000
  1920:        6.000        6.000        6.000        6.000        6.000
  1925:        6.000        6.000        6.000        6.000        6.000
  1930:        2.000        4.000       22.000       24.000       21.000
  1935:       22.000       19.000        6.000        6.000        2.000
  1940:        4.000       22.000       24.000       19.000        2.000
  1945:        4.000       22.000       24.000       21.000       22.000
  1950:       19.000        6.000        6.000        6.000        6.000
  1955:        6.000        6.000        6.000        6.000        6.000
  1960:        6.000        6.000        6.000        6.000        6.000
  1965:        6.000        6.000        6.000        6.000        6.000
  1970:        6.000        6.000        6.000        6.000        6.000
  1975:        6.000        6.000        6.000        6.000        6.000
  1980:        6.000        6.000        6.000        6.000        6.000
  1985:        6.000        6.000        2.000        4.000       22.000
  1990:       24.000       21.000       22.000       21.000       22.000
  1995:       21.000       22.000        6.000        6.000        6.000
  2000:        6.000        6.000        6.000        6.000        6.000
  2005:        6.000        6.000        6.000       19.000        6.000
  2010:        6.000        6.000        6.000        6.000        6.000
  2015:        6.000        2.000        4.000       22.000       24.000
  2020:       21.000       22.000       21.000       22.000       21.000
  2025:       22.000       21.000       22.000       21.000       22.000
  2030:       21.000       22.000       21.000       22.000       21.000
  2035:       22.000       21.000       22.000       21.000       22.000
  2040:       21.000       22.000       21.000       22.000       21.000
  2045:       22.000       19.000        2.000        4.000       22.000
  2050:       24.000       21.000       22.000       21.000       22.000
  2055:       21.000       22.000       21.000       22.000       21.000
  2060:       22.000       21.000       22.000       21.000       22.000
  2065:       21.000       22.000       21.000       22.000       21.000
  2070:       22.000       21.000       22.000       21.000       22.000
  2075:       21.000       22.000       21.000       22.000       19.000
  2080:        2.000        4.000       22.000       24.000       21.000
  2085:       22.000       21.000       22.000       19.000        6.000
  2090:        6.000        6.000        6.000        6.000        6.000
  2095:        6.000        6.000        6.000        6.000        6.000
  2100:        6.000        6.000        6.000        6.000        6.000
  2105:        6.000        6.000        6.000        6.000        6.000
  2110:        6.000        6.000        6.000        6.000        6.000
  2115:        6.000        6.000        6.000        6.000        6.000
  2120:        6.000        6.000        6.000        6.000        6.000
  2125:        6.000        6.000        6.000        6.000        6.000
  2130:        6.000        6.000        6.000        6.000        6.000
  2135:        6.000        6.000        6.000        6.000        6.000
  2140:        6.000        6.000        6.000        6.000        6.000
  2145:        6.000        6.000        6.000        6.000        6.000
  2150:        6.000        6.000        6.000        6.000        6.000
  2155:        6.000        6.000        6.000        6.000        6.000
  2160:        6.000        6.000        6.000        6.000        6.000
  2165:        6.000        6.000        2.000        4.000       22.000
  2170:       24.000       19.000        6.000        6.000        6.000
  2175:        6.000        6.000        6.000        6.000        6.000
  2180:        6.000        6.000        6.000        6.000        6.000
  2185:        6.000        2.000        4.000       22.000       24.000
  2190:       21.000       22.000       21.000       22.000       21.000
  2195:       22.000        6.000        6.000        6.000        6.000
  2200:        6.000       19.000        6.000        6.000        6.000
  2205:        6.000        6.000        6.000        6.000        6.000
  2210:        6.000        6.000        6.000        6.000        6.000
  2215:        6.000        6.000        6.000        6.000        6.000
  2220:        6.000        6.000        6.000        6.000        6.000
  2225:        6.000        6.000        6.000        6.000        6.000
  2230:        6.000        6.000        2.000        4.000       22.000
  2235:       24.000       21.000       22.000       21.000       22.000
  2240:        6.000        6.000        6.000        6.000       19.000
  2245:        6.000        6.000        6.000        6.000        6.000
  2250:        6.000        6.000        6.000        6.000        6.000
  2255:        6.000        6.000        6.000        6.000        6.000
  2260:        6.000        6.000        6.000        6.000        6.000
  2265:        6.000        6.000        6.000        6.000        6.000
  2270:        6.000        6.000        6.000        6.000        6.000
  2275:        6.000        6.000        6.000        6.000        6.000
  2280:        6.000        6.000        6.000        6.000        6.000
  2285:        6.000        6.000        6.000        6.000        6.000
  2290:        6.000        6.000        6.000        6.000        6.000
  2295:        6.000        6.000        6.000        6.000        6.000
  2300:        6.000        2.000        4.000       22.000       24.000
  2305:       21.000       22.000       21.000       22.000       21.000
  2310:       22.000       21.000       22.000       21.000       22.000
  2315:        6.000        6.000        6.000        6.000        6.000
  2320:        6.000        6.000       19.000        6.000        6.000
  2325:        6.000        6.000        6.000        6.000        6.000
  2330:        6.000        6.000        6.000        6.000        6.000
  2335:        6.000        6.000        6.000        6.000        6.000
  2340:        6.000        6.000        6.000        2.000        4.000
  2345:       22.000       24.000        6.000        6.000        6.000
  2350:        6.000        6.000        6.000        6.000       19.000
  2355:        6.000        6.000        6.000        6.000        6.000
  2360:        6.000        6.000        6.000        6.000        6.000
  2365:        6.000        6.000        6.000        6.000        6.000
  2370:        6.000        6.000        6.000        6.000        6.000
  2375:        6.000        6.000        6.000        6.000        6.000
  2380:        6.000        6.000        6.000        6.000        6.000
  2385:        6.000        6.000        6.000        6.000        6.000
  2390:        6.000        6.000        6.000        6.000        6.000
  2395:        6.000        6.000        6.000        6.000        6.000
  2400:        6.000        6.000        6.000        6.000        6.000
  2405:        6.000        6.000        6.000        6.000        6.000
  2410:        2.000        4.000       22.000       24.000       21.000
  2415:       22.000       21.000       22.000       21.000       22.000
  2420:       21.000       22.000        6.000        6.000        6.000
  2425:        6.000        6.000        6.000        6.000        6.000
  2430:       19.000        6.000        6.000        6.000        6.000
  2435:        6.000        6.000        6.000        6.000        6.000
  2440:        6.000        6.000        6.000       23.000       23.000
  2445:       23.000       23.000       23.000        6.000        2.000
  2450:        4.000       22.000       24.000       19.000        6.000
  2455:        6.000        6.000        6.000        6.000        6.000
  2460:        6.000        6.000        6.000        6.000        6.000
  2465:        6.000        6.000        6.000        6.000        6.000
  2470:        6.000        6.000        6.000        6.000        6.000
  2475:        6.000        6.000        6.000        6.000        6.000
  2480:        6.000        6.000        6.000        6.000        6.000
  2485:        6.000        6.000        6.000        6.000        6.000
  2490:        6.000        6.000        6.000        6.000        6.000
  2495:        6.000        6.000        6.000        6.000        6.000
  2500:        6.000        6.000        6.000        6.000        6.000
  2505:        6.000        6.000        6.000        6.000        6.000
  2510:        6.000        6.000        6.000        6.000        6.000
  2515:        6.000        6.000        6.000       23.000        6.000
  2520:        6.000        6.000        6.000        6.000        6.000
  2525:        6.000        6.000        6.000        6.000        6.000
  2530:        6.000        6.000        6.000        2.000        4.000
  2535:       22.000       24.000        6.000        6.000        6.000
  2540:        6.000        6.000       19.000        6.000        6.000
  2545:        6.000        6.000        6.000        6.000        6.000
  2550:        6.000        6.000        6.000        6.000        6.000
  2555:        6.000        6.000        6.000        6.000        6.000
  2560:        6.000        6.000        6.000        6.000        6.000
  2565:        6.000        6.000        6.000        6.000        6.000
  2570:        6.000        6.000        6.000        6.000        6.000
  2575:        6.000        2.000        4.000       22.000       24.000
  2580:       19.000        6.000        6.000        2.000        4.000
  2585:       22.000       24.000       21.000       22.000       21.000
  2590:       22.000       21.000       22.000       19.000        2.000
  2595:        4.000       22.000       24.000       19.000        6.000
  2600:        6.000        6.000      100.000
T:
     0:        0.000        0.000        0.000        0.000        2.200
     5:       20.150       20.560       62.070       68.480       69.070
    10:       86.530       89.940       91.790      106.540      106.660
    15:      108.870      132.010      133.460      133.550      168.620
    20:      168.840      169.460      169.860      191.950      193.120
    25:      194.800      195.020      195.650      201.920      203.340
    30:      203.480      221.060      221.100      221.140      254.900
    35:      272.470      272.470      272.470      272.480      282.470
    40:      285.250      285.740      309.680      310.610      320.850
    45:      361.180      361.360      361.770      388.680      409.710
    50:      450.580      462.300      493.810      494.130      520.710
    55:      527.350      528.380      528.770      530.230      533.950
    60:      548.660      548.780      548.810      572.840      575.080
    65:      584.570      588.910      589.930      590.500      590.750
    70:      590.820      597.350      608.150      613.550      631.420
    75:      631.420      631.420      631.430      632.790      641.420
    80:      648.750      648.750      648.750      648.760      658.750
    85:      704.780      704.780      704.780      704.790      707.580
    90:      707.580      714.780      742.390      853.560      853.560
    95:      853.560      853.570      863.560      898.710      899.250
   100:      900.520      901.430      902.230      902.670      905.200
   105:      946.580      947.240      947.980      948.050      948.190
   110:      950.200     1110.670     1124.250     1124.850     1128.540
   115:     1128.610     1128.820     1129.960     1135.650     1136.620
   120:     1136.640     1137.620     1137.900     1144.080     1145.700
   125:     1145.820     1145.870     1147.100     1147.230     1147.290
   130:     1148.070     1148.420     1150.630     1150.640     1150.820
   135:     1150.860     1151.250     1151.400     1154.690     1155.940
   140:     1156.220     1156.540     1156.890     1157.620     1158.660
   145:     1158.760     1204.820     1205.060     1205.150     1205.940
   150:     1206.410     1213.950     1218.320     1220.370     1220.990
   155:     1222.000     1241.100     1241.100     1241.100     1241.110
   160:     1244.290     1244.290     1251.100     1277.340     1329.200
   165:     1337.670     1338.040     1352.310     1353.160     1355.200
   170:     1355.250     1355.960     1357.910     1358.520     1367.510
   175:     1367.780     1368.130     1368.590     1370.160     1370.180
   180:     1370.500     1370.940     1370.990     1371.560     1372.880
   185:     1375.430     1375.460     1383.450     1383.470     1384.460
   190:     1384.630     1389.830     1390.410     1393.180     1393.410
   195:     1393.420     1394.140     1394.260     1425.400     1425.400
   200:     1425.400     1425.410     1427.310     1427.310     1435.400
   205:     1568.180     1568.180     1568.180     1568.190     1569.910
   210:     1571.450     1578.180     1630.650     1715.540     1717.970
   215:     1720.680     1720.850     1721.330     1723.720     1724.110
   220:     1725.830     1728.400     1728.920     1728.980     1729.620
   225:     1732.570     1736.960     1737.140     1737.470     1770.930
   230:     1787.110     1808.860     1808.910     1809.080     1818.520
   235:     1828.870     1828.870     1828.870     1828.880     1829.230
   240:     1829.230     1829.370     1829.370     1838.870     1900.620
   245:     1901.740     1908.670     1927.680     1971.390     1976.540
   250:     1993.540     1996.500     1997.710     2003.760     2004.190
   255:     2004.260     2004.750     2006.290     2006.440     2006.670
   260:     2006.920     2007.040     2009.730     2012.620     2012.730
   265:     2013.260     2013.760     2013.900     2014.240     2015.370
   270:     2015.370     2015.370     2015.380     2015.850     2015.850
   275:     2015.930     2015.930     2016.170     2016.170     2017.170
   280:     2017.170     2019.410     2020.370     2025.370     2031.650
   285:     2035.900     2037.410     2037.490     2040.850     2042.010
   290:     2044.020     2044.290     2047.390     2053.370     2057.250
   295:     2064.680     2064.800     2064.970     2066.550     2095.530
   300:     2095.570     2100.310     2100.660     2100.920     2116.450
   305:     2116.830     2135.950     2155.220     2179.150     2179.480
   310:     2194.040     2194.900     2195.680     2195.760     2195.850
   315:     2196.290     2197.420     2198.260     2198.360     2198.720
   320:     2198.820     2198.930     2199.070     2199.250     2204.580
   325:     2205.070     2205.160     2205.950     2206.440     2206.920
   330:     2226.800     2226.930     2226.980     2227.130     2227.530
   335:     2227.680     2227.950     2228.330     2228.380     2228.770
   340:     2229.480     2230.490     2230.660     2230.960     2231.030
   345:     2231.380     2234.970     2235.240     2235.570     2235.640
   350:     2235.690     2235.730     2239.410     2239.410     2239.410
   355:     2239.420     2239.720     2239.720     2240.920     2240.920
   360:     2241.640     2241.640     2242.730     2242.730     2244.000
   365:     2244.000     2244.700     2244.700     2245.610     2246.100
   370:     2246.300     2246.510     2249.410     2336.630     2368.390
   375:     2377.790     2387.920     2388.670     2389.380     2390.440
   380:     2442.660     2442.870     2475.980     2529.360     2529.370
   385:     2530.160     2530.810     2547.180     2591.900     2592.700
   390:     2593.480     2597.210     2597.720     2598.800     2598.880
   395:     2599.740     2601.780     2601.920     2605.250     2605.250
   400:     2605.250     2605.260     2615.250     2623.200     2623.200
   405:     2623.200     2623.210     2629.450     2629.450     2633.200
   410:     2634.060     2634.060     2634.060     2634.070     2637.350
   415:     2637.350     2638.280     2638.280     2641.390     2641.390
   420:     2644.060     2659.020     2659.020     2659.020     2659.030
   425:     2662.680     2662.680     2669.020     2682.410     2699.740
   430:     2705.410     2706.320     2715.110     2741.280     2759.700
   435:     2771.610     2772.170     2772.220     2772.890     2774.330
   440:     2774.470     2774.890     2775.630     2777.960     2778.410
   445:     2778.930     2779.200     2779.460     2780.020     2780.430
   450:     2780.980     2781.990     2784.350     2785.200     2786.670
   455:     2787.710     2789.250     2789.250     2789.250     2789.260
   460:     2789.810     2789.810     2789.890     2789.890     2796.150
   465:     2796.150     2796.470     2796.470     2796.510     2796.510
   470:     2799.100     2799.100     2799.210     2799.210     2799.250
   475:     2799.490     2799.490     2799.490     2799.500     2799.830
   480:     2799.830     2800.270     2800.270     2800.610     2800.610
   485:     2801.980     2801.980     2802.220     2802.220     2802.370
   490:     2802.370     2806.100     2806.410     2806.560     2809.230
   495:     2809.490     2812.860     2812.890     2812.990     2813.600
   500:     2813.740     2814.030     2814.100     2814.200     2814.250
   505:     2814.500     2814.630     2814.740     2814.990     2816.260
   510:     2816.260     2816.260     2816.270     2819.320     2819.430
   515:     2819.720     2819.760     2819.850     2822.820     2822.840
   520:     2823.140     2824.350     2824.780     2825.020     2825.880
   525:     2826.260     2826.330     2830.960     2831.630     2832.540
   530:     2832.540     2832.540     2832.550     2833.220     2833.220
   535:     2833.650     2833.650     2835.100     2835.100     2835.900
   540:     2835.900     2837.890     2837.890     2841.060     2841.070
   545:     2841.100     2841.610     2841.650     2841.790     2842.540
   550:     2845.270     2846.060     2846.640     2849.170     2849.170
   555:     2849.170     2849.180     2849.780     2849.780     2850.090
   560:     2850.090     2852.440     2852.460     2852.550     2852.600
   565:     2852.720     2852.810     2852.960     2859.170     2938.690
   570:     2955.320     2955.680     2957.380     2957.380     2957.380
   575:     2957.390     2957.490     2957.490     2958.030     2958.030
   580:     2959.240     2959.260     2959.630     2959.690     2959.780
   585:     2959.800     2962.910     2966.480     2966.830     2967.030
   590:     2967.060     2967.380     2967.850     2967.890     2978.900
   595:     2989.850     2992.950     2993.070     2993.260     2993.620
   600:     2994.380     2998.230     3000.970     3001.000     3001.190
   605:     3001.540     3001.660     3001.890     3002.050     3004.190
   610:     3004.360     3004.940     3005.840     3008.910     3009.350
   615:     3009.740     3009.970     3010.090     3010.250     3010.310
   620:     3014.370     3014.820     3015.150     3015.580     3018.280
   625:     3018.510     3018.680     3018.900     3019.110     3019.170
   630:     3019.470     3020.330     3023.050     3023.110     3026.950
   635:     3027.440     3027.480     3027.830     3028.470     3028.650
   640:     3029.740     3041.190     3067.470     3074.120     3076.030
   645:     3112.040     3112.040     3112.040     3112.050     3113.360
   650:     3113.360     3113.950     3113.950     3116.890     3116.890
   655:     3117.030     3117.030     3117.780     3117.780     3118.230
   660:     3118.230     3118.640     3118.640     3118.840     3118.840
   665:     3118.910     3118.910     3120.150     3120.150     3120.720
   670:     3120.720     3121.120     3121.120     3121.600     3121.600
   675:     3122.040     3122.200     3122.200     3122.200     3122.210
   680:     3124.870     3124.880     3125.650     3127.800     3127.800
   685:     3132.200     3133.930     3135.080     3135.450     3136.390
   690:     3136.390     3136.390     3136.400     3136.530     3136.530
   695:     3137.660     3137.660     3138.270     3138.270     3139.700
   700:     3139.700     3141.070     3141.070     3146.390     3170.440
   705:     3190.270     3205.740     3206.400     3208.690     3208.860
   710:     3208.890     3208.950     3209.610     3209.990     3210.180
   715:     3212.660     3212.700     3212.750     3212.870     3212.920
   720:     3215.390     3216.910     3217.050     3217.130     3217.190
   725:     3217.210     3217.610     3217.660     3217.740     3217.930
   730:     3218.060     3225.620     3229.870     3247.440     3248.360
   735:     3249.230     3249.450     3257.880     3258.530     3259.060
   740:     3285.900     3285.940     3290.310     3317.640     3317.640
   745:     3317.640     3317.650     3317.730     3317.730     3319.010
   750:     3320.010     3321.660     3322.300     3322.630     3325.660
   755:     3326.070     3326.190     3326.400     3326.470     3327.150
   760:     3327.280     3327.640     3327.860     3332.640     3342.970
   765:     3343.180     3353.340     3353.340     3353.340     3353.350
   770:     3356.920     3363.340     3412.320     3416.200     3474.810
   775:     3475.150     3476.280     3476.280     3476.280     3476.290
   780:     3476.940     3476.940     3477.920     3477.920     3478.310
   785:     3478.310     3479.300     3479.300     3480.390     3481.320
   790:     3482.370     3483.530     3483.530     3484.190     3484.190
   795:     3485.600     3485.600     3486.280     3486.430     3486.430
   800:     3486.430     3486.440     3487.280     3487.280     3487.460
   805:     3487.460     3487.830     3487.830     3488.970     3488.970
   810:     3496.430     3498.680     3499.260     3499.340     3520.080
   815:     3520.400     3522.150     3523.540     3523.880     3524.090
   820:     3525.340     3527.610     3527.660     3528.440     3528.520
   825:     3529.470     3529.470     3529.470     3529.480     3530.690
   830:     3530.840     3531.350     3531.400     3531.730     3535.070
   835:     3535.270     3535.620     3535.980     3536.350     3539.020
   840:     3539.470     3546.240     3546.300     3546.350     3547.420
   845:     3547.580     3547.680     3548.120     3549.610     3552.660
   850:     3554.710     3557.210     3563.420     3566.060     3566.160
   855:     3566.940     3569.930     3570.030     3570.450     3571.100
   860:     3571.370     3571.580     3572.860     3573.760     3574.690
   865:     3577.770     3578.070     3578.180     3578.220     3578.680
   870:     3579.070     3579.870     3580.160     3581.330     3582.300
   875:     3583.470     3584.170     3585.320     3588.810     3588.890
   880:     3589.840     3590.350     3591.070     3591.690     3591.800
   885:     3592.010     3592.460     3592.500     3592.570     3592.650
   890:     3592.820     3609.560     3613.540     3613.590     3614.640
   895:     3616.480     3616.480     3616.480     3616.490     3618.410
   900:     3618.490     3618.600     3619.590     3620.730     3621.470
   905:     3621.830     3622.030     3626.480     3626.730     3626.980
   910:     3627.300     3627.550     3629.360     3629.790     3630.080
   915:     3630.100     3630.210     3630.300     3630.330     3630.630
   920:     3632.030     3633.740     3634.470     3634.510     3634.670
   925:     3634.720     3634.960     3635.000     3635.330     3636.790
   930:     3638.000     3639.570     3640.260     3642.720     3645.460
   935:     3645.920     3647.960     3649.100     3649.200     3649.430
   940:     3649.690     3650.610     3651.870     3653.260     3655.190
   945:     3655.200     3656.080     3666.340     3666.350     3668.930
   950:     3669.020     3671.820     3672.160     3672.510     3673.100
   955:     3727.580     3729.510     3729.530     3731.070     3731.800
   960:     3732.390     3732.430     3733.140     3733.390     3733.420
   965:     3733.640     3733.660     3734.100     3735.090     3736.330
   970:     3736.330     3736.330     3736.340     3737.770     3738.630
   975:     3739.030     3739.690     3739.750     3742.990     3743.110
   980:     3743.120     3744.430     3745.450     3746.330     3747.440
   985:     3747.510     3748.290     3750.250     3752.950     3752.990
   990:     3753.560     3754.750     3755.710     3756.230     3756.490
   995:     3756.560     3756.610     3757.200     3759.080     3760.030
  1000:     3760.120     3762.210     3762.440     3762.610     3763.070
  1005:     3763.290     3763.970     3764.710     3766.800     3766.820
  1010:     3774.680     3779.410     3782.210     3785.450     3785.500
  1015:     3786.390     3786.770     3789.730     3790.050     3790.110
  1020:     3790.250     3790.290     3790.530     3791.500     3791.740
  1025:     3792.130     3792.560     3798.200     3798.480     3798.500
  1030:     3798.610     3798.650     3799.390     3799.490     3799.520
  1035:     3803.840     3803.970     3804.390     3805.250     3805.330
  1040:     3806.610     3808.670     3809.880     3810.000     3810.240
  1045:     3810.350     3810.610     3810.900     3812.440     3812.600
  1050:     3812.680     3814.020     3814.210     3817.050     3817.050
  1055:     3817.050     3817.060     3817.820     3817.820     3819.760
  1060:     3820.170     3820.330     3820.650     3821.160     3821.940
  1065:     3822.480     3822.610     3823.990     3825.020     3825.230
  1070:     3825.250     3826.750     3827.050     3827.630     3828.270
  1075:     3828.860     3829.280     3829.480     3829.510     3829.740
  1080:     3830.310     3833.730     3928.580     3928.670     3928.780
  1085:     3929.010     3929.190     3929.560     3929.810     3929.960
  1090:     3930.130     3930.330     3934.020     3934.020     3934.020
  1095:     3934.030     3934.850     3934.850     3935.470     3935.470
  1100:     3938.300     3939.520     3939.830     3940.420     3940.650
  1105:     3940.810     3941.580     3941.580     3942.140     3942.140
  1110:     3942.620     3942.620     3942.870     3942.870     3943.640
  1115:     3943.640     3943.820     3943.820     3943.970     3943.970
  1120:     3944.020     3944.920     3944.920     3944.920     3944.930
  1125:     3946.110     3946.110     3946.200     3946.200     3946.740
  1130:     3946.740     3946.810     3946.810     3947.280     3947.280
  1135:     3948.830     3948.830     3949.130     3949.130     3949.520
  1140:     3949.520     3950.310     3950.310     3951.760     3951.760
  1145:     3951.840     3951.840     3952.960     3952.960     3954.920
  1150:     3963.610     3964.530     3966.050     3969.370     3969.790
  1155:     3970.510     3971.860     3972.190     3978.870     3979.480
  1160:     3983.500     3999.490     4031.940     4038.610     4038.610
  1165:     4038.610     4038.620     4039.180     4039.180     4039.280
  1170:     4039.280     4039.950     4039.950     4041.120     4041.120
  1175:     4041.360     4041.360     4044.870     4044.870     4047.080
  1180:     4047.230     4047.440     4047.510     4048.610     4052.270
  1185:     4052.410     4054.120     4054.690     4054.740     4054.760
  1190:     4054.900     4055.300     4056.190     4056.190     4056.190
  1195:     4056.200     4057.610     4057.980     4058.520     4058.590
  1200:     4058.660     4058.830     4059.090     4059.990     4060.490
  1205:     4060.560     4061.500     4062.160     4062.850     4063.370
  1210:     4064.410     4064.510     4066.190     4066.420     4066.800
  1215:     4066.850     4067.090     4068.490     4068.530     4068.590
  1220:     4068.670     4068.790     4070.800     4071.040     4071.480
  1225:     4071.790     4074.830     4075.200     4075.220     4075.930
  1230:     4076.970     4077.940     4078.290     4079.360     4079.430
  1235:     4079.820     4079.920     4080.660     4080.770     4081.240
  1240:     4082.380     4082.670     4083.680     4085.200     4085.240
  1245:     4085.280     4088.110     4088.980     4094.520     4094.670
  1250:     4102.190     4102.540     4110.840     4111.370     4111.640
  1255:     4111.670     4112.900     4112.960     4113.230     4113.680
  1260:     4113.910     4113.960     4115.190     4115.190     4115.190
  1265:     4115.200     4116.770     4117.380     4117.490     4118.130
  1270:     4118.340     4120.060     4121.740     4122.500     4125.190
  1275:     4125.510     4126.810     4127.000     4127.600     4128.080
  1280:     4128.970     4129.660     4129.830     4131.320     4132.370
  1285:     4132.980     4133.960     4134.020     4134.580     4135.260
  1290:     4135.750     4136.010     4159.740     4159.790     4160.380
  1295:     4160.720     4161.110     4161.390     4161.980     4162.370
  1300:     4162.390     4242.540     4244.480     4244.480     4244.480
  1305:     4244.490     4245.430     4254.480     4278.950     4279.610
  1310:     4412.170     4455.510     4456.120     4457.010     4471.570
  1315:     4471.710     4572.430     4577.190     4577.440     4577.630
  1320:     4578.120     4578.140     4582.020     4582.100     4584.020
  1325:     4587.170     4587.430     4662.530     4662.530     4662.530
  1330:     4662.540     4665.360     4665.360     4672.530     4772.530
  1335:     4780.640     4781.550     4784.140     4787.780     4790.070
  1340:     4790.960     4791.230     4799.060     4799.110     4799.180
  1345:     4800.360     4801.180     4801.240     4802.050     4802.400
  1350:     4802.870     4806.230     4807.350     4808.480     4808.620
  1355:     4812.020     4812.410     4813.290     4813.750     4815.010
  1360:     4815.050     4816.210     4816.300     4816.410     4816.540
  1365:     4820.620     4820.650     4820.700     4820.780     4822.340
  1370:     4822.410     4830.170     4836.020     4860.260     4860.690
  1375:     4861.800     4862.560     4865.050     4866.550     4867.540
  1380:     4868.390     4869.060     4869.610     4870.220     4871.270
  1385:     4894.240     4894.370     4894.470     4896.490     4896.900
  1390:     4897.650     4897.710     4900.500     4900.620     4900.860
  1395:     4900.870     4900.910     4900.970     4900.990     4901.020
  1400:     4901.200     4901.390     4901.630     4903.260     4903.260
  1405:     4903.260     4903.270     4903.400     4903.400     4903.920
  1410:     4903.920     4905.590     4905.810     4906.750     4907.420
  1415:     4908.230     4913.260     4922.420     4922.510     4922.640
  1420:     4922.690     4923.430     4923.520     5017.450     5069.540
  1425:     5069.980     5070.450     5183.080     5233.450     5235.880
  1430:     5235.880     5235.880     5235.890     5236.870     5236.870
  1435:     5238.080     5238.080     5238.260     5238.260     5245.320
  1440:     5245.320     5245.880     5260.420     5260.810     5304.740
  1445:     5347.070     5347.260     5361.060     5361.120     5361.340
  1450:     5364.230     5364.460     5364.510     5364.590     5364.620
  1455:     5365.300     5366.580     5366.580     5366.580     5366.590
  1460:     5366.690     5366.690     5367.170     5367.170     5368.710
  1465:     5368.710     5369.310     5369.310     5369.430     5369.430
  1470:     5369.530     5369.530     5369.830     5369.830     5370.170
  1475:     5370.170     5370.260     5370.260     5376.580     5400.110
  1480:     5420.840     5421.100     5432.050     5432.050     5432.050
  1485:     5432.060     5432.920     5432.920     5433.160     5433.160
  1490:     5433.810     5433.920     5434.000     5434.290     5442.050
  1495:     5458.200     5460.670     5460.750     5461.200     5474.410
  1500:     5474.420     5475.080     5475.110     5475.200     5475.250
  1505:     5475.280     5476.100     5476.190     5477.500     5477.810
  1510:     5478.210     5478.470     5488.490     5489.640     5500.400
  1515:     5514.060     5518.310     5518.340     5518.430     5518.510
  1520:     5519.700     5520.190     5520.250     5531.000     5558.270
  1525:     5558.950     5564.090     5567.490     5567.490     5567.490
  1530:     5567.500     5572.410     5575.350     5575.350     5576.080
  1535:     5576.080     5576.170     5576.170     5577.120     5577.120
  1540:     5577.490     5577.950     5577.950     5577.950     5577.960
  1545:     5580.910     5580.910     5587.950     5595.580     5595.630
  1550:     5595.850     5596.670     5596.670     5596.670     5596.680
  1555:     5597.220     5597.220     5597.780     5597.780     5598.840
  1560:     5598.840     5599.340     5599.340     5600.210     5600.210
  1565:     5600.960     5600.960     5601.530     5601.530     5601.650
  1570:     5601.650     5601.780     5601.780     5603.630     5603.630
  1575:     5604.460     5604.460     5605.060     5605.060     5606.670
  1580:     5608.180     5610.270     5679.470     5723.640     5749.190
  1585:     5783.560     5784.220     5785.590     5785.630     5785.690
  1590:     5786.110     5789.240     5789.250     5789.320     5789.390
  1595:     5789.440     5789.540     5790.700     5790.700     5790.700
  1600:     5790.710     5792.090     5792.090     5794.450     5794.820
  1605:     5795.190     5796.830     5796.830     5800.700     5836.840
  1610:     5837.090     5838.140     5838.460     5840.630     5840.960
  1615:     5841.090     5842.670     5842.840     5843.060     5843.200
  1620:     5844.590     5845.020     5846.610     5846.630     5846.670
  1625:     5886.720     5894.850     5895.340     5895.410     5895.440
  1630:     5895.850     5896.160     5896.220     5896.270     5904.640
  1635:     5904.760     5904.820     5914.350     5914.390     5914.510
  1640:     5914.610     5915.000     5931.520     5941.490     5944.240
  1645:     5944.830     5993.400     6000.920     6001.020     6001.030
  1650:     6001.240     6009.270     6009.380     6009.440     6009.580
  1655:     6009.670     6009.720     6010.330     6010.600     6015.220
  1660:     6015.390     6016.720     6023.080     6023.890     6023.940
  1665:     6024.310     6024.500     6037.100     6037.120     6037.420
  1670:     6037.470     6037.550     6037.640     6037.790     6037.870
  1675:     6037.930     6038.100     6038.280     6047.370     6055.320
  1680:     6055.950     6063.220     6063.220     6063.220     6063.230
  1685:     6066.210     6069.650     6069.720     6073.220     6085.430
  1690:     6086.010     6138.860     6138.900     6141.490     6142.440
  1695:     6142.480     6142.710     6143.120     6145.530     6154.130
  1700:     6154.130     6154.130     6154.140     6156.880     6164.130
  1705:     6196.150     6199.310     6199.400     6199.640     6199.870
  1710:     6202.530     6202.720     6202.910     6205.570     6206.190
  1715:     6206.380     6209.300     6209.380     6209.500     6210.540
  1720:     6215.230     6215.380     6216.360     6216.750     6216.920
  1725:     6221.840     6224.050     6224.090     6224.110     6224.980
  1730:     6225.430     6225.710     6231.030     6236.740     6236.740
  1735:     6236.740     6236.750     6237.390     6237.390     6237.650
  1740:     6237.650     6237.840     6237.840     6238.920     6238.920
  1745:     6239.670     6239.670     6239.870     6239.870     6241.140
  1750:     6241.140     6241.640     6241.640     6242.870     6242.870
  1755:     6244.090     6244.090     6244.210     6244.210     6244.300
  1760:     6244.300     6244.720     6244.720     6244.810     6244.810
  1765:     6246.010     6246.010     6246.740     6248.170     6248.170
  1770:     6248.170     6248.180     6248.270     6248.270     6248.480
  1775:     6248.480     6252.150     6252.150     6252.990     6252.990
  1780:     6253.640     6253.640     6258.170     6264.860     6269.440
  1785:     6271.250     6271.420     6271.850     6271.900     6272.000
  1790:     6273.660     6273.840     6273.960     6274.120     6275.380
  1795:     6275.780     6276.500     6276.970     6277.630     6286.400
  1800:     6286.440     6286.920     6287.510     6287.640     6287.970
  1805:     6287.990     6288.160     6298.090     6298.570     6299.080
  1810:     6299.180     6299.250     6299.810     6301.000     6303.650
  1815:     6304.270     6304.930     6309.140     6310.340     6311.150
  1820:     6313.020     6313.470     6320.040     6324.210     6324.810
  1825:     6325.580     6325.980     6327.260     6327.390     6327.460
  1830:     6331.050     6331.620     6332.570     6332.960     6333.400
  1835:     6334.070     6343.130     6347.170     6349.330     6353.780
  1840:     6354.530     6357.250     6363.470     6448.770     6448.810
  1845:     6450.020     6469.930     6506.920     6530.440     6560.410
  1850:     6561.160     6564.840     6567.520     6721.070     6721.070
  1855:     6721.070     6721.080     6723.700     6731.070     6736.960
  1860:     6737.850     6738.190     6748.600     6748.810     6749.070
  1865:     6749.080     6749.440     6754.110     6754.310     6755.830
  1870:     6755.830     6755.830     6755.840     6756.310     6756.310
  1875:     6758.730     6758.900     6758.920     6765.830     6766.710
  1880:     6767.420     6769.310     6772.660     6772.960     6773.140
  1885:     6774.530     6777.740     6778.300     6780.900     6787.860
  1890:     6789.340     6789.910     6790.330     6791.800     6791.840
  1895:     6793.050     6793.240     6793.340     6793.980     6794.030
  1900:     6794.520     6794.920     6796.470     6797.940     6799.220
  1905:     6799.480     6801.070     6801.640     6802.230     6804.510
  1910:     6806.360     6806.370     6806.470     6806.660     6806.770
  1915:     6806.800     6808.220     6830.620     6832.550     6834.770
  1920:     6835.110     6835.280     6835.750     6870.940     6870.970
  1925:     6871.560     6874.730     6874.800     6874.870     6875.660
  1930:     6876.740     6876.740     6876.740     6876.750     6876.820
  1935:     6876.820     6886.740     6959.120     6965.170     6994.430
  1940:     6994.430     6994.430     6994.440     7004.430     7070.270
  1945:     7070.270     7070.270     7070.280     7073.120     7073.120
  1950:     7080.270     7099.570     7100.450     7100.580     7100.760
  1955:     7223.830     7224.260     7224.920     7225.120     7226.140
  1960:     7299.350     7302.090     7302.180     7316.950     7317.740
  1965:     7540.400     7541.040     7544.360     7547.820     7548.820
  1970:     7549.380     7550.850     7552.710     7553.120     7553.670
  1975:     7553.830     7554.060     7554.220     7556.780     7557.260
  1980:     7557.300     7557.970     7558.120     7558.440     7559.250
  1985:     7561.150     7562.850     7564.530     7564.530     7564.530
  1990:     7564.540     7565.300     7565.300     7565.920     7565.920
  1995:     7566.080     7566.080     7568.310     7568.380     7568.400
  2000:     7568.450     7568.550     7570.930     7572.820     7572.890
  2005:     7573.020     7573.090     7573.110     7574.530     7576.170
  2010:     7598.670     7598.920     7599.160     7599.210     7599.370
  2015:     7600.400     7602.670     7602.670     7602.670     7602.680
  2020:     7603.410     7603.410     7603.980     7603.980     7604.140
  2025:     7604.140     7604.620     7604.620     7605.030     7605.030
  2030:     7606.760     7606.760     7607.470     7607.470     7607.540
  2035:     7607.540     7610.670     7610.670     7610.790     7610.790
  2040:     7611.520     7611.520     7612.180     7612.180     7612.580
  2045:     7612.580     7612.670     7614.820     7614.820     7614.820
  2050:     7614.830     7615.040     7615.040     7615.820     7615.820
  2055:     7617.070     7617.070     7617.270     7617.270     7617.630
  2060:     7617.630     7618.040     7618.040     7618.640     7618.640
  2065:     7619.870     7619.870     7621.550     7621.550     7621.970
  2070:     7621.970     7622.380     7622.380     7622.930     7622.930
  2075:     7623.510     7623.510     7624.270     7624.270     7624.820
  2080:     7626.390     7626.390     7626.390     7626.400     7626.560
  2085:     7626.560     7627.100     7627.100     7636.390     7651.840
  2090:     7652.180     7701.210     7701.920     7701.930     7720.610
  2095:     7721.200     7753.370     7753.990     7754.090     7754.200
  2100:     7754.250     7756.530     7759.870     7760.060     7760.760
  2105:     7761.110     7763.100     7763.410     7767.040     7768.240
  2110:     7768.750     7770.490     7770.520     7773.300     7773.550
  2115:     7773.970     7778.040     7779.160     7780.060     7783.930
  2120:     7784.680     7785.450     7785.530     7795.670     7795.780
  2125:     7795.960     7796.270     7797.180     7797.270     7800.590
  2130:     7800.650     7801.510     7802.130     7802.630     7802.720
  2135:     7802.850     7803.510     7804.300     7805.670     7805.760
  2140:     7806.280     7806.830     7808.150     7812.040     7812.080
  2145:     7812.090     7816.430     7817.850     7818.230     7818.860
  2150:     7818.980     7819.020     7819.280     7819.560     7819.790
  2155:     7819.850     7820.250     7820.810     7820.890     7823.070
  2160:     7824.000     7911.350     7924.890     7925.110     7943.600
  2165:     7945.420     7945.430     8097.120     8097.120     8097.120
  2170:     8097.130     8107.120     8141.960     8142.550     8143.590
  2175:     8144.020     8193.650     8206.370     8206.540     8206.900
  2180:     8216.470     8216.710     8216.730     8216.780     8216.890
  2185:     8217.770     8219.410     8219.410     8219.410     8219.420
  2190:     8219.640     8219.640     8220.560     8220.560     8221.380
  2195:     8221.380     8223.590     8223.760     8227.730     8227.970
  2200:     8228.120     8229.410     8230.850     8230.950     8231.580
  2205:     8231.900     8232.470     8232.540     8233.170     8235.670
  2210:     8236.500     8238.740     8238.870     8238.940     8240.410
  2215:     8240.770     8240.980     8241.590     8241.680     8249.630
  2220:     8249.690     8250.120     8250.960     8251.960     8252.450
  2225:     8252.620     8252.880     8252.910     8257.870     8258.890
  2230:     8260.040     8264.650     8267.510     8267.510     8267.510
  2235:     8267.520     8269.980     8269.980     8270.980     8270.980
  2240:     8273.230     8273.560     8273.680     8274.210     8277.510
  2245:     8279.640     8280.150     8280.260     8280.640     8284.270
  2250:     8284.490     8284.630     8284.660     8284.780     8285.140
  2255:     8285.920     8286.350     8292.570     8310.590     8310.670
  2260:     8310.770     8310.860     8312.490     8312.520     8312.820
  2265:     8312.890     8312.930     8329.410     8341.460     8345.230
  2270:     8362.830     8363.580     8363.770     8365.010     8367.280
  2275:     8371.400     8372.260     8373.560     8375.490     8379.490
  2280:     8380.730     8380.880     8382.970     8383.900     8384.470
  2285:     8385.340     8385.480     8385.900     8387.710     8388.060
  2290:     8388.180     8392.350     8395.440     8395.500     8396.120
  2295:     8417.980     8617.190     8619.620     8619.830     8621.530
  2300:     8621.550     8623.340     8623.340     8623.340     8623.350
  2305:     8623.630     8623.630     8624.930     8624.930     8626.020
  2310:     8626.020     8626.710     8626.710     8628.640     8628.640
  2315:     8629.720     8630.000     8630.050     8630.170     8630.820
  2320:     8632.440     8632.820     8633.340     8634.040     8634.050
  2325:     8634.220     8638.060     8638.070     8638.150     8639.610
  2330:     8640.410     8641.440     8641.490     8655.780     8656.090
  2335:     8657.060     8657.090     8657.260     8657.620     8657.970
  2340:     8658.160     8658.250     8658.400     8659.310     8659.310
  2345:     8659.310     8659.320     8661.910     8661.930     8661.990
  2350:     8665.900     8665.940     8666.080     8667.240     8669.310
  2355:     8681.220     8717.770     8723.780     8724.220     8725.200
  2360:     8726.760     8727.730     8727.790     8742.160     8742.930
  2365:     8743.380     8756.040     8765.050     8766.780     8790.880
  2370:     8954.850     8956.010     8957.450     8964.610     8970.440
  2375:     8970.810     8972.110     8993.150     8993.240     8993.370
  2380:     8993.450     8994.220     8994.310     8996.930     8997.070
  2385:     8997.080     8997.870     9000.800     9001.390     9001.490
  2390:     9003.220     9003.460     9003.470     9003.500     9003.880
  2395:     9004.390     9004.600     9006.100     9006.140     9006.160
  2400:     9006.930     9007.110     9007.130     9007.170     9011.010
  2405:     9012.140     9014.660     9014.780     9020.210     9021.730
  2410:     9023.420     9023.420     9023.420     9023.430     9024.270
  2415:     9024.270     9024.640     9024.640     9024.760     9024.760
  2420:     9025.620     9025.620     9027.980     9029.390     9029.620
  2425:     9030.640     9030.810     9031.100     9031.740     9031.790
  2430:     9033.420     9035.430     9059.550     9059.560     9069.540
  2435:     9107.740     9108.480     9108.790     9109.160     9109.310
  2440:     9195.850     9196.590     9199.740     9206.060     9206.200
  2445:     9208.830     9209.400     9209.700     9246.050     9290.610
  2450:     9290.610     9290.610     9290.620     9300.610     9327.130
  2455:     9564.290     9564.870     9566.440     9567.250     9567.580
  2460:     9569.170     9570.940     9576.090     9578.580     9580.040
  2465:     9583.720     9585.990     9588.160     9588.480     9590.790
  2470:     9600.650     9601.140     9602.560     9609.430     9613.160
  2475:     9614.210     9619.810     9622.070     9622.090     9622.130
  2480:     9627.160     9629.110     9629.130     9632.030     9632.330
  2485:     9634.180     9635.960     9636.030     9636.480     9640.030
  2490:     9644.710     9646.670     9647.680     9647.990     9653.120
  2495:     9656.030     9656.620     9657.310     9657.790     9657.960
  2500:     9659.190     9660.180     9660.250     9677.850     9677.900
  2505:     9677.940     9677.980     9728.820     9748.100     9748.390
  2510:     9757.120     9859.520     9862.340     9864.290     9882.190
  2515:     9903.470     9912.780     9913.140     9929.820     9934.690
  2520:     9936.220     9936.620     9941.110     9941.290     9944.730
  2525:     9944.750     9945.880     9946.390     9949.430     9950.780
  2530:     9951.070     9954.290     9954.880     9957.560     9957.560
  2535:     9957.560     9957.570     9964.260     9964.510     9964.910
  2540:     9966.230     9966.290     9967.560     9969.700     9969.900
  2545:     9994.920     9995.600     9998.410     9998.540     9999.280
  2550:    10000.960    10004.340    10007.030    10007.080    10008.040
  2555:    10014.760    10016.160    10021.090    10021.590    10046.320
  2560:    10046.870    10066.840    10182.220    10182.320    10183.240
  2565:    10183.540    10184.110    10206.940    10207.710    10335.320
  2570:    10336.470    10340.600    10344.370    10396.020    10396.410
  2575:    10423.210    10438.700    10438.700    10438.700    10438.710
  2580:    10448.700    10574.560    10574.920    10579.260    10579.260
  2585:    10579.260    10579.270    10579.730    10579.730    10580.570
  2590:    10580.570    10588.830    10588.830    10589.260    10594.680
  2595:    10594.680    10594.680    10594.690    10604.680    10634.570
  2600:    10642.230    10643.490    10800.010
