File: C:\MED-PC IV\DATA\!2025-09-01_14h17m.Subject T18



Start Date: 09/01/25
End Date: 09/01/25
Subject: T18
Experiment: OralFentSA
Group: One
Box: 6
Start Time: 14:17:54
End Time: 17:17:58
MSN: Golden_Liq_SelfAdmin_LIT
F:       0.000
G:     663.000
H:   10800.010
I:       0.000
J:       0.000
K:       0.000
L:       0.000
M:       0.000
N:       0.000
O:       0.000
P:       0.000
Q:       0.000
R:       0.000
S:       0.000
U:       0.000
V:       0.000
W:       0.000
X:       0.000
Y:       0.000
Z:       0.000
A:
     0:        0.000        0.000      180.000        4.000        0.000
     5:        5.000        0.000        5.000        0.000        0.000
    10:        1.000        0.000       10.000  3000000.000       22.000
    15:       11.000      320.000        0.000        0.000        0.000
    20:        0.000
B:
     0:        0.000        0.000        0.000        0.000        0.000
     5:        0.000        0.000        0.000        0.000        0.000
    10:        0.000        0.000        0.000 300000000.00        0.000
    15:        0.000        0.000        0.000        0.000        0.000
    20:        0.000
C:
     0:        0.000        1.000        0.000        0.000      645.000
     5:        0.000        0.000        0.000        0.000        0.000
    10:        0.000       14.000        0.000        0.000        0.000
    15:        0.000        0.000        0.000        0.000        0.000
    20:        0.000
D:
E:
     0:       19.000       11.000       26.000       27.000        6.000
     5:        6.000        6.000        6.000        6.000        6.000
    10:        6.000        6.000        6.000        6.000        6.000
    15:        6.000        6.000        6.000        6.000        6.000
    20:        6.000        6.000        6.000        6.000        6.000
    25:        6.000        6.000        6.000        6.000        6.000
    30:        6.000        6.000        6.000        6.000        6.000
    35:        6.000        6.000        6.000        6.000        6.000
    40:        6.000        6.000        6.000        6.000        6.000
    45:        6.000        6.000        6.000        6.000        6.000
    50:        6.000        6.000        6.000        6.000        6.000
    55:        6.000        6.000        6.000        6.000        6.000
    60:        6.000        6.000        6.000        6.000        6.000
    65:        6.000        6.000        6.000        6.000        6.000
    70:        6.000        6.000        6.000        6.000        6.000
    75:        6.000        6.000        6.000        6.000        6.000
    80:        6.000        6.000        6.000        6.000        6.000
    85:        6.000        6.000        6.000        6.000        6.000
    90:        6.000        6.000        6.000        6.000        6.000
    95:        6.000        6.000        6.000        6.000        6.000
   100:        6.000        6.000        6.000        6.000        6.000
   105:        6.000        6.000        6.000        6.000        6.000
   110:        6.000        6.000        6.000        6.000        6.000
   115:        6.000        6.000        6.000        6.000        6.000
   120:        6.000        6.000        6.000        6.000        6.000
   125:        6.000        6.000        6.000        6.000        6.000
   130:        6.000        6.000        6.000        6.000        6.000
   135:        6.000        6.000        6.000        6.000        6.000
   140:        6.000        6.000        6.000        6.000        6.000
   145:        6.000        6.000        6.000        6.000        6.000
   150:        6.000        6.000        6.000        6.000        6.000
   155:        6.000        6.000        6.000        6.000        6.000
   160:        6.000        6.000        6.000        6.000        6.000
   165:        6.000        6.000        6.000        6.000        6.000
   170:        6.000        6.000        6.000        6.000        6.000
   175:        6.000        6.000        6.000        6.000        6.000
   180:        6.000        6.000        6.000        6.000        6.000
   185:        6.000        6.000        6.000        6.000        6.000
   190:        6.000        6.000        6.000        6.000        6.000
   195:        6.000        6.000        6.000        6.000        6.000
   200:        6.000        6.000        6.000        6.000        6.000
   205:        6.000        6.000        6.000        6.000        6.000
   210:        6.000        6.000        6.000        6.000        6.000
   215:        6.000        6.000        6.000        6.000        6.000
   220:        6.000        6.000        6.000        6.000        6.000
   225:        6.000        6.000        6.000        6.000        6.000
   230:        6.000        6.000        6.000        6.000        6.000
   235:        6.000        6.000        6.000        6.000        6.000
   240:        6.000        6.000        6.000        6.000        6.000
   245:        6.000        6.000        6.000        6.000        6.000
   250:        6.000        6.000        6.000        6.000        6.000
   255:        6.000        6.000        6.000        6.000        6.000
   260:        6.000        6.000        6.000        6.000        6.000
   265:        6.000       23.000       23.000        6.000        6.000
   270:        6.000        6.000        6.000        6.000        6.000
   275:        6.000        6.000        6.000        6.000        6.000
   280:        6.000        6.000        6.000        6.000        6.000
   285:        6.000        6.000        6.000        6.000        6.000
   290:        6.000        6.000        6.000        6.000        6.000
   295:        6.000        6.000        6.000        6.000        6.000
   300:        6.000        6.000        6.000        6.000        6.000
   305:        6.000        6.000        6.000        6.000        6.000
   310:        6.000        6.000        6.000        6.000        6.000
   315:        6.000        6.000        6.000        6.000        6.000
   320:        6.000        6.000        6.000        6.000        6.000
   325:        6.000        6.000        6.000        6.000        6.000
   330:        6.000        6.000        6.000        6.000        6.000
   335:        6.000        6.000        6.000        6.000        6.000
   340:        6.000        6.000        6.000        6.000        6.000
   345:        6.000        6.000        6.000        6.000        6.000
   350:        6.000        6.000        6.000        6.000        6.000
   355:        6.000        6.000        6.000        6.000        6.000
   360:        6.000        6.000        6.000        6.000        6.000
   365:        6.000        6.000        6.000        6.000        6.000
   370:        6.000        6.000        6.000        6.000        6.000
   375:        6.000        6.000        6.000        6.000        6.000
   380:        6.000        6.000        6.000        6.000        6.000
   385:        6.000        6.000        6.000       23.000       23.000
   390:       23.000       23.000        6.000        6.000        6.000
   395:        6.000        6.000       23.000       23.000       23.000
   400:        6.000        6.000        6.000        6.000        6.000
   405:        6.000        6.000        6.000        6.000        6.000
   410:        6.000        6.000        6.000        6.000        6.000
   415:        6.000        6.000        6.000        6.000        6.000
   420:        6.000        6.000        6.000        6.000        6.000
   425:        6.000        6.000        6.000       23.000       23.000
   430:       23.000       23.000        6.000        6.000        6.000
   435:        6.000        6.000        6.000        6.000        6.000
   440:        6.000        6.000        6.000        6.000        6.000
   445:        6.000        6.000        6.000        6.000        6.000
   450:        6.000        6.000        6.000        6.000        6.000
   455:        6.000        6.000        6.000        6.000        6.000
   460:        6.000        6.000        6.000        6.000        6.000
   465:        6.000        6.000        6.000        6.000        6.000
   470:        6.000        6.000        6.000        6.000        6.000
   475:        6.000        6.000        6.000        6.000        6.000
   480:        6.000        6.000        6.000        6.000        6.000
   485:        6.000        6.000        6.000        6.000        6.000
   490:        6.000        6.000        6.000        6.000        6.000
   495:        6.000        6.000        6.000        6.000        6.000
   500:        6.000        6.000        6.000        6.000       23.000
   505:        6.000        6.000        6.000        6.000        6.000
   510:        6.000        6.000        6.000        6.000        6.000
   515:        6.000        6.000        6.000        6.000        6.000
   520:        6.000        6.000        6.000        6.000        6.000
   525:        6.000        6.000        6.000        6.000        6.000
   530:        6.000        6.000        6.000        6.000        6.000
   535:        6.000        6.000        6.000        6.000        6.000
   540:        6.000        6.000        6.000        6.000        6.000
   545:        6.000        6.000        6.000        6.000        6.000
   550:        6.000        6.000        6.000        6.000        6.000
   555:        6.000        6.000        6.000        6.000        6.000
   560:        6.000        6.000        6.000        6.000        6.000
   565:        6.000        6.000        6.000        6.000        6.000
   570:        6.000        6.000        6.000        6.000        6.000
   575:        6.000        6.000        6.000        6.000        6.000
   580:        6.000        6.000        6.000        6.000        6.000
   585:        6.000        6.000        6.000        6.000        6.000
   590:        6.000        6.000        6.000        6.000        6.000
   595:        6.000        6.000        6.000        6.000        6.000
   600:        6.000        6.000        6.000        6.000        6.000
   605:        6.000        6.000        6.000        6.000        6.000
   610:        6.000        6.000        6.000        6.000        6.000
   615:        6.000        6.000        6.000        6.000        6.000
   620:        6.000        6.000        6.000        6.000        6.000
   625:        6.000        6.000        6.000        6.000        6.000
   630:        6.000        6.000        6.000        6.000        6.000
   635:        6.000        6.000        6.000        6.000        6.000
   640:        6.000        6.000        6.000        6.000        6.000
   645:        6.000        6.000        6.000        6.000        6.000
   650:        6.000        6.000        6.000        6.000        6.000
   655:        6.000        6.000        6.000        6.000        6.000
   660:        6.000        6.000        6.000      100.000
T:
     0:        0.000        0.000        0.000        0.000       12.860
     5:       39.570       47.660       65.540      109.100      110.330
    10:      110.760      111.130      150.420      236.640      280.950
    15:      281.010      281.140      281.870      296.120      357.140
    20:      357.170      363.260      363.750      364.910      381.920
    25:      395.880      439.660      449.980      485.040      539.140
    30:      557.030      564.680      565.430      565.730      565.860
    35:      566.000      570.350      571.280      575.640      581.520
    40:      582.030      583.110      583.310      583.410      583.480
    45:      584.220      584.970      585.060      625.450      636.230
    50:      646.760      647.440      653.320      654.000      654.990
    55:      655.540      655.660      690.000      690.820      691.190
    60:      691.230      696.100      697.410      697.520      697.610
    65:      698.740      698.840      702.190      703.540      729.420
    70:      729.510      752.340      754.290      755.260      758.820
    75:      791.700      804.880      829.150      965.080      968.330
    80:     1021.760     1042.820     1043.130     1043.290     1044.290
    85:     1049.940     1052.100     1053.340     1053.420     1053.730
    90:     1053.810     1053.830     1061.080     1061.320     1061.970
    95:     1127.090     1145.170     1184.560     1184.670     1236.130
   100:     1324.640     1325.050     1358.790     1419.850     1463.080
   105:     1463.320     1463.480     1465.050     1466.560     1467.080
   110:     1482.820     1484.330     1486.000     1486.950     1487.050
   115:     1488.640     1530.300     1531.440     1533.780     1534.600
   120:     1534.850     1535.640     1561.330     1561.870     1563.080
   125:     1563.470     1563.650     1564.200     1564.260     1567.680
   130:     1568.430     1568.490     1568.910     1571.570     1571.970
   135:     1572.020     1575.030     1575.920     1576.100     1576.690
   140:     1582.610     1603.840     1606.070     1607.200     1616.970
   145:     1642.090     1652.260     1665.030     1726.770     1726.800
   150:     1843.020     1843.150     1872.520     1872.890     1872.920
   155:     1873.170     1874.160     1874.420     1875.470     1876.090
   160:     1909.760     1910.270     1910.340     1910.440     1910.490
   165:     1910.640     1915.550     1917.610     1917.720     1924.210
   170:     1924.690     1978.540     2004.960     2005.580     2021.300
   175:     2078.410     2083.700     2087.620     2088.130     2088.170
   180:     2089.110     2089.340     2090.020     2123.670     2142.190
   185:     2142.560     2142.650     2142.830     2297.120     2302.210
   190:     2302.600     2303.050     2303.080     2315.950     2377.790
   195:     2674.360     2718.120     2744.640     2751.240     2751.410
   200:     2751.470     2751.540     2770.260     2771.800     2771.850
   205:     2771.930     2772.730     2772.910     2773.050     2779.430
   210:     2780.810     2780.980     2782.870     2783.580     2783.640
   215:     2783.820     2787.710     2789.030     2792.440     2792.490
   220:     2792.780     2792.920     2793.750     2793.980     2794.050
   225:     2794.130     2795.250     2795.450     2795.920     2798.990
   230:     2799.210     2799.330     2799.420     2802.030     2803.860
   235:     2803.940     2804.200     2805.220     2805.370     2807.800
   240:     2808.010     2809.970     2813.100     2815.300     2815.940
   245:     2817.200     2826.610     2836.300     2837.550     3086.980
   250:     3102.760     3103.070     3103.700     3103.940     3109.310
   255:     3109.360     3148.390     3148.570     3209.590     3209.820
   260:     3229.610     3229.640     3229.750     3230.380     3234.400
   265:     3424.430     3443.580     3451.990     3468.190     3468.390
   270:     3468.430     3469.230     3470.520     3470.610     3471.250
   275:     3473.090     3487.830     3487.850     3491.350     3491.530
   280:     3491.590     3496.950     3498.980     3500.030     3500.050
   285:     3500.150     3500.240     3500.350     3500.380     3500.620
   290:     3524.240     3525.170     3552.560     3555.010     3556.360
   295:     3557.410     3557.600     3557.690     3557.830     3557.960
   300:     3558.850     3562.620     3563.150     3563.390     3563.680
   305:     3564.790     3565.190     3565.350     3565.510     3565.620
   310:     3565.780     3565.820     3565.940     3566.010     3566.790
   315:     3567.390     3567.530     3567.760     3569.690     3570.130
   320:     3572.890     3572.920     3573.060     3574.000     3579.750
   325:     3580.200     3581.470     3582.530     3582.670     3588.270
   330:     3588.440     3588.720     3590.370     3590.620     3593.400
   335:     3610.590     3631.580     3648.320     3667.290     3683.500
   340:     3684.390     3685.470     3685.890     3685.930     3685.980
   345:     3689.310     3706.780     3709.950     3710.100     3710.360
   350:     3710.410     3711.090     3711.140     3711.230     3715.190
   355:     3715.570     3716.440     3716.850     3718.440     3916.540
   360:     3916.720     3918.770     3925.080     3926.390     3927.180
   365:     3935.650     3937.210     3938.420     3938.930     3939.310
   370:     3943.080     3943.190     3944.470     3985.310     3989.700
   375:     3990.810     3991.040     3994.140     3998.530     3998.900
   380:     3999.270     3999.860     4000.800     4003.010     4013.410
   385:     4013.750     4015.200     4016.010     4029.260     4031.470
   390:     4033.970     4035.420     4039.710     4040.710     4041.520
   395:     4044.340     4048.810     4086.850     4090.990     4092.340
   400:     4196.300     4199.690     4200.410     4200.560     4201.730
   405:     4202.910     4203.620     4203.800     4204.760     4206.340
   410:     4206.520     4207.010     4207.130     4207.200     4207.240
   415:     4207.320     4209.570     4211.180     4211.500     4211.800
   420:     4211.840     4211.930     4212.260     4212.320     4216.640
   425:     4217.510     4218.740     4219.180     4232.520     4235.270
   430:     4239.380     4242.150     4548.540     4565.790     4573.870
   435:     4574.570     4584.210     4585.480     4587.400     4589.140
   440:     4590.940     4592.690     4597.090     4597.690     4598.120
   445:     4627.580     4631.270     4655.390     4655.690     4660.290
   450:     4661.810     4662.830     4689.470     4696.300     4704.410
   455:     4705.150     4705.400     4705.900     4707.630     4708.270
   460:     4710.260     4713.080     4714.350     4716.310     4716.420
   465:     4721.690     4721.890     4722.170     4722.240     4722.480
   470:     4725.730     4737.530     4749.920     4750.160     4753.240
   475:     4755.690     4756.530     4757.890     4758.040     4758.510
   480:     4764.160     4764.380     4764.590     4766.980     4769.200
   485:     4786.190     4787.060     4787.350     4794.880     4802.340
   490:     4802.440     4804.440     4804.530     4809.690     4840.550
   495:     4842.120     4842.380     4883.980     4884.370     4884.390
   500:     4884.500     4885.490     4887.340     4887.380     4903.250
   505:     4910.830     4911.730     4913.050     4913.240     4913.830
   510:     4915.420     5078.710     5078.800     5078.920     5079.010
   515:     5079.490     5079.630     5080.000     5104.010     5104.080
   520:     5106.390     5106.700     5110.080     5118.960     5119.940
   525:     5358.870     5375.370     5382.100     5382.140     5383.650
   530:     5383.730     5383.870     5384.120     5809.370     5814.900
   535:     5815.850     5909.150     5909.210     5912.430     6247.880
   540:     6403.580     6403.630     6403.690     6405.810     6996.570
   545:     7001.730     7002.620     7042.870     7285.040     7288.910
   550:     7289.490     7389.610     7389.840     7583.940     7586.760
   555:     7591.130     7591.670     7598.280     7598.870     7600.390
   560:     7600.430     7601.960     7625.380     7625.760     7625.800
   565:     7626.160     7628.850     7643.210     7644.830     7645.260
   570:     7645.960     7652.280     7653.800     7654.720     7655.480
   575:     8150.910     8152.250     8152.450     8152.560     8152.670
   580:     8193.130     8193.200     8194.580     8194.620     8196.200
   585:     8197.000     8197.110     8197.800     8211.150     8211.710
   590:     8231.770     8231.830     8232.810     8236.440     8236.650
   595:     8236.760     8244.220     8245.600     8247.140     8251.530
   600:     8252.630     8253.320     8270.770     8273.850     8297.890
   605:     8378.940     8434.140     8502.770     8504.270     8512.440
   610:     8513.470     8514.470     8514.900     8515.270     8516.580
   615:     9263.390     9263.700     9304.760     9305.010     9305.040
   620:     9305.120     9326.120     9326.190     9326.230     9354.650
   625:     9357.940     9364.480     9364.650     9365.280     9398.450
   630:     9468.260     9468.350     9470.110     9476.780     9498.210
   635:     9520.500     9520.970     9533.180     9533.300     9536.700
   640:     9557.350     9558.530     9558.740     9559.340     9559.560
   645:     9561.680     9599.940     9638.930     9639.100    10427.040
   650:    10429.860    10566.370    10569.190    10582.130    10582.230
   655:    10584.110    10584.200    10584.300    10584.400    10585.530
   660:    10586.390    10586.510    10586.620    10800.010
