File: C:\MED-PC IV\DATA\!2025-05-21_14h06m.Subject T7



Start Date: 05/21/25
End Date: 05/21/25
Subject: T7
Experiment: OralFentSA
Group: One
Box: 1
Start Time: 14:06:09
End Time: 17:06:15
MSN: Golden_Liq_SelfAdmin
F:       0.000
G:     961.000
H:   10800.010
I:       0.000
J:       0.000
K:       0.000
L:       0.000
M:       0.000
N:       0.000
O:       0.000
P:       0.000
Q:       0.000
R:       0.000
S:       0.000
U:       0.000
V:       0.000
W:       0.000
X:       0.000
Y:       0.000
Z:       0.000
A:
     0:        0.000        0.000      180.000        4.000        0.000
     5:        5.000        0.000        5.000        0.000        0.000
    10:        1.000        0.000       10.000  3000000.000       19.000
    15:        7.000      640.000        0.000        0.000        0.000
    20:        0.000
B:
     0:        0.000        0.000        0.000      400.000        0.000
     5:      500.000        0.000      500.000        0.000        0.000
    10:        0.000        0.000     1000.000 300000000.00        0.000
    15:        0.000        0.000        0.000        0.000        0.000
    20:        0.000
C:
     0:        1.000        2.000        0.000        1.000      926.000
     5:     9046.120        8.930        1.000        8.930        8.930
    10:        1.000       17.000        0.000        0.000        0.000
    15:        0.000        0.000        0.000        0.000        0.000
    20:        0.000
D:
     0:        8.930
E:
     0:       19.000       11.000       26.000       27.000        6.000
     5:        6.000        6.000        6.000        6.000        6.000
    10:        6.000        6.000        6.000        6.000        6.000
    15:        6.000        6.000        6.000        6.000        6.000
    20:        6.000        6.000        6.000        6.000        6.000
    25:        6.000        6.000        6.000        6.000        6.000
    30:        6.000        6.000        6.000        6.000        6.000
    35:        6.000        6.000        6.000        6.000        6.000
    40:        6.000        6.000        6.000        6.000        6.000
    45:        6.000        6.000        6.000        6.000        6.000
    50:        6.000        6.000        6.000        6.000        6.000
    55:        6.000        6.000        6.000        6.000        6.000
    60:        6.000        6.000        6.000        6.000        6.000
    65:        6.000        6.000        6.000        6.000        6.000
    70:        6.000        6.000        6.000        6.000        6.000
    75:        6.000        6.000        6.000        6.000        6.000
    80:        6.000        6.000        6.000        6.000        6.000
    85:        6.000        6.000        6.000        6.000        6.000
    90:        6.000        6.000        6.000        6.000        6.000
    95:        6.000        6.000        6.000        6.000        6.000
   100:        6.000        6.000        6.000        6.000        6.000
   105:        6.000        6.000        6.000        6.000        6.000
   110:        6.000        6.000        6.000        6.000        6.000
   115:        6.000        6.000        6.000        6.000        6.000
   120:        6.000        6.000        6.000        6.000        6.000
   125:        6.000        6.000        6.000        6.000        6.000
   130:        6.000        6.000        6.000        6.000        6.000
   135:        6.000        6.000        6.000        6.000        6.000
   140:        6.000        6.000        6.000        6.000        6.000
   145:        6.000        6.000        6.000        6.000        6.000
   150:        6.000        6.000        6.000        6.000        6.000
   155:        6.000        6.000        6.000        6.000        6.000
   160:        6.000        6.000        6.000        6.000        6.000
   165:        6.000        6.000        6.000        6.000        6.000
   170:        6.000        6.000        6.000        6.000        6.000
   175:        6.000        6.000        6.000        6.000        6.000
   180:        6.000        6.000        6.000        6.000        6.000
   185:        6.000        6.000        6.000        6.000        6.000
   190:        6.000        6.000        6.000        6.000        6.000
   195:        6.000        6.000        6.000        6.000        6.000
   200:        6.000        6.000        6.000        6.000        6.000
   205:        6.000        6.000        6.000        6.000        6.000
   210:        6.000        6.000        6.000        6.000        6.000
   215:        6.000        6.000        6.000        6.000        6.000
   220:        6.000        6.000        6.000        6.000        6.000
   225:        6.000        6.000        6.000        6.000        6.000
   230:        6.000        6.000        6.000        6.000        6.000
   235:        6.000        6.000        6.000        6.000        6.000
   240:        6.000        6.000        6.000        6.000        6.000
   245:        6.000        6.000        6.000        6.000        6.000
   250:        6.000        6.000        6.000        6.000        6.000
   255:        6.000        6.000        6.000        6.000        6.000
   260:        6.000        6.000        6.000        6.000        6.000
   265:        6.000        6.000        6.000        6.000        6.000
   270:        6.000        6.000        6.000        6.000        6.000
   275:        6.000        6.000        6.000        6.000        6.000
   280:        6.000        6.000        6.000        6.000        6.000
   285:        6.000        6.000        6.000        6.000        6.000
   290:        6.000        6.000        6.000        6.000        6.000
   295:        6.000        6.000        6.000        6.000        6.000
   300:        6.000        6.000        6.000        6.000        6.000
   305:        6.000        6.000        6.000        6.000        6.000
   310:        6.000        6.000        6.000        6.000        6.000
   315:        6.000        6.000        6.000        6.000        6.000
   320:        6.000        6.000        6.000        6.000        6.000
   325:        6.000        6.000        6.000        6.000        6.000
   330:        6.000        6.000        6.000        6.000        6.000
   335:        6.000        6.000        6.000        6.000        6.000
   340:        6.000        6.000        6.000        6.000        6.000
   345:        6.000        6.000        6.000        6.000        6.000
   350:        6.000        6.000        6.000        6.000        6.000
   355:        6.000        6.000        6.000        6.000        6.000
   360:        6.000        6.000        6.000        6.000        6.000
   365:        6.000        6.000        6.000        6.000        6.000
   370:        6.000       23.000        6.000        6.000        6.000
   375:        6.000        6.000        6.000        6.000        6.000
   380:        6.000        6.000        6.000        6.000        6.000
   385:        6.000        6.000        6.000        6.000        6.000
   390:        6.000        6.000        6.000        6.000        6.000
   395:        6.000        6.000        6.000        6.000        6.000
   400:        6.000        6.000        6.000        6.000        6.000
   405:        6.000        6.000        6.000       23.000        6.000
   410:        6.000        6.000        6.000        6.000        6.000
   415:        6.000        6.000        6.000        6.000        6.000
   420:        6.000        6.000        6.000        6.000        6.000
   425:        6.000        6.000        6.000        6.000        6.000
   430:        6.000        6.000        6.000        6.000        6.000
   435:        6.000        6.000        6.000        6.000        6.000
   440:        6.000        6.000        6.000        6.000        6.000
   445:        6.000        6.000        6.000        6.000        6.000
   450:        6.000        6.000        6.000        6.000        6.000
   455:        6.000        6.000        6.000        6.000        6.000
   460:        6.000        6.000        6.000        6.000        6.000
   465:        6.000        6.000        6.000        6.000        6.000
   470:        6.000        6.000        6.000        6.000        6.000
   475:        6.000        6.000        6.000        6.000        6.000
   480:        6.000        6.000        6.000        6.000        6.000
   485:        6.000        6.000        6.000        6.000       23.000
   490:       23.000       23.000        6.000        6.000        6.000
   495:        6.000        6.000        6.000        6.000        6.000
   500:        6.000        6.000        6.000        6.000        6.000
   505:        6.000        6.000        6.000        6.000        6.000
   510:        6.000        6.000        6.000       23.000       23.000
   515:        6.000        6.000        6.000        6.000        6.000
   520:        6.000        6.000        6.000        6.000        6.000
   525:        6.000        6.000        6.000        6.000        6.000
   530:        6.000        6.000        6.000        6.000        6.000
   535:        6.000        6.000        6.000        6.000        6.000
   540:        6.000        6.000        6.000        6.000        6.000
   545:        6.000        6.000        6.000        6.000        6.000
   550:        6.000        6.000        6.000        6.000        6.000
   555:        6.000        6.000        6.000        6.000        6.000
   560:        6.000        6.000        6.000        6.000        6.000
   565:        6.000        6.000        6.000        6.000        6.000
   570:        6.000        6.000        6.000        6.000        6.000
   575:        6.000        6.000        6.000       23.000       23.000
   580:        6.000        6.000        6.000       23.000       23.000
   585:        6.000        6.000        6.000        6.000        6.000
   590:        6.000        6.000        6.000        6.000        6.000
   595:        6.000        6.000        6.000        6.000        6.000
   600:        6.000        6.000        6.000       23.000        6.000
   605:        6.000        6.000        6.000        6.000        6.000
   610:        6.000        6.000        6.000        6.000        6.000
   615:        6.000        6.000       23.000        6.000        6.000
   620:        6.000        6.000        6.000        6.000        6.000
   625:        6.000        6.000        6.000        6.000        6.000
   630:        6.000        6.000        6.000        6.000        6.000
   635:        6.000        6.000        6.000        6.000        6.000
   640:        6.000        6.000        6.000        6.000        6.000
   645:        6.000        6.000        6.000        6.000        6.000
   650:        6.000        6.000        6.000        6.000        6.000
   655:        6.000        6.000        6.000        6.000        6.000
   660:        6.000        6.000        6.000        6.000        6.000
   665:        6.000        6.000        6.000        6.000        6.000
   670:        6.000        6.000        6.000       23.000        2.000
   675:        4.000       22.000       24.000       12.000       13.000
   680:        8.000        5.000       17.000       18.000       14.000
   685:       10.000        6.000       19.000       11.000        6.000
   690:        6.000        6.000        6.000        6.000        6.000
   695:        6.000        6.000        6.000        6.000        6.000
   700:        6.000        6.000        6.000        6.000        6.000
   705:        6.000        6.000        6.000        6.000        6.000
   710:        6.000        6.000        6.000        6.000        6.000
   715:        6.000        6.000        6.000        6.000        6.000
   720:        6.000        6.000        6.000        6.000        6.000
   725:        6.000        6.000        6.000        6.000       23.000
   730:       23.000        6.000        6.000        6.000        6.000
   735:        6.000        6.000        6.000        6.000        6.000
   740:        6.000        6.000        6.000        6.000        6.000
   745:        6.000        6.000        6.000        6.000        6.000
   750:        6.000        6.000        6.000        6.000        6.000
   755:        6.000        6.000        6.000        6.000        6.000
   760:        6.000        6.000        6.000        6.000        6.000
   765:        6.000        6.000        6.000        6.000        6.000
   770:        6.000        6.000        6.000        6.000        6.000
   775:        6.000        6.000        6.000        6.000        6.000
   780:        6.000        6.000        6.000        6.000        6.000
   785:        6.000        6.000        6.000        6.000        6.000
   790:        6.000        6.000        6.000        6.000        6.000
   795:        6.000        6.000        6.000        6.000        6.000
   800:       23.000        6.000        6.000        6.000        6.000
   805:        6.000        6.000        6.000        6.000        6.000
   810:        6.000        6.000        6.000        6.000        6.000
   815:        6.000        6.000        6.000        6.000        6.000
   820:        6.000        6.000        6.000        6.000        6.000
   825:        6.000        6.000        6.000        6.000        6.000
   830:        6.000        6.000        6.000        6.000        6.000
   835:        6.000        6.000        6.000        6.000        6.000
   840:        6.000        6.000        6.000        6.000        6.000
   845:        6.000        6.000        6.000        6.000        6.000
   850:        6.000        6.000        6.000        6.000        6.000
   855:        6.000        6.000        6.000        6.000        6.000
   860:        6.000        6.000        6.000        6.000        6.000
   865:        6.000        6.000        6.000        6.000        6.000
   870:        6.000        6.000        6.000        6.000        6.000
   875:        6.000        6.000        6.000        6.000        6.000
   880:        6.000        6.000        6.000        6.000        6.000
   885:        6.000        6.000        6.000        6.000        6.000
   890:        6.000        6.000        6.000        6.000        6.000
   895:        6.000        6.000        6.000        6.000        6.000
   900:        6.000        6.000        6.000        6.000        6.000
   905:        6.000        6.000        6.000        6.000        6.000
   910:        6.000        6.000        6.000        6.000        6.000
   915:        6.000        6.000        6.000        6.000        6.000
   920:        6.000        6.000        6.000        6.000        6.000
   925:        6.000        6.000        6.000        6.000        6.000
   930:        6.000        6.000        6.000        6.000        6.000
   935:        6.000        6.000        6.000        6.000        6.000
   940:        6.000        6.000        6.000        6.000        6.000
   945:        6.000        6.000        6.000        6.000        6.000
   950:        6.000        6.000        6.000        6.000        6.000
   955:        6.000        6.000        6.000        6.000        6.000
   960:        6.000      100.000
T:
     0:        0.000        0.000        0.000        0.000        7.320
     5:       11.920       12.620       59.980       84.560       84.780
    10:       90.250       98.690       99.510       99.560      100.120
    15:      102.860      159.980      196.140      200.290      202.110
    20:      202.130      225.290      225.340      225.430      225.540
    25:      225.650      226.060      226.340      262.390      269.220
    30:      292.160      366.650      366.790      402.870      403.220
    35:      403.240      405.840      406.050      406.300      407.220
    40:      408.520      410.790      415.000      415.550      415.780
    45:      416.160      418.390      418.410      418.550      419.330
    50:      420.190      427.620      427.700      429.710      430.930
    55:      430.960      434.230      437.820      471.730      472.900
    60:      473.220      475.050      475.760      513.790      513.940
    65:      513.970      514.030      543.050      577.460      579.600
    70:      608.800      613.670      614.050      623.230      625.510
    75:      625.760      680.660      680.790      769.100      770.400
    80:      777.890      778.060      825.440      826.790      826.820
    85:     1095.640     1095.700     1096.470     1097.940     1099.020
    90:     1099.050     1099.620     1099.850     1101.710     1107.850
    95:     1109.560     1109.690     1110.050     1129.750     1129.940
   100:     1174.420     1178.590     1178.900     1225.950     1226.090
   105:     1328.030     1328.090     1328.280     1358.160     1381.900
   110:     1390.120     1390.730     1492.830     1493.090     1495.010
   115:     1495.940     1497.160     1499.640     1504.440     1507.430
   120:     1507.470     1507.610     1507.920     1507.990     1508.090
   125:     1508.740     1516.850     1517.160     1548.670     1556.420
   130:     1556.490     1556.580     1557.060     1599.270     1599.460
   135:     1600.170     1728.340     1729.060     1729.130     1729.710
   140:     1744.600     1755.470     1758.640     1759.340     1759.850
   145:     1761.750     1762.110     1763.930     1778.830     1780.850
   150:     1780.940     1781.010     1782.110     1782.270     1782.310
   155:     1783.020     1801.210     2173.160     2244.920     2245.030
   160:     2245.390     2245.490     2245.690     2245.890     2382.080
   165:     2382.090     2382.270     2543.090     2543.600     2543.730
   170:     2543.790     2544.230     2577.100     2578.360     2578.400
   175:     2578.550     2598.520     2617.110     2617.560     2618.250
   180:     2618.570     2618.670     2619.260     2619.310     2619.590
   185:     2619.610     2621.040     2623.390     2624.410     2626.760
   190:     2638.580     2641.850     2644.100     2644.460     2658.120
   195:     2658.210     2660.340     2664.480     2666.460     2680.250
   200:     2680.370     2688.000     2692.790     2723.950     2725.340
   205:     2765.480     2765.500     2766.270     2802.450     2803.150
   210:     2812.620     2813.040     2843.090     2844.000     2844.100
   215:     2844.550     2844.620     2844.680     2844.810     2923.870
   220:     3015.410     3032.380     3032.830     3050.320     3063.370
   225:     3106.140     3185.540     3319.960     3422.500     3422.530
   230:     3422.620     3422.660     3422.990     3467.570     3467.770
   235:     3467.820     3471.540     3471.930     3472.160     3472.210
   240:     3521.140     3521.580     3521.600     3521.770     3521.800
   245:     3522.400     3538.520     3654.130     3678.040     3752.550
   250:     3767.040     3767.290     3767.360     3767.510     3771.190
   255:     3774.030     3774.090     3774.550     3783.710     3783.840
   260:     3783.990     3784.930     3785.000     3785.670     3787.060
   265:     3788.010     3788.060     3889.380     4006.690     4084.590
   270:     4110.150     4146.820     4147.190     4147.410     4149.870
   275:     4465.970     4466.420     4471.160     4471.690     4471.720
   280:     4527.110     4633.430     4633.640     4634.160     4635.980
   285:     4643.820     4682.300     4765.150     4766.370     4766.970
   290:     4787.430     4788.070     4788.510     4788.550     4789.040
   295:     4789.600     4794.060     4794.550     4882.610     4883.640
   300:     4939.110     4939.960     4940.090     4940.660     4941.170
   305:     4941.260     4941.350     4942.170     4942.190     4942.250
   310:     4945.740     4947.580     4974.510     4974.710     4974.990
   315:     4977.270     4980.410     4980.880     4980.910     4981.430
   320:     4981.960     5040.120     5056.720     5056.820     5056.860
   325:     5058.490     5077.870     5089.260     5095.570     5095.740
   330:     5189.460     5189.720     5192.330     5192.350     5217.520
   335:     5217.570     5231.430     5263.400     5263.410     5341.720
   340:     5428.480     5536.570     5613.530     5614.320     5614.800
   345:     5621.310     5621.630     5621.930     5622.020     5622.050
   350:     5622.080     5622.840     5623.200     5623.230     5623.300
   355:     5623.820     5626.080     5626.230     5626.600     5627.580
   360:     5627.650     5627.810     5628.050     5629.560     5629.830
   365:     5631.560     5632.790     5633.390     5635.560     5641.920
   370:     5643.810     5729.420     5820.440     5875.260     5875.730
   375:     5882.330     5975.560     5976.050     5976.950     5981.670
   380:     5981.810     5981.860     5981.890     5984.130     6002.160
   385:     6009.240     6009.280     6009.370     6011.480     6011.540
   390:     6011.580     6012.060     6015.260     6015.530     6015.690
   395:     6015.820     6016.590     6039.840     6040.050     6040.240
   400:     6053.850     6069.960     6105.050     6105.140     6107.250
   405:     6129.570     6134.190     6134.410     6153.330     6169.300
   410:     6170.260     6170.360     6171.550     6171.920     6174.030
   415:     6174.490     6174.780     6236.320     6237.280     6237.550
   420:     6237.800     6241.510     6443.920     6444.230     6494.330
   425:     6495.140     6495.540     6495.760     6498.700     6498.740
   430:     6499.120     6499.260     6501.630     6502.610     6502.640
   435:     6504.970     6506.560     6711.220     6720.350     6835.500
   440:     6836.080     6836.180     6836.220     6837.810     6837.920
   445:     6842.050     6842.610     6842.870     6842.910     6844.780
   450:     6847.090     6847.130     6847.210     6847.380     6847.470
   455:     6848.490     6851.440     6851.530     6851.640     6851.940
   460:     6854.010     6857.630     7038.920     7039.950     7040.870
   465:     7043.150     7043.870     7044.020     7050.120     7050.200
   470:     7050.400     7050.960     7051.770     7054.280     7055.480
   475:     7059.200     7060.740     7061.240     7063.940     7064.190
   480:     7064.750     7067.680     7068.280     7068.320     7068.830
   485:     7069.540     7069.830     7081.990     7082.300     7091.660
   490:     7091.780     7102.400     7125.640     7125.750     7125.770
   495:     7126.020     7152.320     7203.750     7302.660     7321.820
   500:     7324.380     7325.330     7346.570     7346.750     7350.510
   505:     7352.300     7352.800     7353.360     7355.930     7358.920
   510:     7358.970     7366.150     7368.900     7381.790     7382.050
   515:     7390.240     7390.460     7391.300     7391.370     7391.630
   520:     7391.900     7392.760     7424.790     7424.870     7426.130
   525:     7574.810     7577.170     7577.290     7577.420     7577.440
   530:     7577.470     7577.760     7577.860     7582.870     7582.910
   535:     7583.680     7584.180     7584.340     7586.890     7587.200
   540:     7587.450     7592.350     7592.650     7592.780     7592.840
   545:     7592.860     7592.920     7592.950     7593.040     7593.060
   550:     7595.420     7598.290     7600.140     7602.300     7602.510
   555:     7642.830     7642.840     7645.280     7674.570     7674.760
   560:     7674.860     7674.910     7703.440     7703.640     7703.790
   565:     7750.790     7750.950     7751.030     7755.640     7755.880
   570:     7758.040     7759.210     7768.220     7768.870     7769.320
   575:     7775.610     7775.690     7775.960     7782.470     7782.540
   580:     7835.190     7916.230     7916.650     7951.210     7951.310
   585:     7956.310     7956.680     8027.280     8027.420     8027.680
   590:     8076.400     8146.090     8146.220     8146.490     8146.540
   595:     8146.560     8147.200     8283.840     8284.150     8284.530
   600:     8284.720     8329.560     8329.640     8352.310     8410.220
   605:     8410.630     8410.650     8410.680     8485.310     8487.830
   610:     8488.450     8518.200     8518.230     8582.140     8582.510
   615:     8595.000     8612.710     8632.020     8661.870     8661.980
   620:     8696.950     8783.430     8783.570     8783.600     8785.550
   625:     8785.650     8790.290     8790.300     8799.780     8799.930
   630:     8805.710     8805.740     8805.990     8806.060     8806.160
   635:     8806.180     8807.460     8810.300     8816.530     8818.980
   640:     8826.520     8828.380     8828.460     8828.560     8828.630
   645:     8831.300     8831.630     8831.660     8831.680     8831.780
   650:     8832.100     8833.540     8836.820     8837.330     8838.140
   655:     8843.940     8844.220     8864.700     8864.740     8864.890
   660:     8866.130     8872.630     8872.840     8873.270     8874.180
   665:     8874.280     8874.420     8874.630     8874.730     8879.680
   670:     8879.910     8880.490     8880.540     8912.760     9046.110
   675:     9046.110     9046.110     9046.120     9046.120     9046.120
   680:     9046.120     9046.120     9046.120     9050.120     9051.120
   685:     9051.120     9055.050     9056.110     9056.120     9068.300
   690:     9068.460     9068.840     9068.940     9069.040     9072.900
   695:     9073.140     9073.430     9075.560     9075.570     9075.680
   700:     9075.970     9080.970     9081.260     9082.010     9083.130
   705:     9083.480     9083.660     9086.830     9087.100     9087.200
   710:     9087.830     9088.080     9088.840     9091.370     9093.220
   715:     9094.830     9096.290     9096.900     9101.360     9101.520
   720:     9101.730     9101.790     9101.970     9101.990     9102.880
   725:     9104.180     9104.340     9144.970     9149.720     9205.110
   730:     9210.670     9217.220     9217.670     9217.680     9218.120
   735:     9259.100     9263.140     9263.160     9263.190     9263.290
   740:     9264.230     9270.290     9270.530     9324.400     9324.430
   745:     9325.450     9346.940     9511.050     9511.890     9517.760
   750:     9518.320     9518.330     9535.340     9561.070     9569.830
   755:     9570.640     9570.680     9570.920     9572.860     9579.870
   760:     9580.080     9580.550     9585.250     9585.410     9585.450
   765:     9585.670     9585.830     9738.790     9742.430     9742.840
   770:     9743.470     9744.740     9749.920     9750.100     9753.400
   775:     9756.260     9763.290     9767.560     9768.980     9775.910
   780:     9776.100     9777.070     9781.330     9783.030     9783.260
   785:     9788.840     9789.900     9792.150     9792.190     9794.980
   790:     9795.200     9795.290     9797.460     9801.310     9803.300
   795:     9806.040     9806.260     9807.200     9807.770     9807.790
   800:     9834.640     9838.980     9840.500     9842.520     9842.730
   805:     9845.490     9847.300     9853.200     9853.250     9853.310
   810:     9853.650     9856.270     9856.410     9856.550     9860.370
   815:     9862.910     9863.450     9919.640     9920.090     9929.110
   820:     9929.580     9939.460     9940.690     9944.020     9962.630
   825:     9981.990     9991.290     9991.340     9991.360     9998.250
   830:    10010.830    10011.290    10011.350    10011.410    10011.450
   835:    10012.870    10015.600    10016.440    10102.740    10103.000
   840:    10103.060    10148.670    10148.860    10149.690    10149.780
   845:    10149.890    10161.290    10165.570    10165.640    10166.930
   850:    10168.530    10169.280    10169.320    10174.830    10174.920
   855:    10243.920    10256.290    10256.310    10256.380    10257.660
   860:    10257.770    10258.040    10258.210    10258.240    10270.290
   865:    10270.380    10270.640    10309.330    10309.680    10309.890
   870:    10310.030    10310.190    10311.020    10311.520    10472.390
   875:    10472.970    10554.100    10554.150    10555.230    10555.570
   880:    10556.940    10559.950    10560.940    10561.200    10570.430
   885:    10570.490    10574.320    10574.880    10574.900    10606.760
   890:    10615.050    10713.500    10720.690    10721.630    10726.460
   895:    10727.370    10727.600    10728.140    10728.260    10730.110
   900:    10735.300    10735.350    10735.430    10735.470    10736.380
   905:    10736.410    10736.730    10737.190    10737.350    10737.730
   910:    10738.240    10739.900    10740.330    10740.660    10741.140
   915:    10746.080    10746.400    10746.510    10747.430    10751.500
   920:    10752.080    10752.160    10752.300    10752.410    10752.670
   925:    10756.980    10757.050    10757.100    10757.160    10757.200
   930:    10757.510    10757.520    10757.630    10757.840    10758.080
   935:    10758.150    10758.240    10758.560    10762.200    10763.010
   940:    10763.060    10764.990    10765.150    10765.230    10765.240
   945:    10765.260    10765.300    10765.320    10765.670    10771.120
   950:    10775.440    10775.540    10775.720    10776.330    10776.580
   955:    10777.260    10778.080    10778.760    10779.520    10779.800
   960:    10780.460    10800.010
