File: C:\MED-PC IV\DATA\!2025-05-14_09h30m.Subject T4



Start Date: 05/14/25
End Date: 05/14/25
Subject: T4
Experiment: OralFentSA
Group: One
Box: 4
Start Time:  9:30:31
End Time: 12:30:41
MSN: Golden_Liq_SelfAdmin
F:       0.000
G:     478.000
H:   10800.010
I:       0.000
J:       0.000
K:       0.000
L:       0.000
M:       0.000
N:       0.000
O:       0.000
P:       0.000
Q:       0.000
R:       0.000
S:       0.000
U:       0.000
V:       0.000
W:       0.000
X:       0.000
Y:       0.000
Z:       0.000
A:
     0:        0.000        0.000      180.000        4.000        0.000
     5:        5.000        0.000        5.000        0.000        0.000
    10:        1.000        0.000       10.000     1200.000       19.000
    15:        2.000      640.000        0.000        0.000        0.000
    20:        0.000
B:
     0:        0.000        0.000        0.000      400.000        0.000
     5:      500.000        0.000      500.000        0.000        0.000
    10:        0.000        0.000     1000.000   120000.000        0.000
    15:        0.000        0.000        0.000        0.000        0.000
    20:        0.000
C:
     0:       20.000       20.000        0.000        0.000      237.000
     5:     9670.000      192.580       11.000      586.440       53.313
    10:        0.000        0.000       20.000        0.000        0.000
    15:        0.000        0.000        0.000        0.000        0.000
    20:        0.000
D:
     0:       43.380        3.550        5.340        5.870       73.820
     5:       10.130       60.160        9.240      157.130       25.240
    10:      192.580
E:
     0:       19.000       11.000       26.000       27.000        6.000
     5:        6.000        6.000        6.000        6.000        6.000
    10:        6.000        6.000        6.000        6.000        6.000
    15:        6.000        6.000        6.000        6.000        6.000
    20:        6.000        6.000        6.000        6.000        6.000
    25:        6.000        6.000        6.000        6.000        6.000
    30:        6.000        6.000        6.000        6.000        6.000
    35:        6.000        6.000        6.000        6.000        6.000
    40:        6.000        6.000        6.000        6.000        6.000
    45:        6.000        6.000        6.000        6.000        6.000
    50:        6.000        6.000        6.000        6.000        6.000
    55:        6.000        6.000        6.000        6.000        6.000
    60:        6.000        6.000        6.000        6.000        6.000
    65:        6.000        6.000        6.000        6.000        6.000
    70:        6.000        6.000        6.000        6.000        6.000
    75:        6.000        6.000        6.000        6.000        6.000
    80:        6.000        6.000        6.000        6.000        6.000
    85:        6.000        6.000        6.000        6.000        6.000
    90:        6.000        6.000        6.000        6.000        6.000
    95:        6.000        6.000       25.000       24.000       12.000
   100:       13.000        8.000        5.000       17.000       18.000
   105:       14.000       10.000       19.000       11.000        6.000
   110:        6.000        6.000        6.000        6.000        6.000
   115:        6.000        6.000        6.000        6.000        6.000
   120:        6.000        6.000        6.000        6.000        6.000
   125:        6.000        6.000        6.000        6.000        6.000
   130:        6.000        6.000        6.000        6.000        6.000
   135:        6.000        6.000        6.000        6.000        6.000
   140:        6.000        6.000        6.000        6.000        6.000
   145:        6.000        6.000        6.000        6.000        6.000
   150:        6.000        6.000        6.000        6.000        6.000
   155:        6.000        6.000        6.000        6.000        6.000
   160:        6.000        6.000        6.000        6.000        6.000
   165:        6.000        6.000        6.000        6.000        6.000
   170:        6.000        6.000        6.000        6.000        6.000
   175:        6.000        6.000        6.000       25.000       24.000
   180:       12.000       13.000        8.000        5.000       17.000
   185:        6.000       18.000       14.000       10.000       19.000
   190:       11.000        6.000        6.000        6.000        6.000
   195:        6.000        6.000        6.000        6.000        6.000
   200:        6.000        6.000        6.000        6.000        6.000
   205:        6.000       30.000       24.000       12.000       13.000
   210:        8.000        5.000       17.000       18.000       14.000
   215:       10.000        6.000       19.000       11.000       30.000
   220:       24.000       12.000       13.000        8.000        5.000
   225:       17.000       18.000       14.000       10.000        6.000
   230:       19.000       11.000       30.000       24.000       12.000
   235:       13.000        8.000        5.000       17.000       18.000
   240:       14.000       10.000       19.000       11.000       30.000
   245:       24.000       12.000       13.000        8.000        5.000
   250:       17.000       18.000       14.000       10.000       19.000
   255:       11.000       30.000       24.000       12.000       13.000
   260:        8.000        5.000       17.000       18.000       14.000
   265:       10.000       30.000       12.000       13.000        8.000
   270:        5.000       17.000       19.000       11.000       18.000
   275:       14.000       10.000       30.000       24.000       12.000
   280:       13.000        8.000        5.000       17.000       18.000
   285:       14.000       10.000       19.000       11.000       30.000
   290:       24.000       12.000       13.000        8.000        5.000
   295:       17.000       18.000       14.000       10.000       19.000
   300:       11.000       30.000       24.000       12.000       13.000
   305:        8.000        5.000       17.000       18.000       14.000
   310:       10.000       19.000       11.000       30.000       24.000
   315:       12.000       13.000        8.000        5.000       17.000
   320:       18.000       14.000       10.000       19.000       11.000
   325:       30.000       24.000       12.000       13.000        8.000
   330:        5.000       17.000       18.000       14.000       10.000
   335:       19.000       11.000       30.000       24.000       12.000
   340:       13.000        8.000        5.000       17.000       18.000
   345:       14.000       10.000       19.000       11.000        6.000
   350:        6.000        6.000        6.000        6.000        6.000
   355:       25.000       24.000       12.000       13.000        8.000
   360:        5.000       17.000       18.000       14.000       10.000
   365:       19.000       11.000        6.000        6.000        6.000
   370:        6.000        6.000        6.000        6.000        6.000
   375:        6.000       25.000       24.000       12.000       13.000
   380:        8.000        5.000       17.000       18.000       14.000
   385:       10.000       19.000       11.000        6.000        6.000
   390:        6.000        6.000       25.000       24.000       12.000
   395:       13.000        8.000        5.000       17.000       18.000
   400:       14.000       10.000        6.000        6.000       19.000
   405:       11.000        6.000        6.000        6.000       25.000
   410:       24.000       12.000       13.000        8.000        5.000
   415:       17.000       18.000       14.000       10.000       19.000
   420:       11.000        6.000        6.000        6.000        6.000
   425:        6.000        6.000        6.000        6.000        6.000
   430:        6.000        6.000        6.000       25.000       24.000
   435:       12.000       13.000        8.000        5.000       17.000
   440:       18.000       14.000       10.000       19.000       11.000
   445:        6.000        6.000        6.000        6.000        6.000
   450:        6.000        6.000        6.000        6.000        6.000
   455:        6.000        6.000        6.000        6.000        6.000
   460:        6.000        6.000        6.000       25.000       24.000
   465:       12.000       13.000        8.000        5.000       17.000
   470:       18.000       14.000       10.000       19.000       11.000
   475:        6.000        6.000        6.000      100.000
T:
     0:        0.000        0.000        0.000        0.000       53.300
     5:       58.020       58.240       60.460       60.500       62.360
    10:      134.550      134.820      135.730      136.680      136.760
    15:      136.860      136.980      137.420      137.480      284.660
    20:      285.850      285.860      286.010      287.010      287.470
    25:      287.980      288.650      292.400      292.630      294.420
    30:      294.430      296.010      296.260      296.440      296.500
    35:      296.620      312.080      316.570      317.080      317.540
    40:      319.830      320.010      320.130      321.620      322.060
    45:      328.720      328.840      331.480      338.390      338.640
    50:      385.440      451.260      452.620      452.970      454.680
    55:      459.390      459.570      459.970      460.480      476.260
    60:      476.400      477.320      478.330      478.680      479.640
    65:      479.980      480.460      480.640      536.660      639.440
    70:      641.280      641.320      641.610      641.790      693.300
    75:      695.740      696.590      748.180      757.000      757.980
    80:      768.940      770.910      839.850      841.000      844.050
    85:      844.960     1038.950     1039.080     1039.250     1068.600
    90:     1068.920     1071.110     1071.210     1071.510     1072.550
    95:     1073.140     1178.740     1199.990     1200.000     1200.000
   100:     1200.000     1200.000     1200.000     1200.000     1204.000
   105:     1205.000     1205.000     1209.990     1210.000     1243.380
   110:     1249.230     1249.290     1253.930     1255.130     1255.550
   115:     1255.640     1255.730     1256.150     1260.820     1260.960
   120:     1266.880     1281.500     1282.250     1286.610     1286.770
   125:     1287.420     1288.790     1289.260     1289.570     1300.160
   130:     1301.070     1303.020     1303.540     1304.830     1304.880
   135:     1305.050     1306.080     1306.620     1307.070     1309.090
   140:     1309.480     1309.820     1310.070     1311.000     1311.350
   145:     1311.380     1311.430     1311.470     1311.520     1313.160
   150:     1313.180     1313.760     1321.070     1321.240     1328.380
   155:     1328.860     1329.960     1330.020     1345.290     1346.030
   160:     1346.090     1346.330     1347.950     1348.260     1364.550
   165:     1600.870     1601.040     1601.100     1601.550     1927.390
   170:     1928.560     1928.650     1928.780     2166.790     2166.910
   175:     2167.220     2195.040     2258.420     2409.990     2410.000
   180:     2410.000     2410.000     2410.000     2410.000     2410.000
   185:     2413.550     2414.000     2415.000     2415.000     2419.990
   190:     2420.000     2421.330     2421.430     2436.900     2440.690
   195:     2442.800     2443.370     2446.610     2493.310     2497.500
   200:     2503.530     2508.000     2508.160     2508.470     2508.530
   205:     2843.630     2889.150     2889.150     2889.150     2889.150
   210:     2889.150     2889.150     2889.150     2893.150     2894.150
   215:     2894.150     2894.490     2899.140     2899.150     2920.620
   220:     2920.620     2920.620     2920.620     2920.620     2920.620
   225:     2920.620     2924.620     2925.620     2925.620     2926.490
   230:     2930.610     2930.620     2950.780     2950.780     2950.780
   235:     2950.780     2950.780     2950.780     2950.780     2954.780
   240:     2955.780     2955.780     2960.770     2960.780     2967.340
   245:     2967.340     2967.340     2967.340     2967.340     2967.340
   250:     2967.340     2971.340     2972.340     2972.340     2977.330
   255:     2977.340     2985.680     2985.680     2985.680     2985.680
   260:     2985.680     2985.680     2985.680     2989.680     2990.680
   265:     2990.680     2993.270     2993.270     2993.270     2993.270
   270:     2993.270     2993.270     2995.670     2995.680     2997.270
   275:     2998.270     2998.270     3008.360     3008.360     3008.360
   280:     3008.360     3008.360     3008.360     3008.360     3012.360
   285:     3013.360     3013.360     3018.350     3018.360     3025.490
   290:     3025.490     3025.490     3025.490     3025.490     3025.490
   295:     3025.490     3029.490     3030.490     3030.490     3035.480
   300:     3035.490     3053.050     3053.050     3053.050     3053.050
   305:     3053.050     3053.050     3053.050     3057.050     3058.050
   310:     3058.050     3063.040     3063.050     3065.830     3065.830
   315:     3065.830     3065.830     3065.830     3065.830     3065.830
   320:     3069.830     3070.830     3070.830     3075.820     3075.830
   325:     3093.240     3093.240     3093.240     3093.240     3093.240
   330:     3093.240     3093.240     3097.240     3098.240     3098.240
   335:     3103.230     3103.240     3107.150     3107.150     3107.150
   340:     3107.150     3107.150     3107.150     3107.150     3111.150
   345:     3112.150     3112.150     3117.140     3117.150     3180.970
   350:     3194.370     3194.720     3572.710     3573.240     3615.920
   355:     3619.990     3620.000     3620.000     3620.000     3620.000
   360:     3620.000     3620.000     3624.000     3625.000     3625.000
   365:     3629.990     3630.000     3630.130     3630.260     3659.840
   370:     3964.710     4072.450     4098.270     4487.080     4600.650
   375:     4733.060     4829.990     4830.000     4830.000     4830.000
   380:     4830.000     4830.000     4830.000     4834.000     4835.000
   385:     4835.000     4839.990     4840.000     4890.160     5872.110
   390:     5898.320     5898.350     6039.990     6040.000     6040.000
   395:     6040.000     6040.000     6040.000     6040.000     6044.000
   400:     6045.000     6045.000     6049.240     6049.620     6049.990
   405:     6050.000     6074.840     6080.790     6080.950     7249.990
   410:     7250.000     7250.000     7250.000     7250.000     7250.000
   415:     7250.000     7254.000     7255.000     7255.000     7259.990
   420:     7260.000     7407.130     7525.320     7525.660     7570.850
   425:     7570.960     7571.160     7572.930     7578.510     7578.930
   430:     8013.350     8013.930     8056.870     8459.990     8460.000
   435:     8460.000     8460.000     8460.000     8460.000     8460.000
   440:     8464.000     8465.000     8465.000     8469.990     8470.000
   445:     8485.240     8485.470     8485.800     8488.560     8488.640
   450:     8491.090     8492.560     8493.000     8494.760     8494.990
   455:     8495.570     8495.640     8498.590     8499.200     9276.930
   460:     9278.160     9576.390     9576.700     9669.990     9670.000
   465:     9670.000     9670.000     9670.000     9670.000     9670.000
   470:     9674.000     9675.000     9675.000     9679.990     9680.000
   475:     9862.580     9991.590     9992.080    10800.010
