File: C:\MED-PC IV\DATA\!2025-09-04_13h03m.Subject T13



Start Date: 09/04/25
End Date: 09/04/25
Subject: T13
Experiment: OralFentSA
Group: One
Box: 1
Start Time: 13:03:49
End Time: 16:03:59
MSN: Golden_Liq_SelfAdmin_LIT
F:       0.000
G:    1060.000
H:   10800.010
I:       0.000
J:       0.000
K:       0.000
L:       0.000
M:       0.000
N:       0.000
O:       0.000
P:       0.000
Q:       0.000
R:       0.000
S:       0.000
U:       0.000
V:       0.000
W:       0.000
X:       0.000
Y:       0.000
Z:       0.000
A:
     0:        0.000        0.000      180.000        4.000        0.000
     5:        5.000        0.000        5.000        0.000        0.000
    10:        1.000        0.000       10.000 300000000.00       21.000
    15:       14.000      320.000        0.000        0.000        0.000
    20:        0.000
B:
     0:        0.000        0.000        0.000      400.000        0.000
     5:      500.000        0.000      500.000        0.000        0.000
    10:        0.000        0.000     1000.000 30000000000.        0.000
    15:        0.000        0.000        0.000        0.000        0.000
    20:        0.000
C:
     0:        9.000       10.000        0.000       11.000      943.000
     5:     9632.290        2.920        9.000       24.990        2.777
    10:       11.000        1.000        0.000        0.000        0.000
    15:        0.000        0.000        0.000        0.000        0.000
    20:        0.000
D:
     0:        1.810        2.140        5.910        2.200        1.670
     5:        4.850        1.080        2.410        2.920
E:
     0:       19.000       11.000       26.000       27.000        6.000
     5:        6.000        2.000        4.000       22.000       24.000
    10:       13.000        8.000        5.000       17.000        6.000
    15:       18.000        6.000       14.000       10.000       19.000
    20:        6.000        6.000        6.000        6.000        6.000
    25:        6.000        6.000        6.000        6.000        6.000
    30:        6.000        6.000        6.000        6.000        6.000
    35:        6.000        6.000        6.000        6.000        6.000
    40:        6.000        6.000        6.000        6.000        6.000
    45:        6.000        6.000        6.000        2.000        4.000
    50:       22.000       24.000       13.000        8.000        5.000
    55:       17.000        6.000        6.000        6.000       18.000
    60:       14.000       10.000        6.000        6.000        6.000
    65:        6.000       19.000        6.000        6.000        6.000
    70:        6.000        6.000        6.000        6.000        6.000
    75:        6.000        6.000        6.000        6.000        6.000
    80:        6.000        6.000        6.000        6.000        6.000
    85:        6.000        6.000        6.000        6.000        6.000
    90:        6.000        6.000        6.000        6.000        6.000
    95:        6.000        6.000        6.000        6.000        6.000
   100:        6.000        6.000        6.000        6.000        6.000
   105:        6.000        6.000        6.000        6.000        6.000
   110:        6.000        6.000        6.000        6.000        6.000
   115:        6.000        6.000        6.000        6.000        6.000
   120:        6.000        6.000        6.000        6.000        6.000
   125:        6.000        6.000        6.000        6.000        6.000
   130:        6.000        6.000        6.000        6.000        2.000
   135:        4.000       22.000       24.000       13.000        8.000
   140:        5.000       17.000       18.000       14.000       10.000
   145:        6.000        6.000        6.000       19.000        6.000
   150:        6.000        6.000        6.000        6.000        6.000
   155:        6.000        6.000        6.000        6.000        6.000
   160:        6.000        6.000        6.000        6.000        6.000
   165:        6.000        6.000        6.000        6.000        6.000
   170:        6.000        6.000        6.000        6.000        6.000
   175:        6.000        6.000        6.000        6.000        6.000
   180:        6.000        6.000        6.000        6.000        6.000
   185:        6.000        6.000        6.000        6.000        6.000
   190:        6.000        6.000        6.000        6.000        6.000
   195:        6.000        6.000        6.000        6.000        6.000
   200:        6.000        6.000        6.000        6.000        6.000
   205:        6.000        6.000        6.000        6.000        6.000
   210:        6.000        6.000        6.000        6.000        6.000
   215:        6.000        6.000        6.000        6.000        6.000
   220:        6.000        6.000        6.000        6.000        6.000
   225:        6.000        6.000        6.000        6.000        6.000
   230:        6.000        6.000        6.000        6.000        6.000
   235:        6.000        6.000        6.000        6.000        6.000
   240:       23.000        6.000        6.000        6.000        6.000
   245:        6.000        6.000        6.000        6.000        6.000
   250:        6.000        6.000        6.000        6.000        6.000
   255:        6.000        6.000        6.000        6.000        6.000
   260:        6.000        6.000        6.000        6.000        6.000
   265:        6.000        6.000        6.000        6.000        6.000
   270:        6.000        6.000        6.000        6.000        6.000
   275:        6.000        6.000        6.000        6.000        6.000
   280:        6.000        6.000        6.000        6.000        6.000
   285:        6.000        6.000        6.000        6.000        6.000
   290:        6.000        6.000        6.000        6.000        6.000
   295:        6.000        6.000        6.000        6.000        6.000
   300:        6.000        6.000        6.000        6.000        6.000
   305:        6.000        6.000        6.000        6.000        6.000
   310:        6.000        6.000        6.000        6.000        6.000
   315:        6.000        6.000        6.000        6.000        6.000
   320:        6.000        6.000        6.000        6.000        6.000
   325:        6.000        6.000        6.000        6.000        6.000
   330:        6.000        6.000        6.000        6.000        6.000
   335:        6.000        6.000        6.000        6.000        6.000
   340:        6.000        6.000        6.000        6.000        6.000
   345:        6.000        6.000        6.000        6.000        6.000
   350:        6.000        6.000        6.000        6.000        6.000
   355:        6.000        6.000        6.000        6.000        6.000
   360:        6.000        6.000        6.000        6.000        6.000
   365:        6.000        6.000        6.000        6.000        6.000
   370:        6.000        6.000        6.000        6.000        6.000
   375:        6.000        6.000        6.000        6.000        6.000
   380:        6.000        6.000        6.000        6.000        6.000
   385:        6.000        6.000        6.000        6.000        6.000
   390:        6.000        6.000        6.000        6.000        6.000
   395:        6.000        6.000        6.000        6.000        6.000
   400:        6.000        6.000        6.000        6.000        6.000
   405:        6.000        6.000        6.000        6.000        6.000
   410:        6.000        6.000        6.000        6.000        6.000
   415:        6.000        6.000        6.000        6.000        6.000
   420:        6.000        6.000        6.000        6.000        6.000
   425:        6.000        6.000        6.000        6.000        6.000
   430:        6.000        6.000        6.000        6.000        6.000
   435:        6.000        6.000        6.000        6.000        6.000
   440:        6.000        6.000        6.000        6.000        6.000
   445:        2.000        4.000       22.000       24.000       13.000
   450:        8.000        5.000       17.000       21.000       22.000
   455:        6.000        6.000        6.000       18.000       14.000
   460:       10.000       19.000        2.000        4.000       22.000
   465:       24.000       13.000        8.000        5.000       17.000
   470:        6.000        6.000       18.000       21.000       22.000
   475:       14.000       10.000       19.000        6.000        6.000
   480:        6.000        6.000        6.000        6.000        6.000
   485:        6.000        6.000        6.000        6.000        6.000
   490:        6.000        6.000        6.000        6.000        6.000
   495:        6.000        6.000        6.000        6.000        6.000
   500:        6.000        6.000        6.000        6.000        6.000
   505:        6.000        6.000        6.000        6.000        6.000
   510:        6.000        6.000        6.000        6.000        6.000
   515:        6.000        6.000        6.000        6.000        6.000
   520:        6.000        6.000        6.000        6.000        6.000
   525:        6.000        6.000        6.000        6.000        6.000
   530:        6.000        6.000        6.000        6.000        6.000
   535:        6.000        6.000        6.000        6.000        6.000
   540:        6.000        6.000        6.000        6.000        6.000
   545:        6.000        6.000        6.000        6.000        6.000
   550:        6.000        6.000        6.000        6.000        6.000
   555:        6.000        2.000        4.000       22.000       24.000
   560:       13.000        8.000        5.000       17.000       18.000
   565:        6.000       14.000       10.000       19.000        6.000
   570:        6.000        6.000        6.000        6.000        6.000
   575:        6.000        6.000        6.000        6.000        6.000
   580:        6.000        6.000        6.000        6.000        6.000
   585:        6.000        6.000        6.000        6.000        6.000
   590:        6.000        6.000        6.000        6.000        6.000
   595:        6.000        6.000        6.000        6.000        6.000
   600:        6.000        6.000        6.000        6.000        6.000
   605:        6.000        6.000        6.000        6.000        6.000
   610:        6.000        6.000        6.000        6.000        6.000
   615:        6.000        6.000        6.000        6.000        6.000
   620:        6.000        6.000        6.000        6.000        6.000
   625:        6.000        6.000        6.000        6.000        6.000
   630:        6.000        6.000        6.000        6.000        6.000
   635:        6.000        6.000        6.000        6.000        6.000
   640:        6.000        6.000        2.000        4.000       22.000
   645:       24.000       13.000        8.000        5.000       17.000
   650:        6.000       18.000       14.000       10.000       19.000
   655:        6.000        6.000        6.000        6.000        6.000
   660:        6.000        6.000        6.000        6.000        6.000
   665:        6.000        6.000        6.000        6.000        6.000
   670:        6.000        6.000        6.000        6.000        6.000
   675:        6.000        6.000        6.000        6.000        6.000
   680:        6.000        6.000        6.000        6.000        6.000
   685:        6.000        6.000        6.000        6.000        6.000
   690:        6.000        6.000        6.000        6.000        6.000
   695:        6.000        6.000        6.000        6.000        6.000
   700:        6.000        6.000        6.000        6.000        6.000
   705:        6.000        6.000        6.000        6.000        6.000
   710:        6.000        6.000        6.000        6.000        6.000
   715:        6.000        6.000        6.000        6.000        6.000
   720:        6.000        6.000        6.000        6.000        6.000
   725:        6.000        6.000        6.000        6.000        6.000
   730:        6.000        6.000        6.000        6.000        6.000
   735:        6.000        6.000        6.000        6.000        6.000
   740:        6.000        6.000        6.000        6.000        6.000
   745:        6.000        6.000        6.000        6.000        6.000
   750:        6.000        6.000        6.000        6.000        6.000
   755:        6.000        6.000        6.000        6.000        6.000
   760:        6.000        6.000        6.000        6.000        6.000
   765:        6.000        6.000        6.000        6.000        6.000
   770:        6.000        6.000        6.000        6.000        6.000
   775:        6.000        6.000        6.000        6.000        6.000
   780:        6.000        6.000        6.000        6.000        6.000
   785:        6.000        6.000        6.000        6.000        6.000
   790:        6.000        6.000        6.000        6.000        6.000
   795:        6.000        6.000        6.000        6.000        6.000
   800:        6.000        6.000        6.000        6.000        6.000
   805:        6.000        6.000        6.000        6.000        6.000
   810:        6.000        6.000        6.000        6.000        6.000
   815:        6.000        6.000        6.000        6.000        6.000
   820:        6.000        6.000        6.000        6.000        6.000
   825:        6.000        6.000        6.000        6.000        6.000
   830:        6.000        6.000        6.000        6.000        6.000
   835:        6.000        6.000        6.000        6.000        6.000
   840:        6.000        6.000        6.000        6.000        6.000
   845:        6.000        6.000        6.000        6.000        6.000
   850:        6.000        6.000        6.000        6.000        6.000
   855:        6.000        6.000        6.000        6.000        6.000
   860:        6.000        6.000        6.000        6.000        6.000
   865:        6.000        6.000        6.000        6.000        2.000
   870:        4.000       22.000       24.000       13.000        8.000
   875:        5.000       17.000        6.000       18.000       14.000
   880:       10.000        6.000        6.000        6.000        6.000
   885:       19.000        6.000        6.000        6.000        6.000
   890:        6.000        6.000        6.000        6.000        6.000
   895:        6.000        6.000        6.000        6.000        6.000
   900:        6.000        6.000        6.000        6.000        6.000
   905:        6.000        6.000        6.000        6.000        6.000
   910:        6.000        6.000        6.000        6.000        6.000
   915:        6.000        6.000        6.000        6.000        6.000
   920:        6.000        6.000        6.000        6.000        6.000
   925:        6.000        6.000        6.000        6.000        6.000
   930:        6.000        6.000        6.000        6.000        6.000
   935:        2.000        4.000       22.000       24.000       13.000
   940:        8.000        5.000       17.000        6.000        6.000
   945:       18.000       14.000       10.000        6.000        6.000
   950:       19.000        6.000        6.000        6.000        6.000
   955:        6.000        6.000        6.000        6.000        6.000
   960:        6.000        6.000        6.000        6.000        6.000
   965:        6.000        6.000        6.000        6.000        6.000
   970:        6.000        6.000        6.000        6.000        6.000
   975:        6.000        6.000        6.000        6.000        6.000
   980:        6.000        6.000        6.000        6.000        6.000
   985:        6.000        6.000        6.000        6.000        6.000
   990:        6.000        6.000        6.000        6.000        6.000
   995:        6.000        6.000        6.000        6.000        6.000
  1000:        6.000        6.000        6.000        6.000        6.000
  1005:        6.000        6.000        6.000        6.000        6.000
  1010:        6.000        6.000        6.000        6.000        6.000
  1015:        6.000        6.000        6.000        6.000        6.000
  1020:        6.000        6.000        6.000        6.000        6.000
  1025:        6.000        6.000        6.000        6.000        6.000
  1030:        6.000        6.000        6.000        6.000        6.000
  1035:        6.000        6.000        6.000        6.000        6.000
  1040:        6.000        6.000        6.000        6.000        6.000
  1045:        6.000        6.000        6.000        6.000        6.000
  1050:        6.000        6.000        6.000        6.000        6.000
  1055:        6.000        6.000        6.000        6.000        6.000
  1060:      100.000
T:
     0:        0.000        0.000        0.000        0.000        4.640
     5:       82.050      109.650      109.650      109.650      109.660
    10:      109.660      109.660      109.660      109.660      111.470
    15:      113.660      113.850      114.660      114.660      119.650
    20:      131.330      154.750      154.780      155.290      155.580
    25:      157.400      157.580      186.200      189.370      192.580
    30:      194.340      194.470      203.940      262.480      267.100
    35:      294.070      342.390      344.010      344.720      350.850
    40:      351.390      351.550      351.580      408.060      425.450
    45:      425.820      433.500      435.760      517.630      517.630
    50:      517.630      517.640      517.640      517.640      517.640
    55:      517.640      519.780      520.760      520.890      521.640
    60:      522.640      522.640      523.460      523.570      523.670
    65:      524.480      527.630      528.120      551.280      561.910
    70:      589.260      590.030      609.540      611.100      612.910
    75:      615.050      617.630      644.510      646.290      647.510
    80:      649.450      649.580      650.570      650.950      652.930
    85:      653.080      653.670      654.330      654.670      655.060
    90:      655.170      655.300      656.250      656.340      656.440
    95:      658.100      660.690      663.950      665.370      666.550
   100:      666.680      686.490      687.210      687.470      688.480
   105:      700.290      704.050      707.110      739.000      747.230
   110:      747.870      748.050      752.010      752.660      754.510
   115:      754.540      755.320      755.450      755.920      758.990
   120:      763.850      769.180      963.020      965.340     1116.600
   125:     1134.950     1135.410     1135.590     1136.350     1136.540
   130:     1137.170     1137.330     1140.710     1141.010     1265.010
   135:     1265.010     1265.010     1265.020     1265.020     1265.020
   140:     1265.020     1265.020     1269.020     1270.020     1270.020
   145:     1270.930     1272.900     1274.540     1275.010     1276.540
   150:     1276.820     1431.430     1432.020     1432.140     1432.550
   155:     1432.810     1432.950     1433.560     1433.640     1433.900
   160:     1435.060     1436.380     1436.860     1437.050     1437.110
   165:     1437.130     1437.910     1438.150     1438.370     1438.780
   170:     1438.840     1439.070     1439.210     1439.770     1439.810
   175:     1441.270     1441.340     1443.650     1444.160     1444.310
   180:     1444.520     1444.660     1446.270     1446.310     1446.460
   185:     1446.690     1481.970     1482.760     1569.400     1574.640
   190:     1575.380     1575.560     1575.910     1576.730     1576.830
   195:     1577.470     1577.550     1577.600     1577.710     1579.780
   200:     1580.150     1580.470     1580.590     1580.830     1580.890
   205:     1581.310     1581.770     1582.330     1584.930     1585.350
   210:     1588.260     1590.390     1590.440     1590.630     1590.730
   215:     1590.910     1591.010     1591.130     1593.850     1595.070
   220:     1595.660     1598.940     1599.070     1599.630     1599.740
   225:     1599.990     1601.050     1601.220     1603.260     1603.320
   230:     1603.480     1603.500     1603.620     1603.710     1605.080
   235:     1605.400     1605.910     1606.580     1617.870     1618.310
   240:     1759.060     1815.740     1816.220     1816.590     1817.090
   245:     1817.570     1817.690     1817.990     1818.410     1824.560
   250:     1825.300     1827.200     1827.350     1829.850     1830.690
   255:     1832.710     1832.790     1834.470     1834.500     1835.830
   260:     1881.850     1904.760     1905.960     1950.470     1952.980
   265:     1966.160     1967.270     1968.100     1968.740     1970.470
   270:     2090.770     2091.190     2091.280     2091.380     2092.060
   275:     2368.540     2369.210     2369.490     2489.650     2516.530
   280:     2520.570     2520.850     2520.940     2521.030     2539.220
   285:     2540.360     2652.180     2653.350     2653.370     2653.620
   290:     2655.860     2659.860     2664.460     2666.830     2672.230
   295:     2675.240     2675.470     2676.110     2676.140     2678.040
   300:     2687.840     2693.840     2695.130     2695.920     2702.340
   305:     2703.440     2710.410     2711.980     2718.820     2720.500
   310:     2723.390     2725.840     2727.660     2727.740     2728.020
   315:     2731.230     2736.590     2736.700     2740.960     2749.570
   320:     2752.130     2752.390     2755.890     2906.730     2908.010
   325:     2908.730     2909.610     2909.880     2910.720     2912.060
   330:     2912.790     2918.240     2924.540     2938.500     2938.710
   335:     2938.760     2938.990     2940.680     2945.260     2945.730
   340:     2947.090     2949.260     2949.450     2950.440     2951.050
   345:     2952.370     2953.370     2953.480     2954.360     2955.590
   350:     2962.610     2962.820     2963.130     2963.460     2963.500
   355:     2966.490     2969.020     2970.120     2972.220     2973.440
   360:     2975.120     2976.640     2977.500     2977.760     2977.940
   365:     2978.200     2978.320     2979.390     2983.090     2983.840
   370:     2984.330     2984.740     2985.330     2985.790     2987.560
   375:     2988.020     2988.710     2988.750     2988.860     2990.150
   380:     2990.440     2991.620     2991.770     2992.520     2992.540
   385:     2992.600     2992.640     2997.410     2998.480     3009.240
   390:     3009.890     3013.410     3015.090     3015.150     3015.540
   395:     3016.650     3016.680     3017.870     3018.210     3019.040
   400:     3019.100     3019.130     3020.590     3021.140     3021.660
   405:     3021.770     3022.470     3022.550     3022.660     3022.690
   410:     3082.690     3083.230     3087.040     3096.330     3099.340
   415:     3099.430     3100.040     3101.100     3104.000     3111.080
   420:     3122.600     3123.790     3123.800     3221.470     3223.340
   425:     3226.410     3237.770     3240.490     3243.390     3243.610
   430:     3254.700     3254.870     3288.780     3289.940     3299.330
   435:     3299.470     3299.740     3299.830     3303.790     3304.040
   440:     3313.380     3314.920     3315.050     3315.180     3422.650
   445:     3425.780     3425.780     3425.780     3425.790     3425.790
   450:     3425.790     3425.790     3425.790     3425.900     3425.900
   455:     3427.990     3428.020     3429.630     3429.790     3430.790
   460:     3430.790     3435.780     3439.510     3439.510     3439.510
   465:     3439.520     3439.520     3439.520     3439.520     3439.520
   470:     3441.190     3441.790     3443.520     3443.800     3443.800
   475:     3444.520     3444.520     3449.510     3454.460     3456.390
   480:     3492.630     3494.110     3496.200     3498.320     3500.310
   485:     3502.940     3504.120     3504.470     3504.630     3510.340
   490:     3511.840     3512.120     3514.790     3515.300     3516.070
   495:     3530.670     3532.530     3532.560     3534.590     3538.070
   500:     3540.590     3555.460     3560.700     3560.940     3561.320
   505:     3567.800     3573.600     3574.360     3576.250     3577.450
   510:     3580.400     3581.090     3593.740     3622.540     3623.870
   515:     3628.890     3645.870     3646.330     3658.480     3692.700
   520:     3698.900     3699.430     3705.200     3819.820     3826.770
   525:     3830.620     3915.430     3916.670     3918.580     3919.680
   530:     3920.310     3921.240     3921.280     3925.610     4187.500
   535:     4188.090     4188.220     4205.600     4206.880     4207.050
   540:     4213.150     4213.290     4213.580     4213.820     4214.850
   545:     4215.010     4215.270     4215.870     4216.600     4216.790
   550:     4216.990     4217.150     4217.460     4225.190     4226.080
   555:     4334.750     4370.370     4370.370     4370.370     4370.380
   560:     4370.380     4370.380     4370.380     4370.380     4374.380
   565:     4375.230     4375.380     4375.380     4380.370     4390.430
   570:     4515.970     4516.090     4516.350     4516.420     4519.070
   575:     4843.470     4869.010     4997.980     4999.170     5000.770
   580:     5000.850     5001.180     5004.380     5006.040     5007.080
   585:     5007.630     5007.960     5009.280     5010.160     5015.890
   590:     5018.900     5019.940     5020.230     5021.280     5021.820
   595:     5024.500     5026.370     5027.400     5030.590     5032.610
   600:     5040.930     5049.220     5053.150     5056.560     5217.880
   605:     5484.290     5484.670     5484.870     5494.610     5494.910
   610:     5535.020     5859.230     5860.330     5860.400     5860.510
   615:     5860.620     5861.840     5875.860     5876.440     5877.030
   620:     5878.030     5878.280     5879.580     5881.140     5882.030
   625:     5893.330     5893.390     5894.110     5894.160     5895.940
   630:     5896.010     5897.940     5952.580     5955.200     5955.340
   635:     6082.650     6082.730     6106.800     6128.690     6136.000
   640:     6137.180     6139.230     6145.580     6145.580     6145.580
   645:     6145.590     6145.590     6145.590     6145.590     6145.590
   650:     6146.670     6149.590     6150.590     6150.590     6155.580
   655:     6362.540     6364.390     6364.670     6365.620     6366.490
   660:     6369.190     6370.740     6370.770     6387.990     6871.780
   665:     6874.150     6874.390     6874.600     6875.330     6882.550
   670:     6883.390     6884.860     6885.110     6885.230     6886.100
   675:     6886.810     6888.730     6888.840     6888.880     6889.250
   680:     6890.530     6892.120     6895.570     6895.950     6897.910
   685:     6898.250     6899.230     6899.360     6902.150     6929.930
   690:     6934.430     6938.710     6939.160     6939.840     6943.210
   695:     6945.850     6946.870     6948.370     6951.220     6956.360
   700:     6957.640     6958.330     6962.740     6962.790     6964.490
   705:     6976.390     6976.550     6976.840     6995.690     7010.440
   710:     7010.810     7012.740     7013.940     7023.900     7024.690
   715:     7031.890     7044.050     7044.360     7049.360     7049.670
   720:     7051.470     7051.580     7051.830     7058.280     7058.630
   725:     7065.280     7068.320     7068.930     7069.830     7071.180
   730:     7071.410     7073.670     7073.760     7078.380     7078.720
   735:     7080.060     7155.180     7156.020     7161.690     7164.240
   740:     7164.420     7165.200     7169.960     7171.600     7172.940
   745:     7180.340     7180.620     7183.110     7187.500     7187.930
   750:     7189.780     7190.600     7192.010     7195.130     7200.830
   755:     7201.130     7202.790     7204.560     7204.840     7204.910
   760:     7205.030     7205.120     7205.220     7205.310     7205.670
   765:     7209.210     7209.580     7412.990     7413.390     7413.490
   770:     7413.630     7419.940     7423.400     7658.130     7658.570
   775:     7660.930     7662.960     7663.170     7676.000     7907.120
   780:     7907.300     7908.040     7908.750     7909.090     7909.450
   785:     7909.460     7909.840     7910.000     7965.400     7965.870
   790:     8359.600     8359.740     8360.130     8402.530     8402.670
   795:     8405.620     8405.670     8405.790     8405.990     8411.000
   800:     8412.130     8412.720     8414.010     8415.160     8416.720
   805:     8481.380     8481.870     8482.540     8486.480     8486.520
   810:     8904.510     8906.290     8912.050     8998.650     8999.070
   815:     8999.890     9000.010     9000.090     9006.100     9006.220
   820:     9108.250     9120.300     9180.980     9181.080     9181.720
   825:     9182.560     9182.660     9182.750     9182.880     9182.940
   830:     9183.710     9212.000     9217.600     9217.690     9219.600
   835:     9229.370     9230.050     9232.270     9264.470     9264.990
   840:     9265.190     9265.550     9274.330     9277.010     9279.320
   845:     9284.190     9284.510     9291.330     9295.370     9298.560
   850:     9322.570     9323.890     9339.060     9344.650     9344.700
   855:     9344.890     9346.710     9347.690     9356.490     9358.000
   860:     9359.010     9361.960     9363.890     9364.680     9431.680
   865:     9432.210     9433.550     9436.950     9438.870     9442.930
   870:     9442.930     9442.930     9442.940     9442.940     9442.940
   875:     9442.940     9442.940     9445.350     9446.940     9447.940
   880:     9447.940     9448.590     9449.520     9450.130     9451.080
   885:     9452.930     9453.260     9459.750     9460.060     9460.200
   890:     9463.550     9464.170     9464.320     9464.630     9465.440
   895:     9465.500     9465.580     9466.510     9466.770     9467.540
   900:     9469.100     9470.290     9470.480     9476.220     9477.070
   905:     9477.820     9481.950     9482.010     9486.490     9492.110
   910:     9497.960     9545.060     9545.210     9545.450     9546.220
   915:     9547.040     9548.450     9550.360     9554.200     9556.210
   920:     9556.350     9557.170     9560.640     9564.950     9588.200
   925:     9593.560     9598.710     9598.810     9598.860     9599.310
   930:     9600.420     9600.500     9602.720     9602.860     9614.030
   935:     9632.280     9632.280     9632.280     9632.290     9632.290
   940:     9632.290     9632.290     9632.290     9635.210     9636.240
   945:     9636.290     9637.290     9637.290     9638.530     9641.000
   950:     9642.280     9652.590     9653.010     9653.180     9654.240
   955:     9654.710     9657.560     9657.850     9662.240     9667.640
   960:     9667.750     9668.400     9668.470     9674.420     9674.910
   965:     9675.060     9675.290     9683.580     9686.590     9690.080
   970:     9691.210     9709.580     9709.630     9710.450     9712.260
   975:     9714.200     9715.300     9718.420     9726.270     9726.890
   980:     9727.160     9729.130     9732.260     9733.420     9738.270
   985:     9742.770     9743.080     9743.170     9746.780     9747.080
   990:     9747.200     9747.310     9747.670     9748.190     9751.400
   995:     9751.620     9751.830     9751.900     9751.960     9752.170
  1000:     9752.350     9753.670     9753.840     9757.340     9757.590
  1005:     9757.620     9757.760     9758.000     9758.090     9758.110
  1010:     9758.150     9760.310     9761.170     9762.100     9764.110
  1015:     9764.570     9764.720     9764.810     9765.160     9765.280
  1020:     9765.350     9765.510     9765.560     9766.560     9798.730
  1025:     9799.730     9800.180     9829.460     9832.030     9837.940
  1030:     9838.930     9839.700     9865.830     9867.670     9868.260
  1035:     9868.300     9872.420     9873.730     9873.990     9874.220
  1040:     9877.490     9888.460     9888.580     9897.280     9904.230
  1045:     9907.120     9909.120     9911.330     9918.810     9952.450
  1050:     9956.680     9956.740     9980.210    10582.770    10582.940
  1055:    10584.660    10584.810    10585.330    10587.040    10587.110
  1060:    10800.010
