File: C:\MED-PC IV\DATA\!2025-08-26_16h51m.Subject T21



Start Date: 08/26/25
End Date: 08/26/25
Subject: T21
Experiment: OralFentSA
Group: One
Box: 2
Start Time: 16:51:21
End Time: 19:51:29
MSN: Golden_Liq_SelfAdmin_LIT
F:       0.000
G:     538.000
H:   10800.010
I:       0.000
J:       0.000
K:       0.000
L:       0.000
M:       0.000
N:       0.000
O:       0.000
P:       0.000
Q:       0.000
R:       0.000
S:       0.000
U:       0.000
V:       0.000
W:       0.000
X:       0.000
Y:       0.000
Z:       0.000
A:
     0:        0.000        0.000      180.000        4.000        0.000
     5:        5.000        0.000        5.000        0.000        0.000
    10:        1.000        0.000       10.000  3000000.000       19.000
    15:        7.000      320.000        0.000        0.000        0.000
    20:        0.000
B:
     0:        0.000        0.000        0.000        0.000        0.000
     5:        0.000        0.000        0.000        0.000        0.000
    10:        0.000        0.000        0.000 300000000.00        0.000
    15:        0.000        0.000        0.000        0.000        0.000
    20:        0.000
C:
     0:        0.000        1.000        0.000        0.000      534.000
     5:        0.000        0.000        0.000        0.000        0.000
    10:        0.000        0.000        0.000        0.000        0.000
    15:        0.000        0.000        0.000        0.000        0.000
    20:        0.000
D:
E:
     0:       19.000       11.000       26.000       27.000        6.000
     5:        6.000        6.000        6.000        6.000        6.000
    10:        6.000        6.000        6.000        6.000        6.000
    15:        6.000        6.000        6.000        6.000        6.000
    20:        6.000        6.000        6.000        6.000        6.000
    25:        6.000        6.000        6.000        6.000        6.000
    30:        6.000        6.000        6.000        6.000        6.000
    35:        6.000        6.000        6.000        6.000        6.000
    40:        6.000        6.000        6.000        6.000        6.000
    45:        6.000        6.000        6.000        6.000        6.000
    50:        6.000        6.000        6.000        6.000        6.000
    55:        6.000        6.000        6.000        6.000        6.000
    60:        6.000        6.000        6.000        6.000        6.000
    65:        6.000        6.000        6.000        6.000        6.000
    70:        6.000        6.000        6.000        6.000        6.000
    75:        6.000        6.000        6.000        6.000        6.000
    80:        6.000        6.000        6.000        6.000        6.000
    85:        6.000        6.000        6.000        6.000        6.000
    90:        6.000        6.000        6.000        6.000        6.000
    95:        6.000        6.000        6.000        6.000        6.000
   100:        6.000        6.000        6.000        6.000        6.000
   105:        6.000        6.000        6.000        6.000        6.000
   110:        6.000        6.000        6.000        6.000        6.000
   115:        6.000        6.000        6.000        6.000        6.000
   120:        6.000        6.000        6.000        6.000        6.000
   125:        6.000        6.000        6.000        6.000        6.000
   130:        6.000        6.000        6.000        6.000        6.000
   135:        6.000        6.000        6.000        6.000        6.000
   140:        6.000        6.000        6.000        6.000        6.000
   145:        6.000        6.000        6.000        6.000        6.000
   150:        6.000        6.000        6.000        6.000        6.000
   155:        6.000        6.000        6.000        6.000        6.000
   160:        6.000        6.000        6.000        6.000        6.000
   165:        6.000        6.000        6.000        6.000        6.000
   170:        6.000        6.000        6.000        6.000        6.000
   175:        6.000        6.000        6.000        6.000        6.000
   180:        6.000        6.000        6.000        6.000        6.000
   185:        6.000        6.000        6.000        6.000        6.000
   190:        6.000        6.000        6.000        6.000        6.000
   195:        6.000        6.000        6.000        6.000        6.000
   200:        6.000        6.000        6.000        6.000        6.000
   205:        6.000        6.000        6.000        6.000        6.000
   210:        6.000        6.000        6.000        6.000        6.000
   215:        6.000        6.000        6.000        6.000        6.000
   220:        6.000        6.000        6.000        6.000        6.000
   225:        6.000        6.000        6.000        6.000        6.000
   230:        6.000        6.000        6.000        6.000        6.000
   235:        6.000        6.000        6.000        6.000        6.000
   240:        6.000        6.000        6.000        6.000        6.000
   245:        6.000        6.000        6.000        6.000        6.000
   250:        6.000        6.000        6.000        6.000        6.000
   255:        6.000        6.000        6.000        6.000        6.000
   260:        6.000        6.000        6.000        6.000        6.000
   265:        6.000        6.000        6.000        6.000        6.000
   270:        6.000        6.000        6.000        6.000        6.000
   275:        6.000        6.000        6.000        6.000        6.000
   280:        6.000        6.000        6.000        6.000        6.000
   285:        6.000        6.000        6.000        6.000        6.000
   290:        6.000        6.000        6.000        6.000        6.000
   295:        6.000        6.000        6.000        6.000        6.000
   300:        6.000        6.000        6.000        6.000        6.000
   305:        6.000        6.000        6.000        6.000        6.000
   310:        6.000        6.000        6.000        6.000        6.000
   315:        6.000        6.000        6.000        6.000        6.000
   320:        6.000        6.000        6.000        6.000        6.000
   325:        6.000        6.000        6.000        6.000        6.000
   330:        6.000        6.000        6.000        6.000        6.000
   335:        6.000        6.000        6.000        6.000        6.000
   340:        6.000        6.000        6.000        6.000        6.000
   345:        6.000        6.000        6.000        6.000        6.000
   350:        6.000        6.000        6.000        6.000        6.000
   355:        6.000        6.000        6.000        6.000        6.000
   360:        6.000        6.000        6.000        6.000        6.000
   365:        6.000        6.000        6.000        6.000        6.000
   370:        6.000        6.000        6.000        6.000        6.000
   375:        6.000        6.000        6.000        6.000        6.000
   380:        6.000        6.000        6.000        6.000        6.000
   385:        6.000        6.000        6.000        6.000        6.000
   390:        6.000        6.000        6.000        6.000        6.000
   395:        6.000        6.000        6.000        6.000        6.000
   400:        6.000        6.000        6.000        6.000        6.000
   405:        6.000        6.000        6.000        6.000        6.000
   410:        6.000        6.000        6.000        6.000        6.000
   415:        6.000        6.000        6.000        6.000        6.000
   420:        6.000        6.000        6.000        6.000        6.000
   425:        6.000        6.000        6.000        6.000        6.000
   430:        6.000        6.000        6.000        6.000        6.000
   435:        6.000        6.000        6.000        6.000        6.000
   440:        6.000        6.000        6.000        6.000        6.000
   445:        6.000        6.000        6.000        6.000        6.000
   450:        6.000        6.000        6.000        6.000        6.000
   455:        6.000        6.000        6.000        6.000        6.000
   460:        6.000        6.000        6.000        6.000        6.000
   465:        6.000        6.000        6.000        6.000        6.000
   470:        6.000        6.000        6.000        6.000        6.000
   475:        6.000        6.000        6.000        6.000        6.000
   480:        6.000        6.000        6.000        6.000        6.000
   485:        6.000        6.000        6.000        6.000        6.000
   490:        6.000        6.000        6.000        6.000        6.000
   495:        6.000        6.000        6.000        6.000        6.000
   500:        6.000        6.000        6.000        6.000        6.000
   505:        6.000        6.000        6.000        6.000        6.000
   510:        6.000        6.000        6.000        6.000        6.000
   515:        6.000        6.000        6.000        6.000        6.000
   520:        6.000        6.000        6.000        6.000        6.000
   525:        6.000        6.000        6.000        6.000        6.000
   530:        6.000        6.000        6.000        6.000        6.000
   535:        6.000        6.000        6.000      100.000
T:
     0:        0.000        0.000        0.000        0.000       23.910
     5:       24.060       45.990       64.910       65.120       65.780
    10:       68.460       69.130       69.610       70.380       70.680
    15:       70.800       71.660       73.740       89.880       90.440
    20:       91.870       95.540      111.200      111.280      111.660
    25:      112.070      112.120      112.210      112.260      113.040
    30:      114.430      117.200      119.850      156.050      156.870
    35:      194.350      195.430      196.010      196.880      197.910
    40:      198.540      199.970      200.170      201.680      256.510
    45:      256.570      256.820      257.650      257.950      258.360
    50:      259.970      260.090      260.280      261.480      261.680
    55:      349.890      376.080      403.960      403.980      408.810
    60:      409.160      424.950      434.640      463.260      473.390
    65:      489.200      502.410      528.680      529.260      553.480
    70:      555.250      578.430      588.790      603.640      627.190
    75:      662.710      676.020      689.110      706.750      750.490
    80:      769.610      839.290      851.760      861.330      883.410
    85:      924.710      925.420      940.460      942.570     1012.960
    90:     1014.120     1124.650     1138.300     1143.170     1176.500
    95:     1193.770     1198.700     1199.480     1262.150     1292.470
   100:     1295.940     1330.140     1400.170     1400.470     1427.880
   105:     1499.450     1602.020     1602.290     1671.700     1689.430
   110:     1779.390     1858.970     1859.670     1927.620     1928.510
   115:     1928.940     2088.260     2161.720     2162.050     2219.410
   120:     2231.060     2277.590     2342.970     2404.360     2493.640
   125:     2541.400     2576.910     2645.880     2651.860     2727.680
   130:     2797.380     2797.400     2878.080     2988.620     2988.810
   135:     3067.610     3079.720     3106.100     3107.570     3107.680
   140:     3107.730     3107.770     3108.000     3182.430     3183.330
   145:     3280.740     3281.850     3292.970     3450.610     3450.870
   150:     3495.020     3495.390     3495.730     3495.810     3496.090
   155:     3496.280     3528.910     3535.910     3545.590     3545.810
   160:     3546.330     3621.450     3621.980     3622.620     3622.710
   165:     3622.930     3627.840     3635.930     3636.540     3636.640
   170:     3644.410     3644.860     3645.130     3646.460     3656.670
   175:     3664.400     3670.390     3671.560     3700.820     3747.930
   180:     3748.380     3749.120     3749.360     3749.430     3750.110
   185:     3843.190     3870.220     3922.570     3970.620     4045.030
   190:     4073.780     4108.430     4109.120     4109.310     4109.530
   195:     4110.130     4121.190     4121.480     4160.130     4186.910
   200:     4239.420     4305.540     4352.270     4357.060     4357.570
   205:     4381.570     4469.830     4469.990     4470.190     4470.470
   210:     4476.230     4476.510     4481.270     4482.420     4590.870
   215:     4590.950     4612.500     4633.380     4634.040     4634.400
   220:     4634.630     4634.710     4657.970     4658.250     4748.070
   225:     4748.340     4821.740     4821.950     4823.930     4824.490
   230:     4839.650     4862.300     4898.240     4898.460     4906.320
   235:     5005.320     5020.380     5067.440     5243.620     5279.570
   240:     5294.980     5315.390     5320.880     5333.230     5333.550
   245:     5340.870     5341.530     5341.910     5352.500     5357.560
   250:     5359.090     5359.140     5359.260     5360.080     5360.950
   255:     5364.720     5380.910     5382.590     5382.820     5386.410
   260:     5388.780     5389.280     5389.400     5390.750     5400.710
   265:     5401.190     5401.480     5415.750     5425.480     5425.680
   270:     5427.470     5428.400     5430.900     5431.430     5436.420
   275:     5505.620     5680.230     5701.550     5739.380     5763.780
   280:     5835.320     5995.980     6099.630     6312.000     6324.620
   285:     6365.770     6366.520     6367.080     6367.180     6390.690
   290:     6417.870     6418.550     6418.730     6418.910     6419.180
   295:     6419.310     6419.570     6533.190     6578.740     6582.400
   300:     6582.750     6582.890     6583.200     6586.350     6602.030
   305:     6627.540     6631.520     6632.280     6632.560     6648.460
   310:     6653.580     6657.150     6658.780     6662.740     6754.380
   315:     6755.170     6755.450     6756.660     6756.890     6760.000
   320:     6760.960     6781.440     6781.640     6781.830     6783.310
   325:     6783.660     6792.490     6810.740     6812.240     6821.620
   330:     6862.480     6862.630     6944.480     6981.420     7285.410
   335:     7459.800     7478.560     7482.050     7732.270     7732.460
   340:     7849.310     7849.540     7895.770     7978.890     7979.180
   345:     7979.380     7990.960     7991.720     7997.390     7997.680
   350:     7999.240     7999.430     8047.870     8094.040     8094.200
   355:     8094.420     8095.140     8120.340     8120.700     8128.570
   360:     8128.810     8130.160     8237.940     8289.110     8289.610
   365:     8290.750     8290.810     8290.960     8291.100     8292.270
   370:     8292.290     8293.150     8293.730     8293.960     8312.310
   375:     8312.650     8314.530     8316.860     8316.920     8319.960
   380:     8331.070     8343.100     8349.190     8404.300     8405.030
   385:     8406.070     8410.140     8410.350     8410.390     8410.530
   390:     8410.780     8410.910     8412.870     8418.950     8419.510
   395:     8419.660     8423.840     8424.200     8424.580     8429.240
   400:     8437.720     8440.120     8440.240     8441.110     8441.540
   405:     8443.040     8443.830     8443.870     8444.100     8448.420
   410:     8472.020     8472.830     8473.150     8485.370     8486.140
   415:     8487.580     8487.720     8487.860     8487.870     8488.090
   420:     8489.150     8489.310     8494.890     8494.920     8495.510
   425:     8497.010     8501.100     8504.260     8505.310     8506.510
   430:     8506.880     8508.850     8508.940     8514.560     8538.690
   435:     8538.800     8540.690     8540.720     8540.920     8561.820
   440:     8563.000     8564.100     8564.450     8569.370     8569.750
   445:     8570.930     8589.550     8590.280     8595.070     8595.210
   450:     8630.560     8660.510     8660.890     8661.020     8666.450
   455:     8681.470     8682.300     8699.010     8699.740     8703.570
   460:     8710.780     8710.990     8711.590     8711.660     8712.860
   465:     8713.250     8716.720     8716.970     8717.100     8734.480
   470:     8734.980     8735.130     8773.020     8773.790     8804.530
   475:     8804.720     8807.560     8887.040     8892.050     8910.940
   480:     8911.080     8915.190     8927.690     8948.330     8958.490
   485:     8966.420     9003.060     9003.220     9015.380     9018.880
   490:     9043.830     9162.640     9318.410     9318.660     9319.100
   495:     9319.830     9404.520     9404.750     9408.570     9429.810
   500:     9472.880     9492.160     9550.460     9556.050     9569.940
   505:     9570.100     9610.530     9615.060     9679.890     9704.650
   510:     9753.250     9753.510     9770.280     9798.410     9825.660
   515:     9847.850     9907.730     9907.900     9920.580     9920.710
   520:     9924.560     9942.620     9974.930    10014.850    10018.930
   525:    10019.220    10151.970    10179.730    10179.980    10196.290
   530:    10196.560    10200.900    10201.110    10221.180    10224.900
   535:    10306.660    10474.540    10474.990    10800.010
