File: C:\MED-PC IV\DATA\!2025-09-18_16h46m.Subject T23



Start Date: 09/18/25
End Date: 09/18/25
Subject: T23
Experiment: OralFentSA
Group: One
Box: 5
Start Time: 16:46:50
End Time: 19:25:58
MSN: Golden_Liq_SelfAdmin_EXT_LIT
F:       0.000
G:     950.000
H:    9545.820
I:       0.000
J:       0.000
K:       0.000
L:       0.000
M:       0.000
N:       0.000
O:       0.000
P:       0.000
Q:       0.000
R:       0.000
S:       0.000
U:       0.000
V:       0.000
W:       0.000
X:       0.000
Y:       0.000
Z:       0.000
A:
     0:        0.000        0.000      180.000        4.000        0.000
     5:        5.000        0.000        5.000        0.000        0.000
    10:        1.000        0.000       10.000 30000000.000       20.000
    15:       24.000      640.000        0.000        0.000        0.000
    20:        0.000
B:
     0:        0.000        0.000        0.000        0.000        0.000
     5:        0.000        0.000        0.000        0.000        0.000
    10:        0.000        0.000        0.000 3000000000.0        0.000
    15:        0.000        0.000        0.000        0.000        0.000
    20:        0.000
C:
     0:        0.000        1.000        0.000        0.000      946.000
     5:        0.000        0.000        0.000        0.000        0.000
    10:        0.000        0.000        0.000        0.000        0.000
    15:        0.000        0.000        0.000        0.000        0.000
    20:        0.000
D:
E:
     0:       19.000       11.000       26.000       27.000        6.000
     5:        6.000        6.000        6.000        6.000        6.000
    10:        6.000        6.000        6.000        6.000        6.000
    15:        6.000        6.000        6.000        6.000        6.000
    20:        6.000        6.000        6.000        6.000        6.000
    25:        6.000        6.000        6.000        6.000        6.000
    30:        6.000        6.000        6.000        6.000        6.000
    35:        6.000        6.000        6.000        6.000        6.000
    40:        6.000        6.000        6.000        6.000        6.000
    45:        6.000        6.000        6.000        6.000        6.000
    50:        6.000        6.000        6.000        6.000        6.000
    55:        6.000        6.000        6.000        6.000        6.000
    60:        6.000        6.000        6.000        6.000        6.000
    65:        6.000        6.000        6.000        6.000        6.000
    70:        6.000        6.000        6.000        6.000        6.000
    75:        6.000        6.000        6.000        6.000        6.000
    80:        6.000        6.000        6.000        6.000        6.000
    85:        6.000        6.000        6.000        6.000        6.000
    90:        6.000        6.000        6.000        6.000        6.000
    95:        6.000        6.000        6.000        6.000        6.000
   100:        6.000        6.000        6.000        6.000        6.000
   105:        6.000        6.000        6.000        6.000        6.000
   110:        6.000        6.000        6.000        6.000        6.000
   115:        6.000        6.000        6.000        6.000        6.000
   120:        6.000        6.000        6.000        6.000        6.000
   125:        6.000        6.000        6.000        6.000        6.000
   130:        6.000        6.000        6.000        6.000        6.000
   135:        6.000        6.000        6.000        6.000        6.000
   140:        6.000        6.000        6.000        6.000        6.000
   145:        6.000        6.000        6.000        6.000        6.000
   150:        6.000        6.000        6.000        6.000        6.000
   155:        6.000        6.000        6.000        6.000        6.000
   160:        6.000        6.000        6.000        6.000        6.000
   165:        6.000        6.000        6.000        6.000        6.000
   170:        6.000        6.000        6.000        6.000        6.000
   175:        6.000        6.000        6.000        6.000        6.000
   180:        6.000        6.000        6.000        6.000        6.000
   185:        6.000        6.000        6.000        6.000        6.000
   190:        6.000        6.000        6.000        6.000        6.000
   195:        6.000        6.000        6.000        6.000        6.000
   200:        6.000        6.000        6.000        6.000        6.000
   205:        6.000        6.000        6.000        6.000        6.000
   210:        6.000        6.000        6.000        6.000        6.000
   215:        6.000        6.000        6.000        6.000        6.000
   220:        6.000        6.000        6.000        6.000        6.000
   225:        6.000        6.000        6.000        6.000        6.000
   230:        6.000        6.000        6.000        6.000        6.000
   235:        6.000        6.000        6.000        6.000        6.000
   240:        6.000        6.000        6.000        6.000        6.000
   245:        6.000        6.000        6.000        6.000        6.000
   250:        6.000        6.000        6.000        6.000        6.000
   255:        6.000        6.000        6.000        6.000        6.000
   260:        6.000        6.000        6.000        6.000        6.000
   265:        6.000        6.000        6.000        6.000        6.000
   270:        6.000        6.000        6.000        6.000        6.000
   275:        6.000        6.000        6.000        6.000        6.000
   280:        6.000        6.000        6.000        6.000        6.000
   285:        6.000        6.000        6.000        6.000        6.000
   290:        6.000        6.000        6.000        6.000        6.000
   295:        6.000        6.000        6.000        6.000        6.000
   300:        6.000        6.000        6.000        6.000        6.000
   305:        6.000        6.000        6.000        6.000        6.000
   310:        6.000        6.000        6.000        6.000        6.000
   315:        6.000        6.000        6.000        6.000        6.000
   320:        6.000        6.000        6.000        6.000        6.000
   325:        6.000        6.000        6.000        6.000        6.000
   330:        6.000        6.000        6.000        6.000        6.000
   335:        6.000        6.000        6.000        6.000        6.000
   340:        6.000        6.000        6.000        6.000        6.000
   345:        6.000        6.000        6.000        6.000        6.000
   350:        6.000        6.000        6.000        6.000        6.000
   355:        6.000        6.000        6.000        6.000        6.000
   360:        6.000        6.000        6.000        6.000        6.000
   365:        6.000        6.000        6.000        6.000        6.000
   370:        6.000        6.000        6.000        6.000        6.000
   375:        6.000        6.000        6.000        6.000        6.000
   380:        6.000        6.000        6.000        6.000        6.000
   385:        6.000        6.000        6.000        6.000        6.000
   390:        6.000        6.000        6.000        6.000        6.000
   395:        6.000        6.000        6.000        6.000        6.000
   400:        6.000        6.000        6.000        6.000        6.000
   405:        6.000        6.000        6.000        6.000        6.000
   410:        6.000        6.000        6.000        6.000        6.000
   415:        6.000        6.000        6.000        6.000        6.000
   420:        6.000        6.000        6.000        6.000        6.000
   425:        6.000        6.000        6.000        6.000        6.000
   430:        6.000        6.000        6.000        6.000        6.000
   435:        6.000        6.000        6.000        6.000        6.000
   440:        6.000        6.000        6.000        6.000        6.000
   445:        6.000        6.000        6.000        6.000        6.000
   450:        6.000        6.000        6.000        6.000        6.000
   455:        6.000        6.000        6.000        6.000        6.000
   460:        6.000        6.000        6.000        6.000        6.000
   465:        6.000        6.000        6.000        6.000        6.000
   470:        6.000        6.000        6.000        6.000        6.000
   475:        6.000        6.000        6.000        6.000        6.000
   480:        6.000        6.000        6.000        6.000        6.000
   485:        6.000        6.000        6.000        6.000        6.000
   490:        6.000        6.000        6.000        6.000        6.000
   495:        6.000        6.000        6.000        6.000        6.000
   500:        6.000        6.000        6.000        6.000        6.000
   505:        6.000        6.000        6.000        6.000        6.000
   510:        6.000        6.000        6.000        6.000        6.000
   515:        6.000        6.000        6.000        6.000        6.000
   520:        6.000        6.000        6.000        6.000        6.000
   525:        6.000        6.000        6.000        6.000        6.000
   530:        6.000        6.000        6.000        6.000        6.000
   535:        6.000        6.000        6.000        6.000        6.000
   540:        6.000        6.000        6.000        6.000        6.000
   545:        6.000        6.000        6.000        6.000        6.000
   550:        6.000        6.000        6.000        6.000        6.000
   555:        6.000        6.000        6.000        6.000        6.000
   560:        6.000        6.000        6.000        6.000        6.000
   565:        6.000        6.000        6.000        6.000        6.000
   570:        6.000        6.000        6.000        6.000        6.000
   575:        6.000        6.000        6.000        6.000        6.000
   580:        6.000        6.000        6.000        6.000        6.000
   585:        6.000        6.000        6.000        6.000        6.000
   590:        6.000        6.000        6.000        6.000        6.000
   595:        6.000        6.000        6.000        6.000        6.000
   600:        6.000        6.000        6.000        6.000        6.000
   605:        6.000        6.000        6.000        6.000        6.000
   610:        6.000        6.000        6.000        6.000        6.000
   615:        6.000        6.000        6.000        6.000        6.000
   620:        6.000        6.000        6.000        6.000        6.000
   625:        6.000        6.000        6.000        6.000        6.000
   630:        6.000        6.000        6.000        6.000        6.000
   635:        6.000        6.000        6.000        6.000        6.000
   640:        6.000        6.000        6.000        6.000        6.000
   645:        6.000        6.000        6.000        6.000        6.000
   650:        6.000        6.000        6.000        6.000        6.000
   655:        6.000        6.000        6.000        6.000        6.000
   660:        6.000        6.000        6.000        6.000        6.000
   665:        6.000        6.000        6.000        6.000        6.000
   670:        6.000        6.000        6.000        6.000        6.000
   675:        6.000        6.000        6.000        6.000        6.000
   680:        6.000        6.000        6.000        6.000        6.000
   685:        6.000        6.000        6.000        6.000        6.000
   690:        6.000        6.000        6.000        6.000        6.000
   695:        6.000        6.000        6.000        6.000        6.000
   700:        6.000        6.000        6.000        6.000        6.000
   705:        6.000        6.000        6.000        6.000        6.000
   710:        6.000        6.000        6.000        6.000        6.000
   715:        6.000        6.000        6.000        6.000        6.000
   720:        6.000        6.000        6.000        6.000        6.000
   725:        6.000        6.000        6.000        6.000        6.000
   730:        6.000        6.000        6.000        6.000        6.000
   735:        6.000        6.000        6.000        6.000        6.000
   740:        6.000        6.000        6.000        6.000        6.000
   745:        6.000        6.000        6.000        6.000        6.000
   750:        6.000        6.000        6.000        6.000        6.000
   755:        6.000        6.000        6.000        6.000        6.000
   760:        6.000        6.000        6.000        6.000        6.000
   765:        6.000        6.000        6.000        6.000        6.000
   770:        6.000        6.000        6.000        6.000        6.000
   775:        6.000        6.000        6.000        6.000        6.000
   780:        6.000        6.000        6.000        6.000        6.000
   785:        6.000        6.000        6.000        6.000        6.000
   790:        6.000        6.000        6.000        6.000        6.000
   795:        6.000        6.000        6.000        6.000        6.000
   800:        6.000        6.000        6.000        6.000        6.000
   805:        6.000        6.000        6.000        6.000        6.000
   810:        6.000        6.000        6.000        6.000        6.000
   815:        6.000        6.000        6.000        6.000        6.000
   820:        6.000        6.000        6.000        6.000        6.000
   825:        6.000        6.000        6.000        6.000        6.000
   830:        6.000        6.000        6.000        6.000        6.000
   835:        6.000        6.000        6.000        6.000        6.000
   840:        6.000        6.000        6.000        6.000        6.000
   845:        6.000        6.000        6.000        6.000        6.000
   850:        6.000        6.000        6.000        6.000        6.000
   855:        6.000        6.000        6.000        6.000        6.000
   860:        6.000        6.000        6.000        6.000        6.000
   865:        6.000        6.000        6.000        6.000        6.000
   870:        6.000        6.000        6.000        6.000        6.000
   875:        6.000        6.000        6.000        6.000        6.000
   880:        6.000        6.000        6.000        6.000        6.000
   885:        6.000        6.000        6.000        6.000        6.000
   890:        6.000        6.000        6.000        6.000        6.000
   895:        6.000        6.000        6.000        6.000        6.000
   900:        6.000        6.000        6.000        6.000        6.000
   905:        6.000        6.000        6.000        6.000        6.000
   910:        6.000        6.000        6.000        6.000        6.000
   915:        6.000        6.000        6.000        6.000        6.000
   920:        6.000        6.000        6.000        6.000        6.000
   925:        6.000        6.000        6.000        6.000        6.000
   930:        6.000        6.000        6.000        6.000        6.000
   935:        6.000        6.000        6.000        6.000        6.000
   940:        6.000        6.000        6.000        6.000        6.000
   945:        6.000        6.000        6.000        6.000        6.000
T:
     0:        0.000        0.000        0.000        0.000       40.750
     5:       42.960       43.610       58.230       60.710       84.370
    10:       84.420      104.710      168.130      202.120      202.170
    15:      203.420      203.500      206.910      207.000      208.230
    20:      208.280      209.780      209.840      230.700      231.560
    25:      257.530      257.550      257.600      258.720      259.370
    30:      259.600      259.670      274.490      274.770      325.800
    35:      326.110      326.160      345.700      346.000      350.990
    40:      351.120      351.640      367.440      367.940      368.010
    45:      369.440      369.730      378.500      395.290      395.470
    50:      396.210      396.600      398.110      466.280      468.070
    55:      471.350      471.430      471.480      471.890      471.950
    60:      472.370      472.430      472.480      473.140      520.130
    65:      520.310      521.640      522.300      523.230      523.380
    70:      523.620      524.140      592.490      592.530      628.040
    75:      629.640      661.150      661.240      661.400      663.640
    80:      664.890      666.180      717.340      718.170      737.050
    85:      737.330      737.980      798.830      802.970      803.070
    90:      804.310      804.670      808.420      808.530      844.780
    95:      845.400      860.770      909.070      915.900      939.520
   100:      939.540      958.660      964.620      965.160      965.280
   105:      965.350      999.080      999.140      999.780     1004.250
   110:     1004.460     1004.510     1005.340     1005.430     1019.520
   115:     1031.630     1031.790     1031.880     1032.190     1032.360
   120:     1032.390     1032.700     1032.890     1033.920     1038.790
   125:     1038.850     1039.050     1039.620     1039.830     1039.920
   130:     1040.030     1040.180     1041.080     1041.190     1041.280
   135:     1041.380     1041.490     1043.320     1044.170     1044.270
   140:     1092.600     1092.680     1092.740     1092.830     1092.920
   145:     1093.360     1093.430     1119.440     1121.070     1121.180
   150:     1123.060     1124.830     1125.240     1125.340     1125.680
   155:     1125.850     1127.360     1127.490     1127.800     1131.850
   160:     1133.160     1133.430     1134.750     1135.310     1147.170
   165:     1148.250     1148.900     1148.940     1157.870     1171.060
   170:     1171.460     1171.490     1178.760     1179.060     1179.520
   175:     1180.370     1180.890     1181.180     1227.770     1228.280
   180:     1293.050     1293.190     1293.760     1298.310     1299.290
   185:     1324.970     1327.630     1343.700     1344.370     1344.590
   190:     1398.090     1401.100     1401.180     1405.100     1406.340
   195:     1420.580     1421.040     1424.070     1424.160     1425.180
   200:     1426.240     1426.400     1426.610     1426.680     1431.920
   205:     1432.520     1435.600     1435.730     1461.410     1461.490
   210:     1462.300     1464.740     1478.790     1598.310     1605.490
   215:     1607.170     1607.230     1607.360     1607.580     1631.540
   220:     1636.990     1637.020     1637.080     1637.130     1637.650
   225:     1637.740     1700.490     1700.560     1701.260     1701.290
   230:     1701.920     1702.360     1702.420     1703.010     1703.090
   235:     1704.000     1718.030     1721.250     1729.550     1731.660
   240:     1749.370     1754.820     1755.190     1755.240     1755.510
   245:     1756.360     1756.500     1756.590     1756.670     1761.300
   250:     1761.450     1761.720     1762.280     1762.550     1762.840
   255:     1781.610     1797.530     1817.500     1826.510     1841.640
   260:     1842.170     1851.120     1851.990     1891.840     1891.880
   265:     1906.960     1907.010     1907.510     1907.720     1908.320
   270:     1908.400     1933.070     1933.140     1933.220     1934.260
   275:     1934.370     1934.440     1934.550     1941.920     1942.400
   280:     1951.440     1951.540     1953.660     1953.680     1953.720
   285:     1954.300     1954.360     1966.370     1977.020     1978.150
   290:     1994.170     1994.380     2017.270     2029.910     2030.170
   295:     2040.710     2040.940     2041.060     2043.390     2043.510
   300:     2087.680     2089.440     2089.520     2089.610     2092.040
   305:     2092.260     2092.460     2114.250     2114.290     2114.460
   310:     2115.610     2116.180     2116.240     2131.910     2131.940
   315:     2161.560     2167.150     2170.190     2170.560     2171.810
   320:     2184.360     2185.260     2185.360     2185.670     2218.330
   325:     2221.010     2235.280     2237.650     2240.770     2240.820
   330:     2243.920     2249.070     2256.150     2258.160     2258.300
   335:     2260.120     2263.460     2263.740     2264.180     2264.710
   340:     2264.940     2352.660     2355.770     2363.630     2363.980
   345:     2364.080     2364.160     2364.190     2364.250     2370.130
   350:     2370.390     2373.840     2374.860     2375.140     2444.730
   355:     2463.610     2470.330     2498.470     2498.500     2498.550
   360:     2607.070     2641.660     2641.720     2641.760     2679.470
   365:     2679.550     2680.600     2699.350     2700.400     2704.560
   370:     2704.630     2705.620     2705.850     2705.920     2714.440
   375:     2714.510     2718.350     2718.930     2718.990     2726.380
   380:     2726.740     2726.850     2728.600     2771.950     2772.090
   385:     2772.190     2772.280     2773.100     2826.590     2826.800
   390:     2827.410     2827.540     2830.390     2830.570     2832.780
   395:     2832.840     2833.460     2833.580     2835.190     2835.280
   400:     2848.840     2913.910     2917.620     2926.140     2932.620
   405:     2935.850     2940.340     2940.870     2943.360     2956.410
   410:     2956.470     2956.850     2956.970     2957.020     2968.870
   415:     2976.040     2977.920     2978.050     2978.430     2979.310
   420:     2979.350     2979.390     2979.870     2980.480     2980.570
   425:     2980.900     2981.240     2982.150     2982.500     2983.910
   430:     3003.040     3012.070     3046.660     3046.780     3047.910
   435:     3051.020     3076.420     3112.780     3113.130     3113.290
   440:     3119.310     3123.790     3126.400     3144.850     3148.280
   445:     3163.570     3163.590     3167.090     3169.180     3169.790
   450:     3169.840     3170.030     3170.750     3170.810     3290.450
   455:     3292.970     3306.680     3306.890     3307.010     3330.650
   460:     3337.500     3387.560     3390.470     3395.170     3398.070
   465:     3398.470     3398.870     3398.900     3398.970     3399.060
   470:     3410.880     3410.930     3412.440     3413.550     3413.900
   475:     3414.130     3414.170     3414.230     3458.060     3503.260
   480:     3553.050     3556.380     3556.730     3558.160     3558.680
   485:     3611.510     3611.600     3629.060     3630.260     3630.340
   490:     3649.200     3649.210     3649.540     3678.610     3678.700
   495:     3679.210     3709.960     3713.840     3717.270     3718.520
   500:     3718.640     3718.750     3719.030     3719.080     3719.180
   505:     3719.260     3719.490     3719.580     3719.600     3720.960
   510:     3721.160     3721.320     3721.350     3722.250     3786.240
   515:     3786.280     3829.530     3829.630     3834.780     3834.860
   520:     3865.290     3878.300     3879.130     3879.230     3879.460
   525:     3880.350     3880.430     3880.770     3881.990     3926.120
   530:     3926.180     3926.340     3926.520     3930.160     3931.900
   535:     3933.860     3934.590     3934.630     3935.300     3938.120
   540:     3938.440     3939.950     4029.380     4052.900     4080.830
   545:     4084.410     4084.490     4084.870     4110.020     4139.500
   550:     4223.530     4223.560     4224.910     4229.450     4231.200
   555:     4232.220     4232.860     4235.410     4235.450     4236.050
   560:     4236.280     4236.520     4238.550     4239.960     4240.330
   565:     4241.740     4271.740     4296.390     4296.480     4296.520
   570:     4296.830     4297.120     4297.150     4297.570     4317.060
   575:     4325.120     4325.170     4325.460     4326.160     4326.320
   580:     4326.720     4326.730     4326.860     4337.750     4337.830
   585:     4338.490     4338.550     4338.690     4338.750     4338.970
   590:     4339.320     4339.700     4353.830     4354.070     4354.890
   595:     4354.980     4366.220     4366.580     4366.780     4366.850
   600:     4367.200     4367.460     4367.490     4367.600     4368.390
   605:     4399.800     4429.270     4429.730     4429.790     4432.010
   610:     4432.120     4432.190     4455.170     4455.380     4455.480
   615:     4536.960     4537.000     4537.090     4537.170     4546.710
   620:     4625.050     4657.100     4684.750     4686.840     4686.900
   625:     4686.990     4687.130     4687.510     4687.770     4687.780
   630:     4688.050     4709.960     4710.050     4710.740     4712.420
   635:     4777.940     4778.150     4778.240     4780.310     4780.550
   640:     4781.150     4862.930     4862.970     4864.840     4865.130
   645:     4872.150     4877.880     4877.990     4878.280     4878.380
   650:     4878.790     4885.670     4885.800     4940.090     4940.820
   655:     4940.890     4941.800     4942.740     4942.790     4944.970
   660:     4945.540     4945.880     5310.440     5311.760     5311.870
   665:     5385.140     5386.110     5388.260     5390.500     5390.720
   670:     5390.940     5391.000     5396.600     5397.320     5404.800
   675:     5405.390     5409.970     5410.060     5443.770     5465.790
   680:     5467.310     5584.260     5584.370     5584.410     5596.370
   685:     5604.060     5604.130     5608.350     5608.600     5608.640
   690:     5608.930     5611.740     5616.400     5616.480     5617.610
   695:     5617.700     5619.280     5620.170     5621.000     5621.680
   700:     5621.750     5623.420     5623.520     5623.580     5632.280
   705:     5632.460     5632.540     5635.150     5635.230     5635.620
   710:     5635.740     5636.200     5636.460     5636.620     5636.940
   715:     5637.330     5637.790     5637.910     5648.180     5652.870
   720:     5653.130     5656.860     5657.630     5662.130     5663.640
   725:     5666.530     5666.560     5667.200     5667.260     5668.880
   730:     5669.190     5670.340     5670.690     5672.350     5674.090
   735:     5674.130     5680.650     5681.050     5681.890     5683.560
   740:     5683.710     5697.170     5697.230     5699.410     5699.690
   745:     5700.560     5701.110     5701.410     5701.620     5712.130
   750:     5714.650     5715.180     5716.120     5717.690     5718.890
   755:     5719.540     5720.770     5721.060     5724.310     5724.690
   760:     5725.570     5725.720     5730.150     5730.900     5731.450
   765:     5732.240     5754.780     5754.970     5757.840     5758.030
   770:     5759.360     5759.420     5759.720     5760.090     5761.000
   775:     5761.010     5762.000     5762.190     5824.330     5828.170
   780:     5831.060     5831.280     5832.470     5833.470     5879.650
   785:     5879.940     5887.090     5887.800     5937.030     5958.250
   790:     5960.860     5971.950     6019.440     6083.940     6084.170
   795:     6127.520     6132.920     6132.960     6133.710     6169.870
   800:     6176.900     6248.500     6324.620     6326.210     6345.550
   805:     6348.830     6349.440     6349.970     6499.280     6508.000
   810:     6600.360     6600.450     6602.850     6604.520     6604.590
   815:     6608.670     6757.310     6757.600     6760.080     6760.480
   820:     6760.610     6762.040     6763.920     6770.960     6939.140
   825:     6946.650     6952.710     6952.780     7001.220     7092.730
   830:     7093.360     7098.780     7104.450     7104.970     7146.230
   835:     7146.270     7165.750     7218.130     7276.300     7276.620
   840:     7276.650     7276.680     7276.770     7381.730     7382.860
   845:     7399.450     7515.610     7516.120     7543.920     7545.980
   850:     7546.540     7548.390     7548.550     7548.660     7570.250
   855:     7632.420     7632.470     7632.520     7635.600     7636.060
   860:     7783.700     7812.170     7812.320     7819.690     7829.330
   865:     7829.400     7830.490     7830.730     7831.520     7838.320
   870:     7839.000     7839.560     7839.920     7844.010     7847.360
   875:     7847.460     7853.640     8004.400     8243.050     8243.210
   880:     8577.740     8630.800     8631.530     8734.690     8734.810
   885:     8768.920     8814.780     8889.610     8889.750     8903.140
   890:     8903.160     8903.220     8903.270     8956.150     8956.220
   895:     8958.400     8958.580     9022.510     9047.640     9075.420
   900:     9077.540     9081.720     9081.770     9081.930     9082.610
   905:     9086.210     9086.800     9087.010     9087.020     9087.610
   910:     9087.750     9087.840     9088.930     9090.020     9091.260
   915:     9335.820     9335.880     9335.900     9417.390     9417.440
   920:     9417.570     9417.910     9418.380     9443.990     9444.000
   925:     9444.030     9480.190     9493.890     9517.440     9524.880
   930:     9524.930     9534.950     9535.640     9535.680     9535.820
   935:     9535.870     9536.000     9536.070     9536.310     9536.480
   940:     9538.630     9539.010     9539.070     9539.410     9539.650
   945:     9539.680     9539.810     9540.310     9541.360     9541.840
