File: C:\MED-PC IV\DATA\!2025-05-15_13h05m.Subject T10



Start Date: 05/15/25
End Date: 05/15/25
Subject: T10
Experiment: OralFentSA
Group: One
Box: 4
Start Time: 13:05:05
End Time: 16:05:24
MSN: Golden_Liq_SelfAdmin
F:       0.000
G:    1261.000
H:   10800.010
I:       0.000
J:       0.000
K:       0.000
L:       0.000
M:       0.000
N:       0.000
O:       0.000
P:       0.000
Q:       0.000
R:       0.000
S:       0.000
U:       0.000
V:       0.000
W:       0.000
X:       0.000
Y:       0.000
Z:       0.000
A:
     0:        0.000        0.000      180.000        4.000        0.000
     5:        5.000        0.000        5.000        0.000        0.000
    10:        1.000        0.000       10.000     1800.000       26.000
    15:        3.000      640.000        0.000        0.000        0.000
    20:        0.000
B:
     0:        0.000        0.000        0.000      400.000        0.000
     5:      500.000        0.000      500.000        0.000        0.000
    10:        0.000        0.000     1000.000   180000.000        0.000
    15:        0.000        0.000        0.000        0.000        0.000
    20:        0.000
C:
     0:       18.000       19.000        0.000        1.000      959.000
     5:     9149.410       25.860       14.000      202.790       14.485
    10:        1.000       10.000       52.000        0.000        0.000
    15:        0.000        0.000        0.000        0.000        0.000
    20:        0.000
D:
     0:        6.360        3.670       16.410       18.380        3.710
     5:        2.700       12.640       15.360        4.110        0.150
    10:        2.850       31.650       58.940       25.860
E:
     0:       19.000       11.000       26.000       27.000        6.000
     5:        6.000        6.000        6.000        6.000        6.000
    10:        6.000        6.000        6.000        6.000        6.000
    15:        6.000        6.000        2.000        4.000       22.000
    20:       24.000       12.000       13.000        8.000        5.000
    25:       17.000       18.000       14.000       10.000        6.000
    30:        6.000        6.000        6.000        6.000        6.000
    35:       19.000       11.000        6.000        6.000        6.000
    40:        6.000        6.000        6.000        6.000        6.000
    45:        6.000        6.000        6.000        6.000        6.000
    50:        6.000        6.000       23.000        6.000        6.000
    55:        6.000        6.000        6.000        6.000        6.000
    60:        6.000        6.000        6.000       23.000        6.000
    65:       23.000        6.000        6.000        6.000        6.000
    70:        6.000        6.000        6.000        6.000        6.000
    75:        6.000        6.000        6.000        6.000        6.000
    80:        6.000        6.000        6.000        6.000        6.000
    85:        6.000        6.000        6.000        6.000        6.000
    90:        6.000        6.000        6.000        6.000        6.000
    95:        6.000        6.000        6.000        6.000        6.000
   100:        6.000        6.000        6.000        6.000        6.000
   105:        6.000        6.000        6.000        6.000        6.000
   110:        6.000        6.000        6.000        6.000        6.000
   115:        6.000        6.000        6.000        6.000        6.000
   120:        6.000        6.000        6.000        6.000        6.000
   125:        6.000        6.000        6.000        6.000        6.000
   130:        6.000        6.000        6.000        6.000        6.000
   135:        6.000        6.000        6.000        6.000        6.000
   140:        6.000        6.000        6.000        6.000        6.000
   145:        6.000        6.000        6.000        6.000        6.000
   150:        6.000        6.000        6.000        6.000        6.000
   155:        6.000        6.000        6.000        6.000        6.000
   160:        6.000        6.000        6.000        6.000        6.000
   165:        6.000        6.000        6.000        6.000        6.000
   170:        6.000        6.000        6.000        6.000        6.000
   175:        6.000        6.000        6.000        6.000        6.000
   180:        6.000        6.000        6.000        6.000        6.000
   185:        6.000        6.000        6.000        6.000        6.000
   190:        6.000        6.000        6.000        6.000        6.000
   195:        6.000        6.000        6.000        6.000        6.000
   200:        6.000        6.000        6.000        6.000        6.000
   205:        6.000        6.000        6.000        6.000        6.000
   210:        6.000        6.000        6.000        6.000        6.000
   215:        6.000        6.000        6.000        6.000        6.000
   220:        6.000        6.000        6.000        6.000        6.000
   225:        6.000        6.000        6.000        6.000        6.000
   230:        6.000        6.000        6.000        6.000        6.000
   235:        6.000        6.000        6.000        6.000        6.000
   240:        6.000        6.000        6.000        6.000        6.000
   245:        6.000        6.000        6.000        6.000        6.000
   250:        6.000        6.000        6.000        6.000        6.000
   255:        6.000        6.000        6.000        6.000        6.000
   260:        6.000        6.000        6.000        6.000        6.000
   265:        6.000        6.000        6.000        6.000        6.000
   270:        6.000        6.000        6.000        6.000        6.000
   275:        6.000        6.000        6.000        6.000        6.000
   280:        6.000        6.000        6.000        6.000        6.000
   285:        6.000        6.000        6.000        6.000        6.000
   290:        6.000        6.000        6.000        6.000        6.000
   295:        6.000        6.000        6.000        6.000        6.000
   300:        6.000        6.000        6.000        6.000        6.000
   305:        6.000        6.000        6.000        6.000        6.000
   310:        6.000        6.000        6.000        6.000        6.000
   315:        6.000        6.000        6.000        6.000        6.000
   320:        6.000        6.000        6.000        6.000        6.000
   325:        6.000        6.000        6.000        6.000        6.000
   330:        6.000        6.000        6.000        6.000        6.000
   335:        6.000        6.000        6.000        6.000        6.000
   340:        6.000        6.000        6.000        6.000        6.000
   345:        6.000        6.000        6.000        6.000        6.000
   350:        6.000        6.000        6.000        6.000        6.000
   355:        6.000        6.000        6.000        6.000        6.000
   360:        6.000        6.000        6.000        6.000        6.000
   365:        6.000        6.000        6.000        6.000        6.000
   370:        6.000        6.000        6.000        6.000        6.000
   375:        6.000        6.000        6.000        6.000        6.000
   380:        6.000        6.000        6.000        6.000        6.000
   385:        6.000        6.000        6.000        6.000        6.000
   390:        6.000        6.000       25.000       24.000       12.000
   395:       13.000        8.000        5.000       17.000        6.000
   400:       18.000       14.000       10.000        6.000        6.000
   405:        6.000       19.000       11.000        6.000        6.000
   410:        6.000        6.000        6.000        6.000        6.000
   415:        6.000        6.000        6.000        6.000        6.000
   420:        6.000        6.000        6.000        6.000        6.000
   425:        6.000        6.000        6.000        6.000        6.000
   430:        6.000        6.000        6.000        6.000        6.000
   435:        6.000        6.000        6.000        6.000        6.000
   440:        6.000        6.000        6.000        6.000        6.000
   445:        6.000        6.000        6.000        6.000        6.000
   450:        6.000        6.000        6.000        6.000        6.000
   455:        6.000        6.000        6.000        6.000        6.000
   460:        6.000        6.000        6.000        6.000        6.000
   465:        6.000        6.000        6.000        6.000        6.000
   470:        6.000        6.000        6.000        6.000        6.000
   475:        6.000        6.000        6.000        6.000        6.000
   480:        6.000        6.000        6.000        6.000        6.000
   485:        6.000        6.000        6.000        6.000        6.000
   490:        6.000        6.000        6.000        6.000        6.000
   495:        6.000        6.000        6.000        6.000        6.000
   500:        6.000        6.000        6.000        6.000        6.000
   505:        6.000        6.000        6.000        6.000        6.000
   510:        6.000        6.000        6.000        6.000        6.000
   515:        6.000        6.000        6.000        6.000        6.000
   520:        6.000        6.000        6.000        6.000        6.000
   525:        6.000        6.000        6.000        6.000        6.000
   530:        6.000        6.000        6.000        6.000        6.000
   535:        6.000        6.000        6.000        6.000        6.000
   540:        6.000        6.000        6.000        6.000        6.000
   545:        6.000        6.000        6.000        6.000        6.000
   550:        6.000        6.000        6.000        6.000        6.000
   555:        6.000        6.000        6.000        6.000        6.000
   560:        6.000        6.000        6.000        6.000        6.000
   565:        6.000        6.000        6.000        6.000        6.000
   570:        6.000        6.000        6.000        6.000        6.000
   575:        6.000        6.000        6.000        6.000        6.000
   580:        6.000        6.000        6.000        6.000        6.000
   585:        6.000        6.000        6.000        6.000        6.000
   590:        6.000        6.000        6.000        6.000       25.000
   595:       24.000       12.000       13.000        8.000        5.000
   600:       17.000       18.000       14.000       10.000       19.000
   605:       11.000        6.000        6.000        6.000        6.000
   610:        6.000        6.000        6.000        6.000        6.000
   615:        6.000        6.000        6.000        6.000        6.000
   620:        6.000        6.000        6.000        6.000        6.000
   625:        6.000        6.000        6.000        6.000        6.000
   630:        6.000        6.000        6.000        6.000        6.000
   635:        6.000        6.000        6.000        6.000        6.000
   640:        6.000        6.000        6.000        6.000        6.000
   645:        6.000        6.000        6.000        6.000        6.000
   650:        6.000        6.000        6.000        6.000        6.000
   655:        6.000        6.000        6.000        6.000        6.000
   660:        6.000        6.000        6.000        6.000        6.000
   665:        6.000        6.000        6.000        6.000        6.000
   670:        6.000        6.000        6.000        6.000        6.000
   675:        6.000        6.000        6.000        6.000        6.000
   680:        6.000        6.000        6.000        6.000        6.000
   685:        6.000        6.000        6.000        6.000        6.000
   690:        6.000        6.000        6.000        6.000        6.000
   695:        6.000        6.000        6.000        6.000        6.000
   700:        6.000        6.000        6.000        6.000        6.000
   705:        6.000        6.000        6.000        6.000        6.000
   710:        6.000        6.000        6.000        6.000        6.000
   715:        6.000        6.000        6.000        6.000        6.000
   720:        6.000        6.000        6.000        6.000        6.000
   725:        6.000        6.000        6.000        6.000        6.000
   730:        6.000        6.000        6.000        6.000        6.000
   735:        6.000        6.000        6.000        6.000        6.000
   740:        6.000        6.000        6.000        6.000        6.000
   745:        6.000        6.000        6.000        6.000        6.000
   750:        6.000        6.000        6.000        6.000        6.000
   755:        6.000        6.000        6.000        6.000        6.000
   760:        6.000        6.000        6.000        6.000        6.000
   765:        6.000        6.000        6.000        6.000        6.000
   770:        6.000        6.000        6.000        6.000        6.000
   775:        6.000        6.000        6.000       23.000       23.000
   780:       23.000        6.000        6.000        6.000        6.000
   785:        6.000        6.000       23.000       23.000       23.000
   790:        6.000        6.000        6.000        6.000        6.000
   795:        6.000        6.000        6.000        6.000        6.000
   800:        6.000        6.000        6.000        6.000       25.000
   805:       24.000       12.000       13.000        8.000        5.000
   810:       17.000       18.000       14.000       10.000       19.000
   815:       11.000        6.000        6.000        6.000        6.000
   820:        6.000        6.000        6.000        6.000        6.000
   825:        6.000        6.000        6.000        6.000        6.000
   830:        6.000        6.000        6.000        6.000        6.000
   835:        6.000        6.000        6.000        6.000        6.000
   840:        6.000        6.000        6.000        6.000        6.000
   845:        6.000        6.000        6.000        6.000        6.000
   850:        6.000        6.000        6.000        6.000        6.000
   855:        6.000        6.000        6.000        6.000        6.000
   860:        6.000       23.000        6.000        6.000        6.000
   865:        6.000        6.000        6.000        6.000        6.000
   870:        6.000        6.000        6.000        6.000        6.000
   875:        6.000        6.000        6.000        6.000       30.000
   880:       24.000       12.000       13.000        8.000        5.000
   885:       17.000        6.000        6.000       18.000        6.000
   890:        6.000        6.000        6.000        6.000       14.000
   895:       10.000        6.000        6.000       19.000       11.000
   900:       30.000       24.000       12.000       13.000        8.000
   905:        5.000       17.000        6.000        6.000       18.000
   910:       14.000       10.000       19.000       11.000        6.000
   915:        6.000       30.000       24.000       12.000       13.000
   920:        8.000        5.000       17.000       18.000       14.000
   925:       10.000       19.000       11.000        6.000        6.000
   930:        6.000        6.000       30.000       24.000       12.000
   935:       13.000        8.000        5.000       17.000       18.000
   940:       14.000       10.000       19.000       11.000        6.000
   945:        6.000        6.000        6.000        6.000       30.000
   950:       24.000       12.000       13.000        8.000        5.000
   955:       17.000       30.000       12.000       18.000       14.000
   960:       10.000       19.000       11.000       30.000       24.000
   965:       12.000       13.000        8.000        5.000       17.000
   970:       30.000       12.000       30.000       12.000       18.000
   975:        6.000       14.000       10.000        6.000        6.000
   980:        6.000        6.000       19.000       11.000        6.000
   985:       30.000       24.000       12.000       13.000        8.000
   990:        5.000       17.000       30.000       12.000       30.000
   995:       12.000       30.000       12.000       30.000       12.000
  1000:       30.000       12.000       30.000       12.000       30.000
  1005:       12.000        6.000        6.000       18.000        6.000
  1010:       14.000       10.000        6.000       19.000       11.000
  1015:        6.000       30.000       24.000       12.000       13.000
  1020:        8.000        5.000       17.000       30.000       12.000
  1025:       30.000       12.000       30.000       12.000       30.000
  1030:       12.000       30.000       12.000       30.000       12.000
  1035:       30.000       12.000       30.000       12.000       30.000
  1040:       12.000       30.000       12.000       30.000       12.000
  1045:       30.000       12.000       30.000       12.000        6.000
  1050:       18.000       14.000       10.000       19.000       11.000
  1055:        6.000       30.000       24.000       12.000       13.000
  1060:        8.000        5.000       17.000       30.000       12.000
  1065:       30.000       12.000       30.000       12.000       30.000
  1070:       12.000       18.000       14.000       10.000       19.000
  1075:       11.000       30.000       24.000       12.000       13.000
  1080:        8.000        5.000       17.000       18.000       14.000
  1085:       10.000       19.000       11.000        6.000        6.000
  1090:        6.000        6.000       30.000       24.000       12.000
  1095:       13.000        8.000        5.000       17.000       30.000
  1100:       12.000       30.000       12.000       30.000       12.000
  1105:       30.000       12.000       30.000       12.000       30.000
  1110:       12.000       30.000       12.000       30.000       12.000
  1115:       18.000       14.000       10.000       19.000       11.000
  1120:       30.000       24.000       12.000       13.000        8.000
  1125:        5.000       17.000       18.000       14.000       10.000
  1130:       19.000       11.000       25.000       24.000       12.000
  1135:       13.000        8.000        5.000       17.000       18.000
  1140:       14.000       10.000       19.000       11.000        6.000
  1145:        6.000        6.000        6.000        6.000        6.000
  1150:        6.000        6.000        6.000        6.000        6.000
  1155:        6.000        6.000        6.000        6.000        6.000
  1160:        6.000        6.000        6.000        6.000        6.000
  1165:        6.000        6.000        6.000        6.000        6.000
  1170:        6.000        6.000        6.000        6.000        6.000
  1175:        6.000        6.000        6.000        6.000        6.000
  1180:        6.000        6.000        6.000        6.000       25.000
  1185:       24.000       12.000       13.000        8.000        5.000
  1190:       17.000       18.000       14.000       10.000       19.000
  1195:       11.000        6.000        6.000        6.000        6.000
  1200:        6.000        6.000        6.000        6.000        6.000
  1205:        6.000        6.000        6.000        6.000        6.000
  1210:        6.000        6.000        6.000        6.000        6.000
  1215:        6.000        6.000        6.000        6.000        6.000
  1220:        6.000        6.000        6.000        6.000        6.000
  1225:        6.000        6.000        6.000        6.000        6.000
  1230:        6.000        6.000        6.000        6.000        6.000
  1235:        6.000        6.000        6.000        6.000        6.000
  1240:        6.000        6.000        6.000        6.000        6.000
  1245:        6.000        6.000        6.000        6.000        6.000
  1250:        6.000        6.000        6.000        6.000        6.000
  1255:        6.000        6.000        6.000        6.000        6.000
  1260:        6.000      100.000
T:
     0:        0.000        0.000        0.000        0.000       17.270
     5:       17.890       19.630       21.940       23.000       23.840
    10:       23.980       53.430       56.010       56.090       56.240
    15:       60.890       75.040       99.400       99.400       99.400
    20:       99.410       99.410       99.410       99.410       99.410
    25:       99.410      103.410      104.410      104.410      105.770
    30:      105.910      106.380      106.950      108.210      109.120
    35:      109.400      109.410      129.300      142.190      149.280
    40:      150.430      150.500      150.640      150.700      152.780
    45:      153.940      154.140      154.250      154.340      154.670
    50:      155.280      160.870      242.240      246.580      246.690
    55:      250.690      260.740      265.460      265.680      266.370
    60:      266.390      266.830      292.230      307.540      318.470
    65:      326.640      329.030      359.950      363.040      377.900
    70:      379.450      381.500      381.980      382.160      382.220
    75:      382.730      383.460      383.590      389.380      390.610
    80:      390.760      391.130      391.160      391.370      391.470
    85:      391.520      392.100      392.530      392.620      392.660
    90:      393.710      403.140      415.010      416.010      416.070
    95:      416.340      416.910      425.420      426.040      426.160
   100:      426.420      426.470      426.640      427.160      428.490
   105:      428.570      428.850      428.990      429.390      432.780
   110:      434.420      434.940      435.750      436.240      436.340
   115:      436.470      436.880      436.960      438.300      438.600
   120:      438.610      438.690      439.870      440.660      458.510
   125:      476.220      477.410      477.540      477.640      479.910
   130:      482.200      482.330      483.920      484.040      484.060
   135:      484.110      484.440      484.490      484.880      485.050
   140:      487.060      488.290      488.940      489.110      557.940
   145:      572.290      579.180      579.250      598.910      611.980
   150:      612.400      612.920      614.660      619.230      619.370
   155:      621.810      622.520      622.900      630.710      631.360
   160:      679.920      697.030      795.050      795.680      798.340
   165:      798.700      822.540      869.110      872.970      876.190
   170:      876.380      876.510      876.600      885.800      903.860
   175:      904.020      907.600      907.810      907.990      908.660
   180:      908.860      912.100      912.430      912.920      913.090
   185:      913.540      913.680      913.820      914.850      914.860
   190:      915.030      915.810      915.850      917.650      918.120
   195:      918.240      918.350      926.600      927.220      927.650
   200:      927.860      928.020      928.100      931.250      932.750
   205:      933.020      933.040      933.430      933.490      933.710
   210:      933.910      933.930      934.010      934.200      934.350
   215:      934.380      935.470      935.560      935.640      936.070
   220:      937.970      938.120      938.240      938.260      938.920
   225:      939.280      939.480      982.470     1053.290     1055.310
   230:     1057.590     1057.770     1114.940     1115.360     1115.400
   235:     1120.920     1121.470     1121.730     1122.100     1122.650
   240:     1128.000     1128.140     1141.690     1144.990     1146.370
   245:     1146.460     1147.080     1166.450     1166.700     1176.670
   250:     1176.950     1176.990     1196.340     1203.530     1203.790
   255:     1204.060     1205.710     1205.940     1206.040     1206.800
   260:     1207.080     1213.310     1219.900     1220.360     1222.510
   265:     1222.720     1233.610     1233.670     1234.340     1234.550
   270:     1238.860     1242.260     1248.120     1248.130     1249.710
   275:     1254.470     1261.910     1263.260     1264.130     1267.030
   280:     1268.090     1271.620     1271.970     1279.570     1280.610
   285:     1280.800     1295.620     1298.000     1300.030     1306.670
   290:     1307.670     1308.150     1308.590     1308.810     1313.620
   295:     1314.110     1339.450     1339.570     1340.980     1341.090
   300:     1345.370     1347.740     1355.460     1356.510     1356.590
   305:     1365.610     1369.770     1379.690     1382.560     1383.340
   310:     1388.230     1393.260     1401.440     1403.700     1403.720
   315:     1403.770     1404.400     1404.700     1410.110     1429.980
   320:     1430.950     1431.660     1435.180     1435.350     1435.950
   325:     1436.010     1437.010     1437.370     1439.080     1439.750
   330:     1443.000     1448.430     1450.760     1453.440     1462.030
   335:     1466.010     1471.250     1474.890     1480.240     1480.310
   340:     1498.690     1499.200     1499.250     1508.350     1518.570
   345:     1518.940     1519.030     1529.720     1565.530     1571.550
   350:     1572.350     1574.810     1576.430     1576.680     1577.670
   355:     1590.970     1598.310     1599.180     1686.140     1687.020
   360:     1705.180     1711.200     1712.470     1713.030     1719.150
   365:     1736.910     1737.670     1737.750     1739.230     1739.330
   370:     1754.620     1764.560     1792.760     1798.510     1815.910
   375:     1816.760     1825.300     1825.560     1834.910     1846.900
   380:     1847.400     1848.370     1852.950     1854.780     1854.840
   385:     1855.450     1856.070     1856.360     1857.260     1864.910
   390:     1865.810     1866.460     1909.400     1909.410     1909.410
   395:     1909.410     1909.410     1909.410     1909.410     1913.080
   400:     1913.410     1914.410     1914.410     1917.210     1918.110
   405:     1918.880     1919.400     1919.410     1920.140     1931.800
   410:     1950.380     1951.820     1953.380     1962.580     1964.000
   415:     1968.930     1969.580     1985.300     1986.530     1989.360
   420:     1989.490     1996.300     2141.840     2142.610     2153.040
   425:     2204.840     2417.520     2537.630     2538.960     2539.750
   430:     2566.330     2592.100     2722.560     2723.930     2725.770
   435:     2739.060     2766.340     2767.420     2767.800     2779.260
   440:     2820.700     2828.370     2832.010     2961.750     2968.640
   445:     2968.690     2968.760     2977.790     2981.360     2982.310
   450:     2982.410     2982.990     2983.090     2983.840     3006.290
   455:     3009.550     3009.720     3012.720     3033.280     3047.990
   460:     3054.420     3085.270     3085.720     3087.230     3087.250
   465:     3088.760     3088.910     3096.710     3097.260     3097.740
   470:     3109.580     3168.450     3194.940     3224.260     3225.290
   475:     3226.050     3226.490     3234.930     3235.230     3235.300
   480:     3244.590     3244.850     3245.420     3245.550     3245.860
   485:     3247.630     3247.980     3248.050     3249.200     3249.300
   490:     3249.620     3254.520     3254.600     3255.410     3256.220
   495:     3257.110     3257.600     3257.680     3257.860     3261.190
   500:     3262.070     3262.150     3265.180     3265.730     3301.700
   505:     3302.010     3303.100     3319.800     3320.740     3332.600
   510:     3335.800     3341.670     3359.720     3360.770     3363.190
   515:     3367.050     3370.920     3371.540     3376.370     3526.640
   520:     3542.890     3555.640     3556.250     3557.410     3562.820
   525:     3600.250     3623.610     3624.600     3625.520     3626.920
   530:     3627.020     3627.480     3627.520     3628.010     3632.500
   535:     3633.060     3633.110     3634.600     3663.970     3664.230
   540:     3664.910     3665.830     3666.410     3667.860     3668.040
   545:     3668.270     3668.430     3668.470     3669.240     3669.590
   550:     3669.700     3670.270     3670.320     3670.420     3670.630
   555:     3670.700     3672.160     3672.700     3672.740     3673.220
   560:     3673.270     3674.060     3674.750     3675.810     3676.480
   565:     3676.580     3676.620     3676.760     3677.280     3678.960
   570:     3679.000     3685.520     3686.690     3687.130     3688.310
   575:     3692.690     3692.960     3697.280     3709.210     3709.390
   580:     3710.330     3710.500     3710.680     3710.780     3710.890
   585:     3711.640     3711.710     3712.260     3713.030     3713.150
   590:     3713.190     3713.250     3713.300     3713.340     3719.400
   595:     3719.410     3719.410     3719.410     3719.410     3719.410
   600:     3719.410     3723.410     3724.410     3724.410     3729.400
   605:     3729.410     3735.820     3736.220     3739.370     3739.500
   610:     3739.610     3740.790     3741.340     3741.680     3741.770
   615:     3741.800     3743.000     3743.090     3743.120     3744.670
   620:     3745.800     3746.190     3746.200     3746.950     3747.940
   625:     3751.260     3751.320     3751.790     3752.100     3752.830
   630:     3753.610     3753.650     3753.670     3753.840     3754.160
   635:     3754.310     3754.920     3755.300     3755.350     3755.400
   640:     3757.440     3757.610     3757.830     3764.130     3765.200
   645:     3765.230     3765.420     3780.180     3781.940     3783.920
   650:     3808.490     3817.030     3817.980     3818.680     3832.300
   655:     3852.570     3859.590     3860.140     3874.150     3891.730
   660:     3906.730     3912.090     3917.330     3918.630     3918.700
   665:     3923.680     3937.950     3948.300     3950.080     3953.310
   670:     3954.050     3954.490     3954.550     3954.790     3954.840
   675:     3975.970     3976.350     3976.680     3978.850     3979.150
   680:     3986.450     3990.610     3992.860     3997.190     3997.220
   685:     4000.510     4001.330     4017.360     4020.150     4020.900
   690:     4021.000     4021.420     4022.900     4030.710     4031.010
   695:     4032.260     4032.410     4032.480     4032.550     4032.740
   700:     4064.250     4064.700     4104.590     4323.970     4332.880
   705:     4406.160     4624.200     4627.530     4627.740     4628.600
   710:     4667.200     4667.630     4667.710     4667.790     4699.510
   715:     4700.610     4716.320     4761.210     4761.840     4762.340
   720:     4762.490     4776.580     4777.850     4785.310     4790.880
   725:     4791.770     4795.620     4796.180     4799.570     4810.640
   730:     4811.040     4811.240     4811.330     4811.840     4828.850
   735:     4835.940     4836.770     4842.400     4842.500     4842.600
   740:     4842.640     4847.960     4847.980     4848.110     4848.810
   745:     4849.070     4849.590     4849.920     4849.990     4851.320
   750:     4852.120     4852.740     4852.830     4856.240     4856.310
   755:     4856.400     4856.530     4856.570     4861.650     4866.000
   760:     4866.040     4866.070     4867.700     4879.260     4879.300
   765:     4883.140     4883.320     4883.340     4895.650     4895.820
   770:     4896.500     4896.630     4896.720     4896.940     4896.970
   775:     4897.030     4897.730     4909.650     4967.530     4969.540
   780:     4971.970     4974.550     5005.520     5005.560     5012.080
   785:     5016.860     5016.960     5038.780     5046.630     5056.400
   790:     5071.340     5205.750     5206.590     5363.710     5364.260
   795:     5364.310     5422.570     5485.690     5486.380     5486.620
   800:     5508.410     5511.500     5512.240     5512.540     5529.400
   805:     5529.410     5529.410     5529.410     5529.410     5529.410
   810:     5529.410     5533.410     5534.410     5534.410     5539.400
   815:     5539.410     5547.790     5549.950     5549.990     5550.750
   820:     5553.090     5554.850     5558.880     5559.390     5559.640
   825:     5559.810     5560.010     5566.640     5568.030     5568.090
   830:     5585.390     5587.360     5588.830     5598.240     5598.570
   835:     5598.710     5598.930     5599.530     5614.230     5621.560
   840:     5622.720     5623.420     5623.670     5627.090     5627.300
   845:     5628.270     5628.510     5636.240     5636.690     5643.140
   850:     5649.710     5655.500     5656.970     5657.660     5657.870
   855:     5658.100     5658.130     5658.210     5681.520     5681.800
   860:     5721.000     5744.770     5760.370     5831.720     5834.380
   865:     5854.910     5856.210     5856.230     5856.340     5887.650
   870:     5958.130     6000.520     6002.730     6005.930     6022.190
   875:     6360.300     6364.480     6392.670     6392.800     6407.070
   880:     6407.070     6407.070     6407.070     6407.070     6407.070
   885:     6407.070     6410.780     6410.920     6411.070     6411.240
   890:     6411.640     6411.650     6411.720     6411.950     6412.070
   895:     6412.070     6412.560     6412.700     6417.060     6417.070
   900:     6421.300     6421.300     6421.300     6421.300     6421.300
   905:     6421.300     6421.300     6424.000     6424.370     6425.300
   910:     6426.300     6426.300     6431.290     6431.300     6431.980
   915:     6438.550     6448.290     6448.290     6448.290     6448.290
   920:     6448.290     6448.290     6448.290     6452.290     6453.290
   925:     6453.290     6458.280     6458.290     6460.930     6461.620
   930:     6462.300     6463.950     6486.300     6486.300     6486.300
   935:     6486.300     6486.300     6486.300     6486.300     6490.300
   940:     6491.300     6491.300     6496.290     6496.300     6501.660
   945:     6541.460     6542.360     6542.640     6549.030     6558.270
   950:     6558.270     6558.270     6558.270     6558.270     6558.270
   955:     6558.270     6558.770     6558.770     6562.270     6563.270
   960:     6563.270     6568.260     6568.270     6587.680     6587.680
   965:     6587.680     6587.680     6587.680     6587.680     6587.680
   970:     6588.170     6588.170     6588.210     6588.210     6591.680
   975:     6592.320     6592.680     6592.680     6592.770     6593.660
   980:     6593.720     6594.150     6597.670     6597.680     6603.920
   985:     6605.850     6605.850     6605.850     6605.850     6605.850
   990:     6605.850     6605.850     6606.350     6606.350     6606.390
   995:     6606.390     6606.420     6606.420     6606.450     6606.450
  1000:     6606.490     6606.490     6606.520     6606.520     6606.550
  1005:     6606.550     6606.700     6606.920     6609.850     6610.360
  1010:     6610.850     6610.850     6613.820     6615.840     6615.850
  1015:     6620.280     6641.080     6641.080     6641.080     6641.080
  1020:     6641.080     6641.080     6641.080     6641.570     6641.570
  1025:     6641.610     6641.610     6641.660     6641.660     6641.670
  1030:     6641.670     6641.710     6641.710     6641.740     6641.740
  1035:     6641.770     6641.770     6641.810     6641.810     6641.840
  1040:     6641.840     6641.870     6641.870     6641.900     6641.900
  1045:     6641.950     6641.950     6641.970     6641.970     6644.820
  1050:     6645.080     6646.080     6646.080     6651.070     6651.080
  1055:     6675.850     6680.110     6680.110     6680.110     6680.110
  1060:     6680.110     6680.110     6680.110     6680.600     6680.600
  1065:     6680.650     6680.650     6680.670     6680.670     6680.700
  1070:     6680.700     6684.110     6685.110     6685.110     6690.100
  1075:     6690.110     6769.030     6769.030     6769.030     6769.030
  1080:     6769.030     6769.030     6769.030     6773.030     6774.030
  1085:     6774.030     6779.020     6779.030     6800.680     6965.240
  1090:     6965.290     6965.420     7092.410     7092.410     7092.410
  1095:     7092.410     7092.410     7092.410     7092.410     7092.900
  1100:     7092.900     7092.940     7092.940     7092.970     7092.970
  1105:     7093.000     7093.000     7093.040     7093.040     7093.080
  1110:     7093.080     7093.100     7093.100     7093.140     7093.140
  1115:     7096.410     7097.410     7097.410     7102.400     7102.410
  1120:     7321.130     7321.130     7321.130     7321.130     7321.130
  1125:     7321.130     7321.130     7325.130     7326.130     7326.130
  1130:     7331.120     7331.130     7339.400     7339.410     7339.410
  1135:     7339.410     7339.410     7339.410     7339.410     7343.410
  1140:     7344.410     7344.410     7349.400     7349.410     7398.350
  1145:     7400.640     7400.700     7401.210     7476.500     7487.190
  1150:     7516.280     7701.910     7789.380     7791.700     7791.850
  1155:     7792.590     7904.480     7923.910     7944.000     7944.360
  1160:     8216.970     8235.480     8235.660     8257.230     8266.700
  1165:     8308.830     8320.290     8323.850     8323.860     8326.180
  1170:     8332.270     8337.260     8373.780     8470.340     8691.970
  1175:     8711.470     8807.680     8920.660     8940.270     8983.450
  1180:     9011.590     9024.550     9067.860     9119.700     9149.400
  1185:     9149.410     9149.410     9149.410     9149.410     9149.410
  1190:     9149.410     9153.410     9154.410     9154.410     9159.400
  1195:     9159.410     9175.270     9176.340     9219.040     9232.520
  1200:     9233.170     9250.950     9258.160     9322.000     9323.100
  1205:     9334.040     9339.150     9372.520     9500.150     9527.380
  1210:     9562.000     9565.630     9577.840     9591.480     9611.240
  1215:     9630.690     9644.620     9652.220     9673.240     9683.370
  1220:     9729.220     9744.280     9764.720     9764.780     9850.300
  1225:     9917.580     9928.320    10012.690    10104.570    10251.690
  1230:    10257.150    10257.450    10265.590    10340.600    10393.090
  1235:    10431.700    10448.960    10455.560    10455.650    10455.770
  1240:    10462.800    10484.530    10519.110    10526.180    10541.930
  1245:    10545.210    10553.340    10558.050    10566.580    10566.750
  1250:    10567.840    10567.850    10576.410    10580.170    10585.020
  1255:    10589.830    10650.190    10693.460    10714.660    10742.370
  1260:    10792.830    10800.010
