File: C:\MED-PC IV\DATA\!2025-09-02_13h00m.Subject T13



Start Date: 09/02/25
End Date: 09/02/25
Subject: T13
Experiment: OralFentSA
Group: One
Box: 1
Start Time: 13:00:14
End Time: 16:00:23
MSN: Golden_Liq_SelfAdmin_LIT
F:       0.000
G:     911.000
H:   10800.010
I:       0.000
J:       0.000
K:       0.000
L:       0.000
M:       0.000
N:       0.000
O:       0.000
P:       0.000
Q:       0.000
R:       0.000
S:       0.000
U:       0.000
V:       0.000
W:       0.000
X:       0.000
Y:       0.000
Z:       0.000
A:
     0:        0.000        0.000      180.000        4.000        0.000
     5:        5.000        0.000        5.000        0.000        0.000
    10:        1.000        0.000       10.000 300000000.00       21.000
    15:       12.000      320.000        0.000        0.000        0.000
    20:        0.000
B:
     0:        0.000        0.000        0.000      400.000        0.000
     5:      500.000        0.000      500.000        0.000        0.000
    10:        0.000        0.000     1000.000 30000000000.        0.000
    15:        0.000        0.000        0.000        0.000        0.000
    20:        0.000
C:
     0:       12.000       13.000        0.000       14.000      756.000
     5:    10753.150        2.290       12.000       23.220        1.935
    10:       14.000        3.000        0.000        0.000        0.000
    15:        0.000        0.000        0.000        0.000        0.000
    20:        0.000
D:
     0:        1.400        1.290        0.970        2.220        1.710
     5:        3.130        2.120        0.880        0.900        5.060
    10:        1.250        2.290
E:
     0:       19.000       11.000       26.000       27.000        6.000
     5:        6.000        6.000        6.000        6.000        6.000
    10:        6.000        6.000        6.000        6.000        6.000
    15:        6.000        6.000        2.000        4.000       22.000
    20:       24.000       13.000        8.000        5.000       17.000
    25:        6.000       18.000        6.000        6.000       14.000
    30:       10.000        6.000        6.000       19.000        6.000
    35:        6.000        6.000        6.000        6.000        6.000
    40:        6.000        6.000        6.000        6.000        6.000
    45:        6.000        6.000        6.000        6.000        6.000
    50:        6.000        6.000        6.000        6.000        6.000
    55:        6.000        6.000        6.000        6.000        6.000
    60:        6.000        6.000        6.000        6.000        6.000
    65:        6.000       23.000        6.000        6.000        6.000
    70:        6.000        6.000        6.000        6.000        6.000
    75:        6.000        2.000        4.000       22.000       24.000
    80:       13.000        8.000        5.000       17.000        6.000
    85:        6.000       18.000        6.000       14.000       10.000
    90:        6.000        6.000       19.000        6.000        6.000
    95:       23.000       23.000        6.000        6.000        6.000
   100:        6.000        6.000        6.000        6.000        6.000
   105:        6.000        6.000        6.000        6.000        6.000
   110:        6.000        6.000        6.000        6.000        6.000
   115:        6.000        6.000        6.000        6.000        6.000
   120:        6.000        6.000        6.000        6.000        6.000
   125:        6.000        6.000        6.000        6.000        6.000
   130:        6.000        6.000        6.000        6.000        6.000
   135:        6.000        6.000        6.000        6.000        6.000
   140:        6.000        6.000        6.000        6.000        6.000
   145:        6.000        6.000        6.000        6.000        6.000
   150:        6.000        6.000        6.000        6.000        6.000
   155:        6.000        6.000        6.000        6.000        6.000
   160:        6.000        6.000        6.000        6.000        6.000
   165:        6.000        6.000        6.000        6.000        6.000
   170:        6.000        6.000        6.000        6.000        6.000
   175:        6.000        6.000        6.000        6.000        6.000
   180:        6.000        6.000        2.000        4.000       22.000
   185:       24.000       13.000        8.000        5.000       17.000
   190:        6.000        6.000        6.000       18.000        6.000
   195:       14.000       10.000        6.000        6.000        6.000
   200:       19.000        6.000        6.000        6.000        6.000
   205:        6.000        6.000        6.000        6.000        2.000
   210:        4.000       22.000       24.000       13.000        8.000
   215:        5.000       17.000        6.000       18.000       14.000
   220:       10.000       19.000        6.000        6.000        6.000
   225:        6.000        6.000        6.000        6.000        6.000
   230:        6.000        6.000        6.000        6.000        6.000
   235:        6.000        6.000        6.000        6.000        6.000
   240:        6.000        6.000        6.000        6.000        6.000
   245:        6.000        6.000        6.000        6.000        6.000
   250:        6.000        6.000        6.000        6.000        6.000
   255:        6.000        6.000        6.000        6.000        6.000
   260:        6.000        6.000        6.000        6.000        6.000
   265:        6.000        6.000        6.000        6.000        6.000
   270:        6.000        6.000        6.000        6.000        6.000
   275:        6.000        6.000        6.000        6.000        6.000
   280:        6.000        6.000        6.000        6.000        6.000
   285:        6.000        6.000        6.000        6.000        6.000
   290:        6.000        6.000        6.000        6.000        6.000
   295:        6.000        6.000        6.000        6.000        6.000
   300:        6.000        6.000        6.000        6.000        6.000
   305:        6.000        6.000        6.000        6.000        6.000
   310:        6.000        6.000        6.000        6.000        6.000
   315:        6.000        6.000        6.000        6.000        6.000
   320:        6.000        6.000        6.000        6.000        6.000
   325:        6.000        6.000        6.000        6.000        6.000
   330:        6.000        6.000        6.000        6.000        6.000
   335:        6.000        6.000        6.000        6.000        6.000
   340:        6.000        6.000        6.000        6.000        6.000
   345:        6.000        6.000        6.000        6.000        6.000
   350:        6.000        6.000        6.000        6.000        6.000
   355:        6.000        6.000        6.000        6.000        6.000
   360:        6.000        6.000        6.000        6.000        6.000
   365:        6.000        6.000        6.000        6.000        6.000
   370:        6.000        6.000        6.000        6.000        6.000
   375:        6.000        6.000        6.000        6.000        6.000
   380:        6.000        6.000        6.000        6.000        6.000
   385:        6.000        6.000        6.000        6.000        6.000
   390:        6.000        6.000        6.000        6.000        6.000
   395:        6.000        6.000        6.000        6.000        6.000
   400:        6.000        6.000        6.000        6.000        6.000
   405:        6.000        6.000        6.000        6.000        6.000
   410:        6.000        6.000        6.000        6.000        6.000
   415:        6.000        6.000        6.000        6.000        6.000
   420:        6.000        6.000        6.000        6.000        6.000
   425:        6.000        6.000        6.000        6.000        6.000
   430:        6.000        6.000        6.000        6.000        6.000
   435:        6.000        6.000        6.000        6.000        6.000
   440:        6.000        6.000        6.000        6.000        6.000
   445:        6.000        6.000        6.000        6.000        6.000
   450:        6.000        6.000        6.000        6.000        6.000
   455:        6.000        6.000        6.000        6.000        6.000
   460:        6.000        6.000        6.000        6.000        6.000
   465:        6.000        6.000        6.000        2.000        4.000
   470:       22.000       24.000       13.000        8.000        5.000
   475:       17.000        6.000        6.000       18.000       14.000
   480:       10.000       21.000       22.000        6.000       19.000
   485:        6.000        6.000        6.000        6.000        6.000
   490:        6.000        6.000        6.000        6.000        6.000
   495:        6.000        6.000        6.000        6.000        6.000
   500:        6.000        6.000        6.000        6.000        6.000
   505:        6.000        6.000        6.000        6.000        6.000
   510:        6.000        6.000        6.000        6.000        6.000
   515:        6.000        6.000        6.000        6.000        6.000
   520:        6.000        6.000        6.000        6.000        6.000
   525:        6.000        6.000        6.000        6.000        6.000
   530:        6.000        6.000        6.000        6.000        6.000
   535:        6.000        6.000        6.000        6.000        6.000
   540:        6.000        6.000        6.000        6.000        6.000
   545:        6.000        6.000        6.000        6.000        6.000
   550:        6.000        6.000        6.000        6.000        6.000
   555:        6.000        6.000        6.000        6.000        6.000
   560:        6.000        6.000        6.000        6.000        6.000
   565:        6.000        6.000        6.000        6.000        2.000
   570:        4.000       22.000       24.000       13.000        8.000
   575:        5.000       17.000        6.000       18.000        6.000
   580:        6.000       14.000       10.000        6.000       19.000
   585:        6.000        6.000        6.000        6.000        6.000
   590:        6.000        6.000        6.000        6.000        6.000
   595:        6.000        6.000        6.000        6.000        6.000
   600:        6.000        6.000        6.000        6.000        6.000
   605:        6.000        6.000        6.000        6.000        6.000
   610:        6.000        6.000        6.000        6.000        6.000
   615:        6.000        6.000        6.000        6.000        6.000
   620:        6.000        6.000        6.000        6.000        6.000
   625:        6.000        6.000        6.000        6.000        6.000
   630:        6.000        6.000        6.000        6.000        6.000
   635:        6.000        6.000        6.000        6.000        6.000
   640:        6.000        6.000        6.000        6.000        6.000
   645:        6.000        6.000        6.000        6.000        6.000
   650:        6.000        6.000        6.000        6.000        6.000
   655:        6.000        6.000        6.000        6.000        6.000
   660:        6.000        6.000        6.000        6.000        6.000
   665:        6.000        6.000        6.000        6.000        6.000
   670:        6.000        6.000        6.000        2.000        4.000
   675:       22.000       24.000       13.000        8.000        5.000
   680:       17.000        6.000        6.000       18.000        6.000
   685:       14.000       10.000        6.000       19.000        6.000
   690:        6.000        6.000        6.000        6.000        6.000
   695:        6.000        6.000        6.000        6.000        6.000
   700:        6.000        6.000        6.000        6.000        6.000
   705:        6.000        6.000        6.000        6.000        6.000
   710:        6.000        6.000        6.000        6.000        6.000
   715:        6.000        6.000        6.000        6.000        6.000
   720:        6.000        2.000        4.000       22.000       24.000
   725:       13.000        8.000        5.000       17.000        6.000
   730:        6.000       18.000       14.000       10.000        6.000
   735:        6.000        6.000        6.000       19.000        6.000
   740:        6.000        6.000        6.000        6.000        6.000
   745:        6.000        6.000        6.000        6.000        6.000
   750:        6.000        6.000        6.000        2.000        4.000
   755:       22.000       24.000       13.000        8.000        5.000
   760:       17.000        6.000       18.000       14.000       10.000
   765:       19.000        6.000        6.000        6.000        6.000
   770:        6.000        6.000        6.000        6.000        6.000
   775:        6.000        6.000        6.000        6.000        6.000
   780:        6.000        6.000        6.000        6.000        6.000
   785:        6.000        6.000        6.000        6.000        6.000
   790:        6.000        6.000        6.000        6.000        6.000
   795:        6.000        6.000        6.000        6.000        6.000
   800:        6.000        6.000        6.000        6.000        6.000
   805:        6.000        6.000        6.000        6.000        6.000
   810:        6.000        6.000        6.000        6.000        6.000
   815:        6.000        6.000        6.000        2.000        4.000
   820:       22.000       24.000       13.000        8.000        5.000
   825:       17.000       21.000       22.000       18.000       14.000
   830:       10.000        6.000        6.000        6.000        6.000
   835:       19.000        2.000        4.000       22.000       24.000
   840:       13.000        8.000        5.000       17.000        6.000
   845:        6.000       18.000       14.000       10.000        6.000
   850:       19.000        6.000        6.000        6.000        6.000
   855:        6.000        6.000        6.000        6.000        6.000
   860:        6.000        6.000        6.000        6.000        6.000
   865:        6.000        6.000        6.000        6.000        6.000
   870:        6.000        6.000        6.000        6.000        6.000
   875:        6.000        6.000        6.000        6.000        6.000
   880:        6.000        2.000        4.000       22.000       24.000
   885:       13.000        8.000        5.000       17.000        6.000
   890:        6.000       18.000       14.000       10.000        6.000
   895:        6.000       19.000        6.000        6.000        6.000
   900:        6.000        6.000        6.000        6.000        6.000
   905:        6.000        6.000        6.000        6.000        6.000
   910:        6.000      100.000
T:
     0:        0.000        0.000        0.000        0.000       18.150
     5:       29.160       29.770       30.750       30.800       33.050
    10:       36.760       57.960       58.180      115.290      115.620
    15:      117.910      118.070      123.850      123.850      123.850
    20:      123.860      123.860      123.860      123.860      123.860
    25:      125.260      127.860      128.360      128.580      128.860
    30:      128.860      130.410      132.870      133.850      137.270
    35:      154.280      170.890      171.070      184.920      186.640
    40:      191.050      197.360      209.310      220.760      227.360
    45:      232.540      249.800      252.700      253.940      267.850
    50:      268.240      270.810      270.880      271.290      288.930
    55:      337.130      342.920      344.270      348.400      349.570
    60:      349.650      351.050      363.070      363.480      363.640
    65:      363.950      374.530      398.460      401.110      401.740
    70:      408.120      462.840      483.380      484.050      513.830
    75:      514.840      562.970      562.970      562.970      562.980
    80:      562.980      562.980      562.980      562.980      564.270
    85:      566.830      566.980      567.250      567.980      567.980
    90:      572.160      572.590      572.970      574.910      575.720
    95:      601.010      602.430      609.680      610.400      617.680
   100:      622.320      630.980      631.590      631.660      631.830
   105:      636.080      651.960      654.200      675.740      677.080
   110:      678.390      679.490      682.670      683.020      684.310
   115:      685.810      685.860      686.830      688.110      688.660
   120:      688.800      689.180      689.440      689.830      690.190
   125:      690.600      690.940      693.030      694.770      695.390
   130:      696.900      696.990      697.120      699.260      751.580
   135:      761.030      766.410      766.760      767.110      769.440
   140:      770.280      771.820      772.710      773.460      775.080
   145:      778.400      778.950      779.730      780.490      780.610
   150:      782.110      784.820      786.270      786.680      796.590
   155:      796.690      796.950      801.090      801.260      801.430
   160:      801.710      801.870      802.030      803.350      823.460
   165:      824.440      825.410      826.400      832.620      833.830
   170:      835.980      836.090      836.280      836.310      836.500
   175:      836.630      953.110      953.420      953.470      953.820
   180:      953.930      956.860      960.430      960.430      960.430
   185:      960.440      960.440      960.440      960.440      960.440
   190:      961.410      962.790      962.910      964.440      965.040
   195:      965.440      965.440      966.740      967.040      967.460
   200:      970.430      973.710      973.790      975.450      985.550
   205:      991.160     1004.280     1030.160     1031.380     1115.970
   210:     1115.970     1115.970     1115.980     1115.980     1115.980
   215:     1115.980     1115.980     1118.200     1119.980     1120.980
   220:     1120.980     1125.970     1266.170     1267.930     1271.240
   225:     1284.800     1285.180     1295.140     1337.700     1337.780
   230:     1417.770     1419.390     1419.590     1419.670     1425.700
   235:     1563.710     1673.000     1673.100     1673.560     1673.610
   240:     1789.310     1789.830     1789.850     1789.930     1790.110
   245:     1790.180     1989.470     2243.040     2243.160     2245.990
   250:     2246.140     2249.050     2249.880     2250.020     2257.420
   255:     2319.770     2384.000     2788.320     2788.720     2788.780
   260:     2791.500     2792.090     2794.330     2795.150     2796.980
   265:     2798.160     2800.500     2800.970     2802.230     2802.740
   270:     2803.560     2803.820     2807.260     2807.920     2808.340
   275:     2808.480     2812.710     2817.450     2818.480     2822.760
   280:     2824.070     2825.250     2826.910     2829.100     2829.270
   285:     2830.320     2833.490     2833.530     2834.000     2834.040
   290:     2834.250     2834.470     2837.210     2837.380     2837.960
   295:     2838.140     2838.310     2839.230     2839.270     2842.030
   300:     2843.590     2848.780     2848.810     2849.040     2850.940
   305:     2862.090     2862.610     2866.430     2883.000     2884.020
   310:     2886.150     2888.760     2890.620     2890.690     2895.240
   315:     2895.270     2908.240     2914.660     2916.070     2921.000
   320:     2921.710     2921.870     2921.960     2922.070     2922.250
   325:     2922.430     2922.580     2924.390     2925.030     2925.110
   330:     2925.580     2929.690     2930.100     2930.520     2930.640
   335:     2932.800     2933.030     2933.100     2933.280     2933.430
   340:     2933.650     2933.770     2933.810     2933.960     2935.140
   345:     2935.400     2935.750     2936.110     2937.080     2939.060
   350:     2942.220     2953.480     2953.840     2955.160     2955.780
   355:     2958.420     2960.530     2964.840     2968.770     3030.250
   360:     3361.930     3362.710     3362.750     3363.320     3363.570
   365:     3367.810     3368.600     3370.520     3370.660     3372.150
   370:     3372.270     3374.360     3374.920     3386.740     3389.080
   375:     3390.230     3406.580     3406.850     3427.230     3428.610
   380:     3429.400     3435.410     3464.340     3966.960     3967.550
   385:     3967.570     3971.820     3972.600     3973.170     3973.300
   390:     3973.530     3997.240     3997.810     3997.980     3998.030
   395:     3998.650     3998.770     3998.800     3998.860     3999.260
   400:     4002.410     4003.740     4004.100     4006.040     4008.880
   405:     4009.070     4009.960     4011.820     4012.850     4012.880
   410:     4013.680     4013.920     4014.750     4014.820     4015.330
   415:     4015.570     4015.880     4018.830     4018.850     4019.100
   420:     4019.180     4019.430     4019.470     4019.620     4019.670
   425:     4019.920     4020.850     4026.720     4028.180     4044.980
   430:     4045.580     4046.380     4050.450     4093.650     4094.430
   435:     4094.730     4095.490     4095.720     4097.780     4097.890
   440:     4097.990     4098.410     4098.510     4098.560     4099.640
   445:     4099.690     4099.830     4102.220     4102.250     4102.300
   450:     4102.540     4102.820     4104.290     4104.520     4104.540
   455:     4104.670     4105.620     4105.710     4105.840     4106.090
   460:     4119.800     4120.360     4130.020     4151.480     4151.740
   465:     4151.770     4151.960     4153.750     4163.490     4163.490
   470:     4163.490     4163.500     4163.500     4163.500     4163.500
   475:     4163.500     4165.210     4166.130     4167.500     4168.500
   480:     4168.500     4168.910     4168.910     4172.930     4173.490
   485:     4175.190     4176.540     4213.670     4215.810     4219.360
   490:     4219.550     4309.480     4310.270     4313.240     4314.080
   495:     4314.390     4315.900     4316.730     4316.970     4317.370
   500:     4327.690     4329.010     4367.660     4368.170     4390.730
   505:     4393.790     4393.910     4394.240     4399.020     4406.200
   510:     4416.820     4417.510     4417.540     4417.640     4417.660
   515:     4417.690     4417.940     4418.000     4418.890     4418.930
   520:     4439.640     4444.320     4444.830     4445.530     4460.550
   525:     4461.880     4462.340     4470.090     4471.490     4471.960
   530:     4472.020     4472.340     4474.120     4476.550     4476.780
   535:     4477.210     4486.770     4491.400     4493.350     4493.610
   540:     4493.780     4494.020     4497.360     4510.200     4511.870
   545:     4513.050     4514.480     4514.970     4516.440     4517.250
   550:     4517.920     4517.940     4524.900     4525.800     4525.870
   555:     4534.330     4534.380     4593.080     4624.120     4650.390
   560:     5382.350     5382.770     5384.090     5384.160     5416.280
   565:     5417.280     5421.900     5475.570     5590.620     5593.760
   570:     5593.760     5593.760     5593.770     5593.770     5593.770
   575:     5593.770     5593.770     5596.900     5597.770     5598.000
   580:     5598.140     5598.770     5598.770     5599.690     5603.760
   585:     5950.000     5952.210     5952.340     5952.460     5952.800
   590:     6368.460     6371.760     6373.650     6378.660     6463.190
   595:     6465.420     6466.380     6466.630     6479.430     6483.590
   600:     6492.390     6496.780     6499.440     6672.390     6749.400
   605:     7424.990     7427.360     7427.530     7429.780     7430.360
   610:     7430.390     7432.020     7434.670     7436.860     7439.830
   615:     7442.660     7452.620     7455.290     7455.700     7461.070
   620:     7490.490     7491.530     7493.220     7493.300     7494.030
   625:     7495.060     7496.670     7504.010     7504.390     7508.200
   630:     7508.360     7508.700     7511.270     7511.690     7512.480
   635:     7519.940     7523.550     7523.940     7525.170     7525.250
   640:     7525.940     7531.660     7547.310     7547.440     7549.560
   645:     7550.380     7551.170     7551.370     7551.500     7553.530
   650:     7553.840     7556.790     7556.820     7558.410     7563.790
   655:     7563.890     7563.910     7563.950     7564.020     7564.090
   660:     7568.760     7568.910     7569.360     7569.670     7574.000
   665:     7575.550     7604.370     7606.720     7607.270     7652.950
   670:     7654.110     7660.930     7663.960     7666.840     7666.840
   675:     7666.840     7666.850     7666.850     7666.850     7666.850
   680:     7666.850     7668.970     7670.720     7670.850     7671.660
   685:     7671.850     7671.850     7673.890     7676.840     7677.880
   690:     7678.120     7678.640     7680.510     7680.750     7681.850
   695:     7684.730     7702.570     7702.710     7707.510     7708.830
   700:     7708.960     7709.200     7709.280     7713.060     7724.210
   705:     7725.120     7730.210     7745.930     7746.190     7788.280
   710:     8184.110     8185.480     8186.420     8186.460     8186.670
   715:     8186.690     8239.160     8241.300     8243.680     8252.550
   720:     8253.150     8262.930     8262.930     8262.930     8262.940
   725:     8262.940     8262.940     8262.940     8262.940     8263.820
   730:     8266.300     8266.940     8267.940     8267.940     8268.070
   735:     8269.400     8270.140     8272.090     8272.930     8272.970
   740:     8273.230     8275.860     8276.910     8277.030     8277.390
   745:     8277.670     8277.690     8277.980     8278.290     8282.780
   750:     8283.280     8329.530     8331.680     8341.080     8341.080
   755:     8341.080     8341.090     8341.090     8341.090     8341.090
   760:     8341.090     8341.990     8345.090     8346.090     8346.090
   765:     8351.080     9205.090     9207.220     9208.070     9208.200
   770:     9210.700     9211.100     9211.270     9212.290     9212.870
   775:     9212.900     9213.410     9213.930     9214.000     9214.200
   780:     9214.350     9214.420     9215.900     9272.280     9274.880
   785:     9275.280     9275.370     9275.530     9334.020     9338.490
   790:     9338.650     9341.150     9341.190     9341.280    10160.960
   795:    10171.060    10187.470    10187.880    10188.630    10189.170
   800:    10191.320    10386.720    10387.250    10390.210    10390.540
   805:    10394.320    10395.840    10396.470    10397.230    10490.440
   810:    10491.840    10492.850    10493.120    10498.880    10499.050
   815:    10499.240    10504.330    10575.200    10583.730    10583.730
   820:    10583.730    10583.740    10583.740    10583.740    10583.740
   825:    10583.740    10584.080    10584.080    10587.740    10588.740
   830:    10588.740    10588.800    10590.190    10591.950    10593.550
   835:    10593.730    10596.570    10596.570    10596.570    10596.580
   840:    10596.580    10596.580    10596.580    10596.580    10597.830
   845:    10598.830    10600.580    10601.580    10601.580    10602.660
   850:    10606.570    10607.060    10607.480    10609.850    10610.420
   855:    10611.160    10611.840    10611.940    10618.710    10620.120
   860:    10623.320    10623.480    10624.260    10631.410    10667.570
   865:    10669.200    10669.760    10687.320    10687.830    10689.160
   870:    10702.450    10709.170    10709.740    10711.500    10711.630
   875:    10714.600    10714.950    10721.020    10722.820    10722.870
   880:    10724.610    10753.140    10753.140    10753.140    10753.150
   885:    10753.150    10753.150    10753.150    10753.150    10755.440
   890:    10756.630    10757.150    10758.150    10758.150    10758.920
   895:    10759.090    10763.140    10780.900    10782.740    10783.050
   900:    10783.910    10786.160    10786.320    10787.500    10789.100
   905:    10789.440    10789.980    10790.250    10791.790    10791.890
   910:    10792.110    10800.010
