File: C:\MED-PC IV\DATA\!2025-09-16_10h33m.Subject T18



Start Date: 09/16/25
End Date: 09/16/25
Subject: T18
Experiment: OralFentSA
Group: One
Box: 6
Start Time: 10:33:06
End Time: 13:33:12
MSN: Golden_Liq_SelfAdmin_EXT_LIT
F:       0.000
G:     374.000
H:   10800.010
I:       0.000
J:       0.000
K:       0.000
L:       0.000
M:       0.000
N:       0.000
O:       0.000
P:       0.000
Q:       0.000
R:       0.000
S:       0.000
U:       0.000
V:       0.000
W:       0.000
X:       0.000
Y:       0.000
Z:       0.000
A:
     0:        0.000        0.000      180.000        4.000        0.000
     5:        5.000        0.000        5.000        0.000        0.000
    10:        1.000        0.000       10.000 100000000.00       23.000
    15:       20.000      640.000        0.000        0.000        0.000
    20:        0.000
B:
     0:        0.000        0.000        0.000        0.000        0.000
     5:        0.000        0.000        0.000        0.000        0.000
    10:        0.000        0.000     1000.000 10000000000.        0.000
    15:        0.000        0.000        0.000        0.000        0.000
    20:        0.000
C:
     0:        0.000        2.000        0.000        1.000      350.000
     5:     1766.660       48.340        1.000       48.340       48.340
    10:        1.000       15.000        0.000        0.000        0.000
    15:        0.000        0.000        0.000        0.000        0.000
    20:        0.000
D:
     0:       48.340
E:
     0:       19.000       11.000       26.000       27.000        6.000
     5:        6.000        6.000        6.000        6.000        6.000
    10:        6.000        6.000        6.000        6.000        6.000
    15:        6.000        6.000        6.000        6.000        6.000
    20:        6.000        6.000        6.000        6.000        6.000
    25:        6.000        6.000        6.000        6.000        6.000
    30:        6.000        6.000        6.000        6.000        6.000
    35:        6.000        6.000        6.000        6.000        6.000
    40:        6.000        6.000        6.000        6.000        6.000
    45:        6.000        6.000        6.000        6.000        6.000
    50:        6.000        6.000        6.000        6.000        6.000
    55:        6.000        6.000        6.000        6.000        6.000
    60:        6.000        6.000        6.000        6.000        6.000
    65:        6.000        6.000        6.000        6.000        6.000
    70:        6.000        6.000        6.000        6.000        6.000
    75:        6.000        6.000        6.000        6.000        6.000
    80:        6.000        6.000        6.000        6.000        6.000
    85:        6.000        6.000        6.000        6.000        6.000
    90:        6.000        6.000        6.000        6.000        6.000
    95:        6.000        6.000        6.000        6.000        6.000
   100:        6.000        6.000        6.000        6.000        6.000
   105:        6.000        6.000        6.000        6.000        6.000
   110:        6.000        6.000        6.000        6.000        6.000
   115:        6.000        6.000        6.000        6.000        6.000
   120:        6.000        6.000        6.000        6.000        6.000
   125:        6.000        6.000        6.000        6.000        6.000
   130:        6.000        6.000        6.000        6.000        6.000
   135:        6.000        6.000        6.000        6.000        6.000
   140:        6.000        6.000        6.000        6.000        6.000
   145:        6.000        6.000        6.000        6.000        6.000
   150:        6.000        6.000        6.000        6.000        6.000
   155:        6.000        6.000        6.000        6.000        6.000
   160:        6.000        6.000        6.000        6.000        6.000
   165:        6.000        6.000        6.000        6.000        6.000
   170:        6.000        6.000        6.000        6.000        6.000
   175:        6.000        6.000        6.000        6.000        6.000
   180:        6.000        6.000        6.000        6.000        6.000
   185:        6.000        6.000        6.000        6.000        6.000
   190:        6.000        6.000        6.000        6.000        6.000
   195:        6.000        6.000        6.000        6.000        6.000
   200:        6.000        6.000        2.000        4.000       22.000
   205:       24.000       19.000        6.000        6.000       23.000
   210:       23.000       23.000       23.000        6.000        6.000
   215:        6.000        6.000        6.000        6.000        6.000
   220:        6.000        6.000        6.000        6.000        6.000
   225:        6.000        6.000        6.000        6.000        6.000
   230:        6.000        6.000        6.000        6.000        6.000
   235:        6.000        6.000        6.000       23.000       23.000
   240:        6.000        6.000        6.000        6.000        6.000
   245:        6.000        6.000        6.000        6.000        6.000
   250:        6.000        6.000        6.000        6.000        6.000
   255:        6.000        6.000        6.000        6.000        6.000
   260:        6.000        6.000        6.000        6.000        6.000
   265:        6.000        6.000        6.000        6.000        6.000
   270:        6.000        6.000        6.000        6.000        6.000
   275:        6.000        6.000        6.000        6.000        6.000
   280:        6.000        6.000        6.000        6.000        6.000
   285:        6.000        6.000        6.000        6.000        6.000
   290:        6.000        6.000        6.000       23.000       23.000
   295:        6.000        6.000        6.000       23.000       23.000
   300:       23.000       23.000       23.000       23.000        6.000
   305:        6.000        6.000        6.000        6.000        6.000
   310:        6.000        6.000        6.000        6.000        6.000
   315:        6.000        6.000        6.000        6.000        6.000
   320:        6.000        6.000        6.000        6.000        6.000
   325:        6.000        6.000        6.000        6.000        6.000
   330:        6.000        6.000        6.000        6.000        6.000
   335:        6.000        6.000        6.000        6.000        6.000
   340:        6.000        6.000        6.000        6.000        6.000
   345:        6.000       23.000        6.000        6.000        6.000
   350:        6.000        6.000        6.000        6.000        6.000
   355:        6.000        6.000        6.000        6.000        6.000
   360:        6.000        6.000        6.000        6.000        6.000
   365:        6.000        6.000        6.000        6.000        6.000
   370:        6.000        6.000        6.000        6.000      100.000
T:
     0:        0.000        0.000        0.000        0.000        7.050
     5:        8.880       33.640       35.150       67.630      108.660
    10:      108.790      110.450      110.610      132.730      144.140
    15:      145.700      145.730      145.780      148.070      154.890
    20:      176.700      177.020      216.850      226.570      238.050
    25:      238.100      238.660      238.720      238.750      239.720
    30:      239.810      239.830      239.950      241.180      242.800
    35:      242.930      245.240      324.850      332.340      365.290
    40:      374.360      396.020      430.160      506.670      507.710
    45:      508.790      508.880      508.970      512.680      512.890
    50:      518.500      548.510      549.340      552.100      560.820
    55:      568.780      569.200      575.650      581.530      586.980
    60:      587.020      588.340      610.890      610.900      610.930
    65:      611.030      618.440      620.890      635.350      665.800
    70:      667.420      776.580      776.640      776.760      779.460
    75:      779.680      818.020      832.760      833.050      833.100
    80:      833.180      833.420      833.640      833.720      833.870
    85:      833.890      833.990      835.040      840.840      844.620
    90:      845.100      874.330      877.520      898.350      898.410
    95:      934.260      935.740      965.190      965.580      965.780
   100:      966.260     1024.990     1027.350     1043.570     1044.570
   105:     1044.690     1045.020     1045.930     1060.110     1060.170
   110:     1060.260     1060.490     1071.730     1078.760     1079.170
   115:     1080.040     1082.030     1099.260     1101.810     1105.160
   120:     1107.480     1120.300     1120.380     1123.590     1124.790
   125:     1131.010     1133.600     1133.750     1134.130     1134.220
   130:     1145.110     1168.430     1168.550     1186.720     1186.730
   135:     1186.840     1186.850     1188.970     1193.950     1219.610
   140:     1219.630     1221.540     1224.870     1227.480     1227.720
   145:     1228.490     1228.550     1229.550     1230.680     1247.080
   150:     1247.120     1247.170     1247.420     1247.430     1248.080
   155:     1248.450     1248.610     1250.920     1252.960     1253.410
   160:     1256.080     1256.350     1256.670     1257.410     1257.610
   165:     1257.980     1275.880     1276.030     1276.070     1278.340
   170:     1369.980     1373.640     1374.590     1375.540     1375.610
   175:     1380.240     1419.490     1421.130     1421.180     1421.860
   180:     1446.340     1446.720     1453.600     1454.190     1454.680
   185:     1470.180     1479.200     1481.410     1486.610     1486.870
   190:     1682.140     1688.400     1688.780     1691.660     1704.930
   195:     1705.210     1705.300     1710.080     1710.360     1710.670
   200:     1714.040     1719.560     1766.650     1766.650     1766.650
   205:     1766.660     1776.650     1815.000     1815.130     1831.140
   210:     1834.570     1836.230     1837.970     1917.310     1951.840
   215:     1952.700     1952.980     2378.590     2378.800     2378.820
   220:     2387.800     2388.310     2388.420     2389.310     2390.360
   225:     2390.970     2395.940     2403.940     2407.780     2409.530
   230:     2599.340     2916.910     2916.980     2938.670     2950.340
   235:     2953.010     2953.070     2956.180     3125.830     3127.930
   240:     3193.570     3230.990     4035.220     4036.210     4043.180
   245:     4043.590     4044.170     4047.060     4049.930     4055.000
   250:     4055.620     4770.450     4774.960     4775.250     4775.490
   255:     4775.510     4776.930     4779.640     4780.410     4780.550
   260:     4781.480     4797.740     4797.830     4798.280     4834.820
   265:     4835.890     4837.370     4837.510     4837.630     4844.730
   270:     4865.530     4866.870     4866.930     4867.820     4868.170
   275:     4868.940     4877.110     4885.770     4887.490     4894.050
   280:     4896.460     4896.820     4899.230     4901.580     4902.830
   285:     4903.420     4908.910     4957.800     4958.020     4961.840
   290:     4970.940     4971.000     4988.140     4998.440     5006.710
   295:     5045.630     5046.830     5046.890     5066.410     5069.960
   300:     5071.190     5072.960     5073.630     5083.250     5159.770
   305:     5161.490     5161.850     5162.100     5222.910     5227.800
   310:     5228.830     5230.350     5230.450     5353.140     5354.320
   315:     5354.680     5354.790     5356.300     5361.190     5372.920
   320:     5372.960     5373.320     5373.350     5373.590     5373.640
   325:     5377.080     5444.310     5444.350     5444.680     5444.720
   330:     5450.850     5450.890     5878.580     5880.790     5881.860
   335:     6200.230     6201.130     6201.970     6206.110     6208.010
   340:     6211.010     6212.690     6212.820     6214.060     6757.490
   345:     6780.200     6792.210     6806.260     6821.950     6823.060
   350:     6823.740     6823.890     6824.050     6827.020     6829.080
   355:     6885.750     6893.340     7903.950    10643.320    10690.910
   360:    10695.130    10738.470    10740.630    10740.920    10741.060
   365:    10741.160    10741.400    10745.730    10774.200    10775.420
   370:    10785.990    10789.260    10790.070    10790.570    10800.010
