File: C:\MED-PC IV\DATA\!2025-05-24_11h31m.Subject T4



Start Date: 05/24/25
End Date: 05/24/25
Subject: T4
Experiment: OralFentSA
Group: One
Box: 4
Start Time: 11:31:26
End Time: 14:31:31
MSN: Golden_Liq_SelfAdmin
F:       0.000
G:     673.000
H:   10800.010
I:       0.000
J:       0.000
K:       0.000
L:       0.000
M:       0.000
N:       0.000
O:       0.000
P:       0.000
Q:       0.000
R:       0.000
S:       0.000
U:       0.000
V:       0.000
W:       0.000
X:       0.000
Y:       0.000
Z:       0.000
A:
     0:        0.000        0.000      180.000        4.000        0.000
     5:        5.000        0.000        5.000        0.000        0.000
    10:        1.000        0.000       10.000 30000000.000       19.000
    15:       10.000      640.000        0.000        0.000        0.000
    20:        0.000
B:
     0:        0.000        0.000        0.000      400.000        0.000
     5:      500.000        0.000      500.000        0.000        0.000
    10:        0.000        0.000     1000.000 3000000000.0        0.000
    15:        0.000        0.000        0.000        0.000        0.000
    20:        0.000
C:
     0:        7.000        8.000        0.000        7.000      565.000
     5:     9864.170       25.700        7.000       65.740        9.391
    10:        7.000        6.000        0.000        0.000        0.000
    15:        0.000        0.000        0.000        0.000        0.000
    20:        0.000
D:
     0:        5.830        6.030       15.630        2.960        2.170
     5:        7.420       25.700
E:
     0:       19.000       11.000       26.000       27.000        6.000
     5:        6.000        6.000        6.000        6.000        6.000
    10:        6.000        6.000        6.000        6.000        6.000
    15:        6.000        6.000        6.000        6.000        6.000
    20:        6.000        6.000        6.000        6.000        6.000
    25:        6.000        6.000        6.000        6.000        6.000
    30:        6.000        6.000        6.000        6.000        6.000
    35:        6.000        6.000        6.000        6.000        6.000
    40:        6.000        6.000        6.000        6.000        6.000
    45:        6.000        2.000        4.000       22.000       24.000
    50:       12.000       13.000        8.000        5.000       17.000
    55:       18.000       14.000       10.000        6.000        6.000
    60:        6.000       19.000       11.000        6.000        6.000
    65:        6.000        6.000        6.000        6.000        6.000
    70:        6.000        6.000        6.000        6.000        6.000
    75:        6.000        6.000        6.000        6.000        6.000
    80:        6.000        6.000        6.000        6.000        6.000
    85:        6.000       23.000        6.000        6.000        6.000
    90:        6.000        6.000        6.000        6.000       23.000
    95:        6.000        6.000        6.000        6.000        6.000
   100:        6.000        6.000        6.000        6.000        6.000
   105:        6.000        6.000        6.000        6.000        6.000
   110:        6.000        6.000        6.000        6.000        6.000
   115:        6.000        6.000        6.000        6.000        6.000
   120:        6.000        6.000        6.000        6.000        6.000
   125:        6.000        6.000        6.000        6.000        6.000
   130:        6.000        6.000        6.000        6.000        6.000
   135:        6.000        6.000        6.000        6.000        6.000
   140:        6.000        6.000        6.000        6.000        6.000
   145:        6.000        6.000        6.000        6.000        6.000
   150:        6.000        6.000        6.000        6.000        6.000
   155:        6.000        6.000        6.000        6.000        6.000
   160:        6.000        6.000        6.000        6.000        6.000
   165:        6.000        6.000        6.000        6.000        6.000
   170:        6.000        6.000        6.000        6.000        6.000
   175:        6.000        6.000        6.000        6.000        6.000
   180:        6.000        6.000        6.000        6.000        6.000
   185:        6.000        6.000        6.000        6.000        6.000
   190:        6.000        6.000        6.000        6.000        6.000
   195:        6.000        6.000        6.000        6.000        6.000
   200:        6.000        6.000        6.000        6.000        6.000
   205:        6.000        6.000        6.000        6.000        6.000
   210:        6.000        6.000        6.000        2.000        4.000
   215:       22.000       24.000       12.000       13.000        8.000
   220:        5.000       17.000       18.000       14.000       10.000
   225:        6.000       19.000       11.000        6.000        6.000
   230:        6.000        6.000        6.000        6.000        6.000
   235:        6.000        6.000        6.000        6.000        6.000
   240:        6.000        6.000        6.000        6.000        6.000
   245:        6.000        6.000        6.000        6.000        6.000
   250:        6.000        6.000        6.000        6.000        6.000
   255:        6.000        6.000        6.000        6.000        6.000
   260:        6.000        6.000        6.000        6.000        6.000
   265:        6.000        6.000        6.000        6.000        6.000
   270:        6.000        6.000        6.000        6.000        6.000
   275:        6.000        6.000        6.000        6.000        6.000
   280:        6.000        6.000        6.000        6.000        6.000
   285:        6.000        6.000        6.000        6.000        6.000
   290:        6.000        6.000        6.000        6.000        6.000
   295:        6.000        6.000        6.000        6.000        6.000
   300:        6.000        6.000        6.000        6.000        6.000
   305:        6.000        6.000        6.000        6.000        6.000
   310:        6.000        6.000        6.000        6.000        6.000
   315:        6.000        6.000        6.000        6.000        6.000
   320:        6.000        6.000        6.000        2.000        4.000
   325:       22.000       24.000       12.000       13.000        8.000
   330:        5.000       17.000       18.000       14.000       10.000
   335:       19.000       11.000        6.000        6.000        6.000
   340:        6.000        6.000        6.000        6.000        6.000
   345:        6.000        6.000        6.000        6.000        6.000
   350:        6.000        6.000        6.000        6.000        6.000
   355:        6.000        6.000        6.000        6.000        6.000
   360:        2.000        4.000       22.000       24.000       12.000
   365:       13.000        8.000        5.000       17.000        6.000
   370:       18.000       14.000       10.000        6.000        6.000
   375:       19.000       11.000        6.000        6.000        6.000
   380:        6.000        6.000        6.000        6.000        6.000
   385:        6.000        6.000        6.000        6.000        6.000
   390:        6.000        6.000        6.000        6.000        6.000
   395:        6.000        6.000        6.000        6.000        6.000
   400:        6.000        6.000        6.000        6.000        6.000
   405:        6.000        6.000        6.000        6.000        6.000
   410:        6.000        6.000        6.000        6.000        6.000
   415:        6.000        6.000        6.000        6.000        6.000
   420:        6.000        6.000        6.000        6.000        6.000
   425:        6.000        6.000        6.000        6.000        6.000
   430:        6.000        6.000        6.000        6.000        6.000
   435:        6.000        6.000        6.000        6.000        6.000
   440:        6.000        6.000        6.000        6.000        6.000
   445:        6.000        6.000        6.000        6.000        6.000
   450:        6.000        6.000        6.000        6.000        6.000
   455:        6.000        6.000        6.000        6.000        6.000
   460:        6.000        6.000        6.000        6.000        6.000
   465:        6.000        6.000        6.000        6.000        6.000
   470:        6.000        6.000        6.000        6.000        6.000
   475:        6.000        6.000        6.000        6.000        6.000
   480:        6.000        6.000        6.000        6.000        6.000
   485:        6.000        6.000        6.000        6.000        6.000
   490:        6.000        6.000        6.000        6.000        6.000
   495:        6.000        6.000        6.000        6.000        6.000
   500:        6.000        6.000        6.000        6.000        6.000
   505:        6.000        6.000        6.000        6.000        2.000
   510:        4.000       22.000       24.000       12.000       13.000
   515:        8.000        5.000       17.000        6.000        6.000
   520:       18.000       14.000       10.000        6.000        6.000
   525:       19.000       11.000        2.000        4.000       22.000
   530:       24.000       12.000       13.000        8.000        5.000
   535:       17.000       18.000       14.000       10.000        6.000
   540:       19.000       11.000        6.000        6.000        6.000
   545:        6.000        6.000        6.000        6.000        6.000
   550:        6.000        6.000        6.000        6.000        6.000
   555:        6.000        6.000        6.000        6.000        6.000
   560:        6.000        6.000        6.000        6.000        6.000
   565:        6.000        6.000        6.000        6.000        6.000
   570:        6.000        6.000        6.000        6.000        6.000
   575:        6.000        6.000        6.000        6.000        6.000
   580:        6.000        6.000        6.000        6.000        6.000
   585:        6.000        6.000        6.000        6.000       23.000
   590:        6.000        6.000        6.000        6.000        6.000
   595:        6.000        6.000        6.000        6.000        6.000
   600:        6.000        6.000        6.000        6.000        6.000
   605:        6.000        6.000        6.000        6.000        6.000
   610:        6.000        6.000        6.000        6.000        6.000
   615:        6.000        6.000        6.000        6.000        6.000
   620:        6.000        6.000        6.000        6.000        6.000
   625:        6.000        6.000        6.000        6.000        6.000
   630:        6.000        6.000        6.000        6.000        6.000
   635:       23.000        6.000        6.000        6.000        6.000
   640:        6.000        6.000        6.000        6.000        6.000
   645:        6.000        2.000        4.000       22.000       24.000
   650:       12.000       13.000        8.000        5.000       17.000
   655:       18.000       14.000       10.000       19.000       11.000
   660:        6.000        6.000        6.000        6.000        6.000
   665:        6.000        6.000       23.000       23.000        6.000
   670:        6.000        6.000        6.000      100.000
T:
     0:        0.000        0.000        0.000        0.000       13.800
     5:       52.050      105.260      159.730      159.840      196.540
    10:      265.580      266.000      266.540      268.850      273.430
    15:      273.510      280.470      281.310      282.680      282.770
    20:      311.180      453.220      454.950      458.150      459.730
    25:      462.490      463.130      463.690      467.070      467.120
    30:      467.130      468.110      469.570      470.760      515.970
    35:      527.920      528.070      586.810      586.860      586.890
    40:      586.950      587.820      593.020      642.300      714.630
    45:      714.740      898.590      898.590      898.590      898.600
    50:      898.600      898.600      898.600      898.600      898.600
    55:      902.600      903.600      903.600      904.430      907.030
    60:      907.420      908.590      908.600      954.920      979.040
    65:      979.280      979.990      980.470      980.510      980.730
    70:      980.920      995.930      997.950     1001.760     1003.270
    75:     1011.780     1041.860     1042.050     1054.730     1055.870
    80:     1057.000     1057.160     1057.280     1057.320     1063.660
    85:     1089.420     1260.550     1277.900     1280.260     1280.710
    90:     1283.630     1532.130     1533.480     1593.510     1607.230
    95:     1614.450     1615.490     1616.000     1616.020     1616.090
   100:     2043.330     2047.820     2051.150     2051.290     2054.470
   105:     2054.540     2054.820     2056.040     2056.210     2057.430
   110:     2058.860     2060.270     2060.700     2061.980     2070.710
   115:     2072.970     2073.040     2073.480     2073.970     2074.430
   120:     2075.290     2099.030     2100.280     2100.900     2101.010
   125:     2102.140     2116.080     2123.710     2123.820     2124.140
   130:     2124.910     2148.410     2157.010     2157.090     2158.230
   135:     2170.270     2176.020     2176.600     2177.270     2177.650
   140:     2192.100     2192.580     2204.640     2210.550     2211.250
   145:     2211.560     2212.850     2212.890     2214.240     2214.270
   150:     2215.130     2215.410     2220.090     2220.220     2220.240
   155:     2220.950     2221.100     2221.260     2221.340     2221.460
   160:     2221.630     2222.460     2223.840     2224.840     2234.140
   165:     2264.850     2302.190     2302.590     2325.980     2326.150
   170:     2326.670     2326.730     2358.300     2395.670     2395.980
   175:     2396.060     2396.190     2396.210     2396.480     2396.640
   180:     2397.060     2405.480     2408.720     2410.310     2410.790
   185:     2524.980     2525.210     2525.490     2556.510     2811.070
   190:     2880.310     2880.620     2938.800     2940.410     2974.860
   195:     3052.830     3057.620     3059.670     3067.810     3093.600
   200:     3103.960     3104.000     3106.970     3108.350     3137.470
   205:     3137.980     3279.540     3279.730     3319.250     3324.530
   210:     3357.240     3445.500     3447.400     3519.010     3519.010
   215:     3519.010     3519.020     3519.020     3519.020     3519.020
   220:     3519.020     3519.020     3523.020     3524.020     3524.020
   225:     3525.050     3529.010     3529.020     3536.790     3562.940
   230:     3563.240     3564.360     3566.020     3570.330     3571.480
   235:     3571.850     3572.290     3572.320     3572.480     3572.600
   240:     3572.620     3572.770     3573.050     3573.090     3573.710
   245:     3574.060     3574.420     3575.290     3575.310     3577.070
   250:     3578.260     3580.360     3581.270     3582.160     3582.180
   255:     3582.580     3584.760     3585.010     3585.050     3585.290
   260:     3585.760     3585.880     3585.910     3586.040     3588.780
   265:     3590.820     3590.950     3590.990     3591.920     3591.970
   270:     3591.990     3593.400     3593.520     3594.990     3595.340
   275:     3595.960     3596.070     3597.220     3598.650     3598.960
   280:     3601.500     3628.740     3630.000     3630.830     3638.520
   285:     3639.690     3640.240     3640.340     3641.180     3643.740
   290:     3644.430     3644.500     3645.520     3646.500     3648.160
   295:     3648.450     3648.510     3648.540     3648.580     3648.610
   300:     3649.190     3649.270     3649.460     3649.590     3649.780
   305:     3650.030     3650.140     3650.260     3650.940     3653.110
   310:     3653.850     3654.120     3654.820     3654.930     3654.940
   315:     3655.040     3655.220     3655.290     3668.100     3669.820
   320:     3679.690     3679.880     3680.400     3733.980     3733.980
   325:     3733.980     3733.990     3733.990     3733.990     3733.990
   330:     3733.990     3733.990     3737.990     3738.990     3738.990
   335:     3743.980     3743.990     3749.620     3754.280     3754.380
   340:     3758.080     3760.720     3760.950     3761.020     3797.770
   345:     3973.190     3975.250     4005.650     4091.230     4192.300
   350:     4234.770     4295.860     4296.380     4311.540     4376.000
   355:     4392.720     4537.060     4570.230     4759.320     4798.470
   360:     4814.240     4814.240     4814.240     4814.250     4814.250
   365:     4814.250     4814.250     4814.250     4814.250     4817.210
   370:     4818.250     4819.250     4819.250     4822.000     4822.170
   375:     4824.240     4824.250     4824.420     4830.980     4832.180
   380:     4861.710     4862.340     4936.470     4937.480     5021.310
   385:     5021.470     5292.790     5293.230     5296.770     5358.360
   390:     5410.470     5410.510     5419.870     6141.460     6142.060
   395:     6145.470     6145.780     6145.900     6146.150     6146.600
   400:     6148.080     6148.810     6149.180     6149.200     6149.240
   405:     6149.470     6149.610     6183.200     6185.690     6212.280
   410:     6212.380     6212.550     6212.730     6213.130     6213.740
   415:     6263.180     6277.840     6311.420     6312.400     6334.180
   420:     6340.840     6403.930     6404.320     6404.880     6425.560
   425:     6436.920     6477.010     6519.200     6550.200     6550.480
   430:     6550.650     6550.680     6550.700     6551.960     6559.190
   435:     6559.630     6564.270     6564.320     6564.380     6564.460
   440:     6564.510     6564.610     6566.240     6567.360     6567.810
   445:     6568.110     6568.120     6568.650     6569.080     6569.250
   450:     6569.260     6569.700     6571.530     6571.820     6571.860
   455:     6572.520     6572.670     6575.460     6575.870     6576.380
   460:     6576.460     6579.290     6579.320     6579.400     6579.470
   465:     6582.120     6592.660     6594.100     6595.510     6595.520
   470:     6601.620     6601.940     6639.990     6706.650     6707.240
   475:     6708.480     6708.950     6886.540     6947.450     6954.730
   480:     6986.300     6986.560     6986.880     6987.530     7011.630
   485:     7032.410     7032.610     7032.900     7033.290     7033.690
   490:     7033.750     7033.930     7034.660     7049.170     7049.540
   495:     7049.840     7062.450     7062.470     7116.910     7117.530
   500:     7117.550     7150.960     7203.970     7213.330     7254.730
   505:     7255.070     7302.800     7349.070     7421.650     7520.580
   510:     7520.580     7520.580     7520.590     7520.590     7520.590
   515:     7520.590     7520.590     7520.590     7522.760     7523.420
   520:     7524.590     7525.590     7525.590     7526.180     7526.390
   525:     7530.580     7530.590     7536.090     7536.090     7536.090
   530:     7536.100     7536.100     7536.100     7536.100     7536.100
   535:     7536.100     7540.100     7541.100     7541.100     7543.520
   540:     7546.090     7546.100     7593.390     7598.870     7602.040
   545:     7603.250     7607.610     7624.490     7628.570     7628.730
   550:     7628.830     7653.170     7653.360     8119.150     8402.430
   555:     8402.660     8408.300     8408.530     8423.140     8428.060
   560:     8469.960     8470.640     8476.700     8491.140     8491.230
   565:     8491.460     8493.040     8494.740     9070.020     9082.130
   570:     9150.400     9151.640     9154.470     9163.040     9165.320
   575:     9166.620     9169.040     9169.110     9169.190     9169.210
   580:     9173.830     9174.230     9175.950     9177.740     9301.000
   585:     9314.890     9393.350     9450.190     9451.040     9467.880
   590:     9543.040     9545.460     9556.950     9557.480     9558.420
   595:     9558.580     9559.380     9560.100     9560.250     9566.410
   600:     9566.670     9586.090     9586.140     9586.280     9596.180
   605:     9601.890     9601.930     9602.150     9602.250     9604.730
   610:     9604.970     9607.160     9607.370     9607.630     9607.760
   615:     9608.630     9609.450     9609.490     9611.140     9611.380
   620:     9612.530     9613.910     9614.020     9614.100     9614.310
   625:     9616.210     9617.140     9617.410     9617.860     9618.170
   630:     9618.280     9620.440     9624.710     9624.770     9626.070
   635:     9683.290     9700.000     9716.020     9716.360     9721.960
   640:     9723.570     9723.740     9725.770     9726.760     9726.850
   645:     9768.270     9864.160     9864.160     9864.160     9864.170
   650:     9864.170     9864.170     9864.170     9864.170     9864.170
   655:     9868.170     9869.170     9869.170     9874.160     9874.170
   660:     9889.870     9892.390     9892.910     9903.740     9930.980
   665:     9932.290     9932.480     9987.900     9988.540     9995.850
   670:     9996.880    10010.000    10011.580    10800.010
