File: C:\MED-PC IV\DATA\!2025-08-17_19h49m.Subject T25



Start Date: 08/17/25
End Date: 08/17/25
Subject: T25
Experiment: OralFentSA
Group: One
Box: 7
Start Time: 19:49:04
End Time: 21:58:52
MSN: Golden_Liq_SelfAdmin_LIT
F:       0.000
G:    1327.000
H:    7775.170
I:       0.000
J:       0.000
K:       0.000
L:       0.000
M:       0.000
N:       0.000
O:       0.000
P:       0.000
Q:       0.000
R:       0.000
S:       0.000
U:       0.000
V:       0.000
W:       0.000
X:       0.000
Y:       0.000
Z:       0.000
A:
     0:        0.000        0.000      180.000        4.000        0.000
     5:        5.000        0.000        5.000        0.000        0.000
    10:        1.000        0.000       10.000       60.000       31.000
    15:        0.000      320.000        0.000        0.000        0.000
    20:        0.000
B:
     0:        0.000        0.000        0.000      400.000        0.000
     5:      500.000        0.000      500.000        0.000        0.000
    10:        0.000        0.000     1000.000     6000.000        0.000
    15:        0.000        0.000        0.000        0.000        0.000
    20:        0.000
C:
     0:      111.000      112.000        0.000        1.000      210.000
     5:     7732.700       32.740       49.000     1674.680       34.177
    10:        1.000        1.000      110.000        0.000        0.000
    15:        0.000        0.000        0.000        0.000        0.000
    20:        0.000
D:
     0:        0.230       43.740       22.780       11.710       26.190
     5:       56.390       21.230        2.110        5.360        1.150
    10:       11.140       14.820       35.500       67.700       39.360
    15:       69.360       31.640       43.420       31.770        3.430
    20:       14.950       32.350       50.070       15.030       26.130
    25:       51.200       26.220       19.500       55.890       66.160
    30:       57.220       48.270       53.340       22.750       48.090
    35:       31.760       66.670       46.280       41.510       57.960
    40:       22.740       34.340       34.190       57.120       63.700
    45:       19.320       25.600       14.550       32.740
E:
     0:       19.000       11.000       26.000       27.000        6.000
     5:        6.000        6.000        6.000        6.000        6.000
    10:        6.000        6.000        6.000       25.000       24.000
    15:       13.000        8.000        5.000       17.000        6.000
    20:       18.000       14.000       10.000       19.000        6.000
    25:        6.000        6.000        6.000       25.000       24.000
    30:       13.000        8.000        5.000       17.000       18.000
    35:       14.000       10.000       19.000        6.000        6.000
    40:        6.000        6.000        6.000        6.000        6.000
    45:        6.000       25.000       24.000       13.000        8.000
    50:        5.000       17.000       18.000       14.000       10.000
    55:       19.000        6.000        6.000        6.000        6.000
    60:        6.000        6.000        6.000        6.000        6.000
    65:        6.000        6.000        6.000        6.000        6.000
    70:        6.000       25.000       24.000       13.000        8.000
    75:        5.000       17.000       18.000       14.000       10.000
    80:       19.000        6.000        6.000        6.000        6.000
    85:        6.000        6.000       25.000       24.000       13.000
    90:        8.000        5.000       17.000       18.000       14.000
    95:       10.000       19.000        6.000        6.000        6.000
   100:        6.000        6.000        6.000        6.000        6.000
   105:        6.000        6.000        6.000        6.000       25.000
   110:       24.000       13.000        8.000        5.000       17.000
   115:       18.000       14.000       10.000       19.000        6.000
   120:       25.000       24.000       13.000        8.000        5.000
   125:       17.000       18.000       14.000       10.000       19.000
   130:       25.000       24.000       13.000        8.000        5.000
   135:       17.000       18.000       14.000       10.000       19.000
   140:        6.000        6.000        6.000        6.000        6.000
   145:        6.000        6.000        6.000        6.000        6.000
   150:        6.000        6.000        6.000        6.000        6.000
   155:        6.000       25.000       24.000       13.000        8.000
   160:        5.000       17.000        6.000       18.000       14.000
   165:       10.000       19.000        6.000       25.000       24.000
   170:       13.000        8.000        5.000       17.000       18.000
   175:       14.000       10.000        6.000       19.000        6.000
   180:        6.000        6.000        6.000       25.000       24.000
   185:       13.000        8.000        5.000       17.000        6.000
   190:       18.000       14.000       10.000       19.000        6.000
   195:        6.000        6.000        6.000        6.000       25.000
   200:       24.000       13.000        8.000        5.000       17.000
   205:       18.000       14.000       10.000       19.000        6.000
   210:       25.000       24.000       13.000        8.000        5.000
   215:       17.000       18.000       14.000       10.000       19.000
   220:       25.000       24.000       13.000        8.000        5.000
   225:       17.000       18.000       14.000       10.000       19.000
   230:        6.000        6.000       25.000       24.000       13.000
   235:        8.000        5.000       17.000       18.000       14.000
   240:       10.000       19.000        6.000        6.000       25.000
   245:       24.000       13.000        8.000        5.000       17.000
   250:       18.000       14.000       10.000       19.000        6.000
   255:       25.000       24.000       13.000        8.000        5.000
   260:       17.000       18.000       14.000       10.000       19.000
   265:        6.000        6.000        6.000        6.000        6.000
   270:        6.000        6.000        6.000        6.000        6.000
   275:       25.000       24.000       13.000        8.000        5.000
   280:       17.000       18.000       14.000       10.000       19.000
   285:        6.000        6.000       25.000       24.000       13.000
   290:        8.000        5.000       17.000       18.000       14.000
   295:       10.000       19.000       25.000       24.000       13.000
   300:        8.000        5.000       17.000       18.000       14.000
   305:       10.000       19.000        2.000        4.000       22.000
   310:       24.000       13.000        8.000        5.000       17.000
   315:       18.000       14.000       10.000       19.000        6.000
   320:       25.000       24.000       13.000        8.000        5.000
   325:       17.000       18.000       14.000       10.000       19.000
   330:       25.000       24.000       13.000        8.000        5.000
   335:       17.000       18.000       14.000       10.000       19.000
   340:       25.000       24.000       13.000        8.000        5.000
   345:       17.000       18.000       14.000       10.000       19.000
   350:        6.000        6.000        6.000        6.000        6.000
   355:        6.000        6.000        6.000       25.000       24.000
   360:       13.000        8.000        5.000       17.000       18.000
   365:       14.000       10.000       19.000       25.000       24.000
   370:       13.000        8.000        5.000       17.000       18.000
   375:       14.000       10.000       19.000       25.000       24.000
   380:       13.000        8.000        5.000       17.000       18.000
   385:       14.000       10.000       19.000       25.000       24.000
   390:       13.000        8.000        5.000       17.000       18.000
   395:       14.000       10.000       19.000        6.000        6.000
   400:        6.000        6.000        6.000       25.000       24.000
   405:       13.000        8.000        5.000       17.000        6.000
   410:       18.000       14.000       10.000        6.000        6.000
   415:        6.000        6.000        6.000        6.000        6.000
   420:        6.000       19.000        6.000       25.000       24.000
   425:       13.000        8.000        5.000       17.000       18.000
   430:       14.000       10.000       19.000        6.000        6.000
   435:        6.000        6.000        6.000        6.000        6.000
   440:       25.000       24.000       13.000        8.000        5.000
   445:       17.000       18.000       14.000       10.000       19.000
   450:        6.000        6.000        6.000        6.000        6.000
   455:       25.000       24.000       13.000        8.000        5.000
   460:       17.000       18.000       14.000       10.000       19.000
   465:        6.000        6.000       25.000       24.000       13.000
   470:        8.000        5.000       17.000       18.000       14.000
   475:       10.000       19.000        6.000        6.000        6.000
   480:        6.000        6.000       25.000       24.000       13.000
   485:        8.000        5.000       17.000       18.000       14.000
   490:       10.000       19.000        6.000        6.000        6.000
   495:        6.000        6.000        6.000       25.000       24.000
   500:       13.000        8.000        5.000       17.000       18.000
   505:       14.000       10.000       19.000        6.000        6.000
   510:       25.000       24.000       13.000        8.000        5.000
   515:       17.000       18.000       14.000       10.000       19.000
   520:       25.000       24.000       13.000        8.000        5.000
   525:       17.000       18.000       14.000       10.000       19.000
   530:       25.000       24.000       13.000        8.000        5.000
   535:       17.000       18.000       14.000       10.000       19.000
   540:       25.000       24.000       13.000        8.000        5.000
   545:       17.000       18.000       14.000       10.000       19.000
   550:        6.000       25.000       24.000       13.000        8.000
   555:        5.000       17.000       18.000       14.000       10.000
   560:       19.000       25.000       24.000       13.000        8.000
   565:        5.000       17.000       18.000       14.000       10.000
   570:       19.000       25.000       24.000       13.000        8.000
   575:        5.000       17.000       18.000       14.000       10.000
   580:       19.000        6.000        6.000        6.000        6.000
   585:        6.000        6.000        6.000       25.000       24.000
   590:       13.000        8.000        5.000       17.000       18.000
   595:       14.000       10.000       19.000       25.000       24.000
   600:       13.000        8.000        5.000       17.000       18.000
   605:       14.000       10.000       19.000       25.000       24.000
   610:       13.000        8.000        5.000       17.000       18.000
   615:       14.000       10.000       19.000       25.000       24.000
   620:       13.000        8.000        5.000       17.000       18.000
   625:       14.000       10.000       19.000        6.000        6.000
   630:        6.000       25.000       24.000       13.000        8.000
   635:        5.000       17.000       18.000       14.000       10.000
   640:       19.000        6.000       25.000       24.000       13.000
   645:        8.000        5.000       17.000       18.000       14.000
   650:       10.000       19.000       25.000       24.000       13.000
   655:        8.000        5.000       17.000       18.000       14.000
   660:       10.000       19.000       25.000       24.000       13.000
   665:        8.000        5.000       17.000       18.000       14.000
   670:       10.000       19.000        6.000        6.000       25.000
   675:       24.000       13.000        8.000        5.000       17.000
   680:       18.000       14.000       10.000       19.000       25.000
   685:       24.000       13.000        8.000        5.000       17.000
   690:       18.000       14.000       10.000       19.000        6.000
   695:       25.000       24.000       13.000        8.000        5.000
   700:       17.000       18.000       14.000       10.000       19.000
   705:       25.000       24.000       13.000        8.000        5.000
   710:       17.000       18.000       14.000       10.000       19.000
   715:        6.000       25.000       24.000       13.000        8.000
   720:        5.000       17.000       18.000       14.000       10.000
   725:       19.000       25.000       24.000       13.000        8.000
   730:        5.000       17.000       18.000       14.000       10.000
   735:       19.000       25.000       24.000       13.000        8.000
   740:        5.000       17.000       18.000       14.000       10.000
   745:       19.000       25.000       24.000       13.000        8.000
   750:        5.000       17.000       18.000       14.000       10.000
   755:       19.000        6.000        6.000        6.000        6.000
   760:        6.000       25.000       24.000       13.000        8.000
   765:        5.000       17.000       18.000       14.000       10.000
   770:       19.000       25.000       24.000       13.000        8.000
   775:        5.000       17.000       18.000       14.000       10.000
   780:       19.000       25.000       24.000       13.000        8.000
   785:        5.000       17.000       18.000       14.000       10.000
   790:       19.000       25.000       24.000       13.000        8.000
   795:        5.000       17.000       18.000       14.000       10.000
   800:       19.000        6.000        6.000        6.000       25.000
   805:       24.000       13.000        8.000        5.000       17.000
   810:       18.000       14.000       10.000       19.000       25.000
   815:       24.000       13.000        8.000        5.000       17.000
   820:       18.000       14.000       10.000       19.000        6.000
   825:       25.000       24.000       13.000        8.000        5.000
   830:       17.000       18.000       14.000       10.000       19.000
   835:       25.000       24.000       13.000        8.000        5.000
   840:       17.000       18.000       14.000       10.000       19.000
   845:       25.000       24.000       13.000        8.000        5.000
   850:       17.000       18.000       14.000       10.000       19.000
   855:       25.000       24.000       13.000        8.000        5.000
   860:       17.000       18.000       14.000       10.000       19.000
   865:       25.000       24.000       13.000        8.000        5.000
   870:       17.000       18.000       14.000       10.000       19.000
   875:        6.000       25.000       24.000       13.000        8.000
   880:        5.000       17.000       18.000       14.000       10.000
   885:       19.000       25.000       24.000       13.000        8.000
   890:        5.000       17.000       18.000       14.000       10.000
   895:       19.000       25.000       24.000       13.000        8.000
   900:        5.000       17.000       18.000       14.000       10.000
   905:       19.000        6.000        6.000       25.000       24.000
   910:       13.000        8.000        5.000       17.000       18.000
   915:       14.000       10.000       19.000        6.000        6.000
   920:        6.000       25.000       24.000       13.000        8.000
   925:        5.000       17.000       18.000       14.000       10.000
   930:       19.000       25.000       24.000       13.000        8.000
   935:        5.000       17.000       18.000       14.000       10.000
   940:       19.000       25.000       24.000       13.000        8.000
   945:        5.000       17.000       18.000       14.000       10.000
   950:       19.000       25.000       24.000       13.000        8.000
   955:        5.000       17.000       18.000       14.000       10.000
   960:       19.000       23.000       25.000       24.000       13.000
   965:        8.000        5.000       17.000       18.000       14.000
   970:       10.000       19.000        6.000       25.000       24.000
   975:       13.000        8.000        5.000       17.000       18.000
   980:       14.000       10.000       19.000        6.000        6.000
   985:        6.000        6.000       25.000       24.000       13.000
   990:        8.000        5.000       17.000       18.000       14.000
   995:       10.000       19.000       25.000       24.000       13.000
  1000:        8.000        5.000       17.000       18.000       14.000
  1005:       10.000       19.000        6.000        6.000       25.000
  1010:       24.000       13.000        8.000        5.000       17.000
  1015:       18.000       14.000       10.000       19.000       25.000
  1020:       24.000       13.000        8.000        5.000       17.000
  1025:       18.000       14.000       10.000       19.000        6.000
  1030:        6.000        6.000        6.000       25.000       24.000
  1035:       13.000        8.000        5.000       17.000       18.000
  1040:       14.000       10.000       19.000        6.000       25.000
  1045:       24.000       13.000        8.000        5.000       17.000
  1050:       18.000       14.000       10.000       19.000       25.000
  1055:       24.000       13.000        8.000        5.000       17.000
  1060:       18.000       14.000       10.000       19.000       25.000
  1065:       24.000       13.000        8.000        5.000       17.000
  1070:       18.000       14.000       10.000       19.000       25.000
  1075:       24.000       13.000        8.000        5.000       17.000
  1080:       18.000       14.000       10.000       19.000       25.000
  1085:       24.000       13.000        8.000        5.000       17.000
  1090:       18.000       14.000       10.000       19.000       25.000
  1095:       24.000       13.000        8.000        5.000       17.000
  1100:       18.000       14.000       10.000       19.000       25.000
  1105:       24.000       13.000        8.000        5.000       17.000
  1110:       18.000       14.000       10.000       19.000       25.000
  1115:       24.000       13.000        8.000        5.000       17.000
  1120:       18.000       14.000       10.000       19.000       25.000
  1125:       24.000       13.000        8.000        5.000       17.000
  1130:       18.000       14.000       10.000       19.000        6.000
  1135:        6.000        6.000       25.000       24.000       13.000
  1140:        8.000        5.000       17.000       18.000       14.000
  1145:       10.000       19.000       25.000       24.000       13.000
  1150:        8.000        5.000       17.000       18.000       14.000
  1155:       10.000       19.000       25.000       24.000       13.000
  1160:        8.000        5.000       17.000       18.000       14.000
  1165:       10.000       19.000       25.000       24.000       13.000
  1170:        8.000        5.000       17.000       18.000       14.000
  1175:       10.000       19.000       25.000       24.000       13.000
  1180:        8.000        5.000       17.000       18.000       14.000
  1185:       10.000       19.000       25.000       24.000       13.000
  1190:        8.000        5.000       17.000       18.000       14.000
  1195:       10.000       19.000       25.000       24.000       13.000
  1200:        8.000        5.000       17.000       18.000       14.000
  1205:       10.000       19.000        6.000        6.000        6.000
  1210:        6.000       25.000       24.000       13.000        8.000
  1215:        5.000       17.000       18.000       14.000       10.000
  1220:       19.000       25.000       24.000       13.000        8.000
  1225:        5.000       17.000       18.000       14.000       10.000
  1230:       19.000       25.000       24.000       13.000        8.000
  1235:        5.000       17.000       18.000       14.000       10.000
  1240:       19.000        6.000        6.000       25.000       24.000
  1245:       13.000        8.000        5.000       17.000       18.000
  1250:       14.000       10.000       19.000       25.000       24.000
  1255:       13.000        8.000        5.000       17.000       18.000
  1260:       14.000       10.000       19.000       25.000       24.000
  1265:       13.000        8.000        5.000       17.000       18.000
  1270:       14.000       10.000       19.000       25.000       24.000
  1275:       13.000        8.000        5.000       17.000       18.000
  1280:       14.000       10.000       19.000        6.000        6.000
  1285:       25.000       24.000       13.000        8.000        5.000
  1290:       17.000       18.000       14.000       10.000       19.000
  1295:       25.000       24.000       13.000        8.000        5.000
  1300:       17.000       18.000       14.000       10.000       19.000
  1305:       25.000       24.000       13.000        8.000        5.000
  1310:       17.000       18.000       14.000       10.000       19.000
  1315:        6.000        6.000       25.000       24.000       13.000
  1320:        8.000        5.000       17.000       18.000       14.000
  1325:       10.000       19.000
T:
     0:        0.000        0.000        0.000        0.000        2.620
     5:        7.710       53.910       55.270       55.470       55.900
    10:       56.080       58.580       58.710       59.990       60.000
    15:       60.000       60.000       60.000       60.000       60.230
    20:       64.000       65.000       65.000       69.990       98.770
    25:       99.200      100.360      100.490      129.990      130.000
    30:      130.000      130.000      130.000      130.000      134.000
    35:      135.000      135.000      139.990      173.740      174.750
    40:      177.580      177.640      187.080      193.540      194.450
    45:      195.040      199.990      200.000      200.000      200.000
    50:      200.000      200.000      204.000      205.000      205.000
    55:      209.990      222.780      223.060      224.000      224.020
    60:      224.120      224.150      224.730      224.870      224.990
    65:      225.350      225.400      225.590      225.690      244.840
    70:      245.500      269.990      270.000      270.000      270.000
    75:      270.000      270.000      274.000      275.000      275.000
    80:      279.990      281.710      282.020      283.370      283.540
    85:      292.180      328.050      339.990      340.000      340.000
    90:      340.000      340.000      340.000      344.000      345.000
    95:      345.000      349.990      366.190      366.240      370.050
   100:      370.160      370.200      370.230      370.330      370.510
   105:      399.880      400.350      402.340      403.010      409.990
   110:      410.000      410.000      410.000      410.000      410.000
   115:      414.000      415.000      415.000      419.990      466.390
   120:      479.990      480.000      480.000      480.000      480.000
   125:      480.000      484.000      485.000      485.000      489.990
   130:      549.990      550.000      550.000      550.000      550.000
   135:      550.000      554.000      555.000      555.000      559.990
   140:      571.230      571.830      572.120      609.110      610.220
   145:      613.430      614.240      614.620      614.720      615.680
   150:      615.930      617.130      617.760      618.690      619.190
   155:      619.340      619.990      620.000      620.000      620.000
   160:      620.000      620.000      622.110      624.000      625.000
   165:      625.000      629.990      647.960      689.990      690.000
   170:      690.000      690.000      690.000      690.000      694.000
   175:      695.000      695.000      695.360      699.990      723.710
   180:      749.890      749.910      750.450      759.990      760.000
   185:      760.000      760.000      760.000      760.000      761.150
   190:      764.000      765.000      765.000      769.990      815.080
   195:      815.120      819.660      819.690      819.790      829.990
   200:      830.000      830.000      830.000      830.000      830.000
   205:      834.000      835.000      835.000      839.990      841.140
   210:      899.990      900.000      900.000      900.000      900.000
   215:      900.000      904.000      905.000      905.000      909.990
   220:      969.990      970.000      970.000      970.000      970.000
   225:      970.000      974.000      975.000      975.000      979.990
   230:      984.820      985.180     1039.990     1040.000     1040.000
   235:     1040.000     1040.000     1040.000     1044.000     1045.000
   240:     1045.000     1049.990     1075.500     1081.780     1109.990
   245:     1110.000     1110.000     1110.000     1110.000     1110.000
   250:     1114.000     1115.000     1115.000     1119.990     1177.700
   255:     1179.990     1180.000     1180.000     1180.000     1180.000
   260:     1180.000     1184.000     1185.000     1185.000     1189.990
   265:     1219.360     1219.560     1219.980     1220.880     1221.600
   270:     1221.730     1227.120     1229.300     1229.550     1231.160
   275:     1249.990     1250.000     1250.000     1250.000     1250.000
   280:     1250.000     1254.000     1255.000     1255.000     1259.990
   285:     1319.360     1319.930     1319.990     1320.000     1320.000
   290:     1320.000     1320.000     1320.000     1324.000     1325.000
   295:     1325.000     1329.990     1389.990     1390.000     1390.000
   300:     1390.000     1390.000     1390.000     1394.000     1395.000
   305:     1395.000     1399.990     1432.690     1432.690     1432.690
   310:     1432.700     1432.700     1432.700     1432.700     1432.700
   315:     1436.700     1437.700     1437.700     1442.690     1464.340
   320:     1502.690     1502.700     1502.700     1502.700     1502.700
   325:     1502.700     1506.700     1507.700     1507.700     1512.690
   330:     1572.690     1572.700     1572.700     1572.700     1572.700
   335:     1572.700     1576.700     1577.700     1577.700     1582.690
   340:     1642.690     1642.700     1642.700     1642.700     1642.700
   345:     1642.700     1646.700     1647.700     1647.700     1652.690
   350:     1686.120     1686.210     1686.330     1687.340     1688.020
   355:     1688.660     1689.600     1692.080     1712.690     1712.700
   360:     1712.700     1712.700     1712.700     1712.700     1716.700
   365:     1717.700     1717.700     1722.690     1782.690     1782.700
   370:     1782.700     1782.700     1782.700     1782.700     1786.700
   375:     1787.700     1787.700     1792.690     1852.690     1852.700
   380:     1852.700     1852.700     1852.700     1852.700     1856.700
   385:     1857.700     1857.700     1862.690     1922.690     1922.700
   390:     1922.700     1922.700     1922.700     1922.700     1926.700
   395:     1927.700     1927.700     1932.690     1954.470     1955.690
   400:     1956.430     1989.380     1989.670     1992.690     1992.700
   405:     1992.700     1992.700     1992.700     1992.700     1996.130
   410:     1996.700     1997.700     1997.700     1998.190     1998.290
   415:     1998.310     1998.350     1998.500     1998.890     1999.290
   420:     1999.650     2002.690     2002.740     2062.690     2062.700
   425:     2062.700     2062.700     2062.700     2062.700     2066.700
   430:     2067.700     2067.700     2072.690     2077.650     2080.700
   435:     2080.860     2080.920     2081.910     2082.340     2082.540
   440:     2132.690     2132.700     2132.700     2132.700     2132.700
   445:     2132.700     2136.700     2137.700     2137.700     2142.690
   450:     2165.050     2191.180     2192.570     2193.580     2193.680
   455:     2202.690     2202.700     2202.700     2202.700     2202.700
   460:     2202.700     2206.700     2207.700     2207.700     2212.690
   465:     2252.770     2255.980     2272.690     2272.700     2272.700
   470:     2272.700     2272.700     2272.700     2276.700     2277.700
   475:     2277.700     2282.690     2287.730     2288.910     2289.160
   480:     2289.500     2306.430     2342.690     2342.700     2342.700
   485:     2342.700     2342.700     2342.700     2346.700     2347.700
   490:     2347.700     2352.690     2368.830     2369.410     2379.070
   495:     2379.950     2380.800     2384.180     2412.690     2412.700
   500:     2412.700     2412.700     2412.700     2412.700     2416.700
   505:     2417.700     2417.700     2422.690     2463.900     2466.030
   510:     2482.690     2482.700     2482.700     2482.700     2482.700
   515:     2482.700     2486.700     2487.700     2487.700     2492.690
   520:     2552.690     2552.700     2552.700     2552.700     2552.700
   525:     2552.700     2556.700     2557.700     2557.700     2562.690
   530:     2622.690     2622.700     2622.700     2622.700     2622.700
   535:     2622.700     2626.700     2627.700     2627.700     2632.690
   540:     2692.690     2692.700     2692.700     2692.700     2692.700
   545:     2692.700     2696.700     2697.700     2697.700     2702.690
   550:     2718.920     2762.690     2762.700     2762.700     2762.700
   555:     2762.700     2762.700     2766.700     2767.700     2767.700
   560:     2772.690     2832.690     2832.700     2832.700     2832.700
   565:     2832.700     2832.700     2836.700     2837.700     2837.700
   570:     2842.690     2902.690     2902.700     2902.700     2902.700
   575:     2902.700     2902.700     2906.700     2907.700     2907.700
   580:     2912.690     2922.200     2923.040     2923.150     2924.630
   585:     2925.430     2945.810     2968.020     2972.690     2972.700
   590:     2972.700     2972.700     2972.700     2972.700     2976.700
   595:     2977.700     2977.700     2982.690     3042.690     3042.700
   600:     3042.700     3042.700     3042.700     3042.700     3046.700
   605:     3047.700     3047.700     3052.690     3112.690     3112.700
   610:     3112.700     3112.700     3112.700     3112.700     3116.700
   615:     3117.700     3117.700     3122.690     3182.690     3182.700
   620:     3182.700     3182.700     3182.700     3182.700     3186.700
   625:     3187.700     3187.700     3192.690     3238.590     3240.250
   630:     3240.570     3252.690     3252.700     3252.700     3252.700
   635:     3252.700     3252.700     3256.700     3257.700     3257.700
   640:     3262.690     3318.860     3322.690     3322.700     3322.700
   645:     3322.700     3322.700     3322.700     3326.700     3327.700
   650:     3327.700     3332.690     3392.690     3392.700     3392.700
   655:     3392.700     3392.700     3392.700     3396.700     3397.700
   660:     3397.700     3402.690     3462.690     3462.700     3462.700
   665:     3462.700     3462.700     3462.700     3466.700     3467.700
   670:     3467.700     3472.690     3519.920     3520.720     3532.690
   675:     3532.700     3532.700     3532.700     3532.700     3532.700
   680:     3536.700     3537.700     3537.700     3542.690     3602.690
   685:     3602.700     3602.700     3602.700     3602.700     3602.700
   690:     3606.700     3607.700     3607.700     3612.690     3650.970
   695:     3672.690     3672.700     3672.700     3672.700     3672.700
   700:     3672.700     3676.700     3677.700     3677.700     3682.690
   705:     3742.690     3742.700     3742.700     3742.700     3742.700
   710:     3742.700     3746.700     3747.700     3747.700     3752.690
   715:     3796.040     3812.690     3812.700     3812.700     3812.700
   720:     3812.700     3812.700     3816.700     3817.700     3817.700
   725:     3822.690     3882.690     3882.700     3882.700     3882.700
   730:     3882.700     3882.700     3886.700     3887.700     3887.700
   735:     3892.690     3952.690     3952.700     3952.700     3952.700
   740:     3952.700     3952.700     3956.700     3957.700     3957.700
   745:     3962.690     4022.690     4022.700     4022.700     4022.700
   750:     4022.700     4022.700     4026.700     4027.700     4027.700
   755:     4032.690     4045.450     4045.690     4051.340     4091.850
   760:     4092.120     4092.690     4092.700     4092.700     4092.700
   765:     4092.700     4092.700     4096.700     4097.700     4097.700
   770:     4102.690     4162.690     4162.700     4162.700     4162.700
   775:     4162.700     4162.700     4166.700     4167.700     4167.700
   780:     4172.690     4232.690     4232.700     4232.700     4232.700
   785:     4232.700     4232.700     4236.700     4237.700     4237.700
   790:     4242.690     4302.690     4302.700     4302.700     4302.700
   795:     4302.700     4302.700     4306.700     4307.700     4307.700
   800:     4312.690     4350.790     4356.650     4356.670     4372.690
   805:     4372.700     4372.700     4372.700     4372.700     4372.700
   810:     4376.700     4377.700     4377.700     4382.690     4442.690
   815:     4442.700     4442.700     4442.700     4442.700     4442.700
   820:     4446.700     4447.700     4447.700     4452.690     4474.460
   825:     4512.690     4512.700     4512.700     4512.700     4512.700
   830:     4512.700     4516.700     4517.700     4517.700     4522.690
   835:     4582.690     4582.700     4582.700     4582.700     4582.700
   840:     4582.700     4586.700     4587.700     4587.700     4592.690
   845:     4652.690     4652.700     4652.700     4652.700     4652.700
   850:     4652.700     4656.700     4657.700     4657.700     4662.690
   855:     4722.690     4722.700     4722.700     4722.700     4722.700
   860:     4722.700     4726.700     4727.700     4727.700     4732.690
   865:     4792.690     4792.700     4792.700     4792.700     4792.700
   870:     4792.700     4796.700     4797.700     4797.700     4802.690
   875:     4859.370     4862.690     4862.700     4862.700     4862.700
   880:     4862.700     4862.700     4866.700     4867.700     4867.700
   885:     4872.690     4932.690     4932.700     4932.700     4932.700
   890:     4932.700     4932.700     4936.700     4937.700     4937.700
   895:     4942.690     5002.690     5002.700     5002.700     5002.700
   900:     5002.700     5002.700     5006.700     5007.700     5007.700
   905:     5012.690     5048.980     5051.590     5072.690     5072.700
   910:     5072.700     5072.700     5072.700     5072.700     5076.700
   915:     5077.700     5077.700     5082.690     5114.210     5119.590
   920:     5123.900     5142.690     5142.700     5142.700     5142.700
   925:     5142.700     5142.700     5146.700     5147.700     5147.700
   930:     5152.690     5212.690     5212.700     5212.700     5212.700
   935:     5212.700     5212.700     5216.700     5217.700     5217.700
   940:     5222.690     5282.690     5282.700     5282.700     5282.700
   945:     5282.700     5282.700     5286.700     5287.700     5287.700
   950:     5292.690     5352.690     5352.700     5352.700     5352.700
   955:     5352.700     5352.700     5356.700     5357.700     5357.700
   960:     5362.690     5380.960     5422.690     5422.700     5422.700
   965:     5422.700     5422.700     5422.700     5426.700     5427.700
   970:     5427.700     5432.690     5480.660     5492.690     5492.700
   975:     5492.700     5492.700     5492.700     5492.700     5496.700
   980:     5497.700     5497.700     5502.690     5515.440     5515.490
   985:     5517.420     5519.280     5562.690     5562.700     5562.700
   990:     5562.700     5562.700     5562.700     5566.700     5567.700
   995:     5567.700     5572.690     5632.690     5632.700     5632.700
  1000:     5632.700     5632.700     5632.700     5636.700     5637.700
  1005:     5637.700     5642.690     5667.040     5667.450     5702.690
  1010:     5702.700     5702.700     5702.700     5702.700     5702.700
  1015:     5706.700     5707.700     5707.700     5712.690     5772.690
  1020:     5772.700     5772.700     5772.700     5772.700     5772.700
  1025:     5776.700     5777.700     5777.700     5782.690     5806.890
  1030:     5828.420     5829.150     5829.410     5842.690     5842.700
  1035:     5842.700     5842.700     5842.700     5842.700     5846.700
  1040:     5847.700     5847.700     5852.690     5899.820     5912.690
  1045:     5912.700     5912.700     5912.700     5912.700     5912.700
  1050:     5916.700     5917.700     5917.700     5922.690     5982.690
  1055:     5982.700     5982.700     5982.700     5982.700     5982.700
  1060:     5986.700     5987.700     5987.700     5992.690     6052.690
  1065:     6052.700     6052.700     6052.700     6052.700     6052.700
  1070:     6056.700     6057.700     6057.700     6062.690     6122.690
  1075:     6122.700     6122.700     6122.700     6122.700     6122.700
  1080:     6126.700     6127.700     6127.700     6132.690     6192.690
  1085:     6192.700     6192.700     6192.700     6192.700     6192.700
  1090:     6196.700     6197.700     6197.700     6202.690     6262.690
  1095:     6262.700     6262.700     6262.700     6262.700     6262.700
  1100:     6266.700     6267.700     6267.700     6272.690     6332.690
  1105:     6332.700     6332.700     6332.700     6332.700     6332.700
  1110:     6336.700     6337.700     6337.700     6342.690     6402.690
  1115:     6402.700     6402.700     6402.700     6402.700     6402.700
  1120:     6406.700     6407.700     6407.700     6412.690     6472.690
  1125:     6472.700     6472.700     6472.700     6472.700     6472.700
  1130:     6476.700     6477.700     6477.700     6482.690     6536.400
  1135:     6537.820     6540.420     6542.690     6542.700     6542.700
  1140:     6542.700     6542.700     6542.700     6546.700     6547.700
  1145:     6547.700     6552.690     6612.690     6612.700     6612.700
  1150:     6612.700     6612.700     6612.700     6616.700     6617.700
  1155:     6617.700     6622.690     6682.690     6682.700     6682.700
  1160:     6682.700     6682.700     6682.700     6686.700     6687.700
  1165:     6687.700     6692.690     6752.690     6752.700     6752.700
  1170:     6752.700     6752.700     6752.700     6756.700     6757.700
  1175:     6757.700     6762.690     6822.690     6822.700     6822.700
  1180:     6822.700     6822.700     6822.700     6826.700     6827.700
  1185:     6827.700     6832.690     6892.690     6892.700     6892.700
  1190:     6892.700     6892.700     6892.700     6896.700     6897.700
  1195:     6897.700     6902.690     6962.690     6962.700     6962.700
  1200:     6962.700     6962.700     6962.700     6966.700     6967.700
  1205:     6967.700     6972.690     6982.020     6982.530     7008.780
  1210:     7009.690     7032.690     7032.700     7032.700     7032.700
  1215:     7032.700     7032.700     7036.700     7037.700     7037.700
  1220:     7042.690     7102.690     7102.700     7102.700     7102.700
  1225:     7102.700     7102.700     7106.700     7107.700     7107.700
  1230:     7112.690     7172.690     7172.700     7172.700     7172.700
  1235:     7172.700     7172.700     7176.700     7177.700     7177.700
  1240:     7182.690     7198.300     7202.040     7242.690     7242.700
  1245:     7242.700     7242.700     7242.700     7242.700     7246.700
  1250:     7247.700     7247.700     7252.690     7312.690     7312.700
  1255:     7312.700     7312.700     7312.700     7312.700     7316.700
  1260:     7317.700     7317.700     7322.690     7382.690     7382.700
  1265:     7382.700     7382.700     7382.700     7382.700     7386.700
  1270:     7387.700     7387.700     7392.690     7452.690     7452.700
  1275:     7452.700     7452.700     7452.700     7452.700     7456.700
  1280:     7457.700     7457.700     7462.690     7467.250     7468.940
  1285:     7522.690     7522.700     7522.700     7522.700     7522.700
  1290:     7522.700     7526.700     7527.700     7527.700     7532.690
  1295:     7592.690     7592.700     7592.700     7592.700     7592.700
  1300:     7592.700     7596.700     7597.700     7597.700     7602.690
  1305:     7662.690     7662.700     7662.700     7662.700     7662.700
  1310:     7662.700     7666.700     7667.700     7667.700     7672.690
  1315:     7695.440     7695.520     7732.690     7732.700     7732.700
  1320:     7732.700     7732.700     7732.700     7736.700     7737.700
  1325:     7737.700     7742.690
