File: C:\MED-PC IV\DATA\!2025-08-22_13h16m.Subject T17



Start Date: 08/22/25
End Date: 08/22/25
Subject: T17
Experiment: OralFentSA
Group: One
Box: 5
Start Time: 13:16:46
End Time: 16:17:11
MSN: Golden_Liq_SelfAdmin_LIT
F:       0.000
G:     682.000
H:   10800.010
I:       0.000
J:       0.000
K:       0.000
L:       0.000
M:       0.000
N:       0.000
O:       0.000
P:       0.000
Q:       0.000
R:       0.000
S:       0.000
U:       0.000
V:       0.000
W:       0.000
X:       0.000
Y:       0.000
Z:       0.000
A:
     0:        0.000        0.000      180.000        4.000        0.000
     5:        5.000        0.000        5.000        0.000        0.000
    10:        1.000        0.000       10.000     3000.000       21.000
    15:        5.000      320.000        0.000        0.000        0.000
    20:        0.000
B:
     0:        0.000        0.000        0.000      400.000        0.000
     5:      500.000        0.000      500.000        0.000        0.000
    10:        0.000        0.000     1000.000   300000.000        0.000
    15:        0.000        0.000        0.000        0.000        0.000
    20:        0.000
C:
     0:       14.000       14.000        0.000       21.000      463.000
     5:     8291.690        0.470       13.000      117.300        9.023
    10:       21.000       34.000        4.000        0.000        0.000
    15:        0.000        0.000        0.000        0.000        0.000
    20:        0.000
D:
     0:        7.330        8.930       20.160       13.270       20.270
     5:        9.480        7.570       10.480       12.370        4.680
    10:        0.790        1.500        0.470
E:
     0:       19.000       11.000       26.000       27.000        6.000
     5:        6.000        6.000        6.000        6.000        6.000
    10:        6.000        6.000        6.000        6.000        6.000
    15:        6.000        6.000        6.000        6.000        6.000
    20:        6.000        6.000        6.000        6.000        6.000
    25:        6.000        6.000        6.000        6.000        6.000
    30:        6.000       23.000       23.000        6.000        6.000
    35:        6.000        6.000        6.000        6.000        6.000
    40:        6.000        6.000        6.000        6.000        6.000
    45:        6.000        6.000        6.000        6.000        6.000
    50:        6.000        6.000        6.000        6.000        6.000
    55:        6.000        6.000        6.000        6.000        6.000
    60:        6.000        6.000        6.000        6.000        6.000
    65:        6.000        6.000       23.000       23.000       23.000
    70:       23.000        6.000        6.000        6.000        6.000
    75:        6.000        6.000        6.000        6.000        6.000
    80:        6.000        6.000        6.000        6.000        6.000
    85:        6.000        6.000       23.000        6.000        2.000
    90:        4.000       22.000       24.000       13.000        8.000
    95:        5.000       17.000       18.000       14.000       10.000
   100:        6.000        6.000       19.000        6.000        6.000
   105:        6.000        6.000        6.000        6.000        6.000
   110:        6.000        2.000        4.000       22.000       24.000
   115:       13.000        8.000        5.000       17.000       18.000
   120:       14.000       10.000        6.000       19.000        6.000
   125:        6.000        6.000        6.000        6.000        6.000
   130:        6.000        6.000        6.000        6.000        6.000
   135:        6.000        6.000        6.000        6.000        6.000
   140:        6.000        6.000        6.000        6.000        6.000
   145:        6.000        6.000        6.000        6.000        6.000
   150:        6.000        6.000        6.000        6.000        6.000
   155:        6.000        6.000        6.000        6.000        6.000
   160:        6.000        6.000        6.000        6.000        6.000
   165:        6.000        6.000        6.000        6.000        6.000
   170:        6.000        6.000        6.000        6.000        6.000
   175:        6.000        6.000        6.000        6.000        6.000
   180:        6.000        6.000        6.000        6.000        6.000
   185:        6.000        6.000        6.000        6.000        6.000
   190:        6.000        6.000        6.000       23.000       23.000
   195:       23.000        6.000        6.000        6.000        6.000
   200:        2.000        4.000       22.000       24.000       13.000
   205:        8.000        5.000       17.000       18.000       14.000
   210:       10.000       19.000        6.000        6.000        6.000
   215:        6.000        6.000        6.000        6.000        6.000
   220:        6.000        6.000        6.000        6.000        6.000
   225:        6.000        6.000        6.000       23.000        6.000
   230:        6.000        6.000        6.000       23.000       23.000
   235:        6.000        6.000        6.000        6.000        6.000
   240:        6.000        6.000        6.000        6.000        6.000
   245:        6.000        6.000        6.000        6.000        6.000
   250:        6.000        6.000        6.000        6.000        6.000
   255:        6.000        6.000        6.000        6.000        6.000
   260:        6.000        6.000        6.000        6.000        6.000
   265:        6.000        6.000        6.000        6.000        6.000
   270:        6.000        6.000        6.000        6.000        6.000
   275:        6.000        6.000        6.000        6.000        6.000
   280:        6.000        6.000        6.000        6.000        6.000
   285:        6.000        6.000        6.000        6.000        6.000
   290:        6.000        6.000        6.000        6.000        6.000
   295:        6.000        6.000        6.000        6.000        6.000
   300:        6.000        6.000        6.000        6.000        6.000
   305:        6.000        6.000        6.000        6.000        6.000
   310:        6.000        6.000        6.000        6.000        6.000
   315:        6.000        6.000        6.000        6.000        6.000
   320:        6.000        6.000        6.000        6.000        6.000
   325:        6.000        6.000        6.000        6.000        6.000
   330:        6.000        6.000        6.000        6.000        6.000
   335:        6.000        6.000        6.000        6.000        6.000
   340:        6.000       23.000       23.000        6.000        6.000
   345:        6.000       23.000       23.000       23.000        6.000
   350:        6.000        6.000        6.000        2.000        4.000
   355:       22.000       24.000       13.000        8.000        5.000
   360:       17.000       21.000       22.000       18.000       14.000
   365:       10.000       19.000        6.000        6.000       23.000
   370:        6.000        6.000        2.000        4.000       22.000
   375:       24.000       13.000        8.000        5.000       17.000
   380:       18.000       14.000       10.000       19.000        6.000
   385:        6.000        6.000        2.000        4.000       22.000
   390:       24.000       13.000        8.000        5.000       17.000
   395:       21.000       22.000       21.000       22.000       18.000
   400:       14.000       10.000        6.000        6.000       19.000
   405:        2.000        4.000       22.000       24.000       13.000
   410:        8.000        5.000       17.000       21.000       22.000
   415:       21.000       22.000       18.000       21.000       22.000
   420:       14.000       10.000        6.000        6.000       19.000
   425:        6.000        6.000        6.000        6.000        6.000
   430:        6.000        6.000        6.000        6.000        6.000
   435:        6.000        6.000        6.000        6.000        6.000
   440:        6.000        6.000        6.000        6.000        6.000
   445:        6.000        2.000        4.000       22.000       24.000
   450:       13.000        8.000        5.000       17.000       21.000
   455:       22.000       21.000       22.000       18.000       14.000
   460:       10.000       19.000        6.000        6.000       23.000
   465:       23.000       23.000       23.000       23.000       23.000
   470:       23.000        6.000        6.000        6.000        2.000
   475:        4.000       22.000       24.000       13.000        8.000
   480:        5.000       17.000       21.000       22.000       18.000
   485:       21.000       22.000       14.000       10.000       19.000
   490:        6.000        6.000        6.000        6.000        6.000
   495:        6.000        6.000        6.000        6.000        6.000
   500:        6.000        6.000        6.000        6.000        6.000
   505:        6.000        2.000        4.000       22.000       24.000
   510:       13.000        8.000        5.000       17.000       18.000
   515:        6.000       14.000       10.000       19.000        6.000
   520:        6.000        6.000        6.000        6.000        6.000
   525:        6.000        6.000        6.000        6.000        6.000
   530:        6.000        6.000        6.000        6.000        6.000
   535:        6.000        6.000        6.000        6.000        6.000
   540:        6.000        6.000        6.000        6.000        6.000
   545:        6.000        6.000        6.000        6.000       23.000
   550:       23.000       23.000        6.000        6.000        6.000
   555:        6.000        6.000        6.000        6.000       23.000
   560:       23.000       23.000        6.000        6.000        6.000
   565:        6.000        6.000        6.000        6.000       30.000
   570:       24.000       13.000        8.000        5.000       17.000
   575:        6.000       18.000       14.000       10.000        6.000
   580:        6.000        6.000       19.000        6.000        6.000
   585:       30.000       24.000       13.000        8.000        5.000
   590:       17.000        2.000        4.000       22.000       18.000
   595:       14.000       10.000       30.000       13.000        8.000
   600:        5.000       17.000        6.000       19.000       18.000
   605:       14.000       10.000        6.000        6.000        6.000
   610:        6.000        6.000       30.000       24.000       13.000
   615:        8.000        5.000       17.000        6.000       18.000
   620:        6.000       14.000       10.000        6.000       19.000
   625:        6.000        6.000        6.000        6.000        6.000
   630:        6.000        6.000        6.000        6.000        6.000
   635:        6.000        6.000        6.000        6.000        6.000
   640:       23.000       23.000        6.000        6.000        6.000
   645:        6.000        6.000        6.000        6.000        6.000
   650:        6.000        6.000        6.000        6.000        6.000
   655:        6.000        6.000        6.000        6.000        6.000
   660:        6.000        6.000        6.000        6.000        6.000
   665:        6.000        6.000        6.000        6.000        6.000
   670:        6.000        6.000        6.000        6.000        6.000
   675:        6.000        6.000        6.000        6.000        6.000
   680:        6.000        6.000      100.000
T:
     0:        0.000        0.000        0.000        0.000       11.760
     5:       39.150      103.950      107.940      109.370      155.290
    10:      155.530      168.130      168.220      168.240      168.310
    15:      203.330      210.710      210.960      211.030      260.240
    20:      260.260      262.440      270.610      310.250      323.650
    25:      324.340      324.400      370.960      374.140      374.820
    30:      375.540      384.300      386.810      390.850      403.900
    35:      404.040      406.730      409.730      409.860      440.230
    40:      512.130      514.070      514.110      514.140      514.230
    45:      514.350      557.960      577.090      640.300      642.140
    50:      642.890      642.970      671.920      672.890      672.940
    55:      673.120      673.190      678.170      678.420      709.140
    60:      709.420      766.720      843.760      845.680      864.660
    65:      865.270      977.690      989.690      990.200      991.590
    70:      992.950      997.970     1005.430     1005.560     1005.580
    75:     1005.820     1006.150     1045.870     1104.710     1105.440
    80:     1105.630     1112.780     1112.850     1197.820     1249.250
    85:     1249.290     1262.190     1267.700     1298.630     1310.260
    90:     1310.260     1310.260     1310.270     1310.270     1310.270
    95:     1310.270     1310.270     1314.270     1315.270     1315.270
   100:     1317.600     1317.950     1320.260     1322.770     1324.130
   105:     1326.300     1326.370     1326.450     1327.530     1329.870
   110:     1335.020     1352.530     1352.530     1352.530     1352.540
   115:     1352.540     1352.540     1352.540     1352.540     1356.540
   120:     1357.540     1357.540     1361.470     1362.530     1367.410
   125:     1373.320     1375.210     1392.260     1397.880     1413.990
   130:     1482.450     1482.510     1484.450     1484.660     1484.940
   135:     1500.370     1500.560     1527.400     1584.540     1586.250
   140:     1594.520     1609.600     1610.840     1611.030     1611.160
   145:     1611.610     1611.930     1613.020     1613.250     1613.340
   150:     1613.710     1613.790     1614.330     1621.470     1621.870
   155:     1621.950     1622.710     1623.230     1671.500     1679.780
   160:     1712.340     1755.250     1765.090     1766.100     1803.450
   165:     2032.640     2149.220     2154.680     2213.110     2213.410
   170:     2213.660     2279.760     2300.290     2343.120     2365.310
   175:     2398.600     2399.000     2411.120     2422.090     2431.680
   180:     2443.590     2443.930     2456.990     2458.990     2460.120
   185:     2486.510     2494.590     2514.830     2514.870     2515.460
   190:     2518.030     2520.230     2543.530     2550.650     2551.270
   195:     2551.940     2592.440     2592.780     2635.770     2654.720
   200:     2732.470     2732.470     2732.470     2732.480     2732.480
   205:     2732.480     2732.480     2732.480     2736.480     2737.480
   210:     2737.480     2742.470     2752.640     2752.690     2757.770
   215:     2757.910     2758.670     2764.560     2776.000     2803.930
   220:     2805.410     2805.480     2805.540     2833.450     2837.140
   225:     2837.240     2837.550     2837.600     2864.260     2912.220
   230:     2912.930     2928.520     2940.770     2950.770     2951.210
   235:     3042.730     3192.410     3194.270     3195.050     3195.170
   240:     3195.450     3196.860     3197.010     3197.810     3198.160
   245:     3198.950     3402.390     3402.580     3402.980     3403.950
   250:     3702.240     3702.710     3717.550     3717.840     3729.930
   255:     3735.170     3735.740     3735.970     3736.560     3767.870
   260:     3799.850     3801.040     3803.390     3803.580     3803.630
   265:     3804.450     3804.510     3804.560     3818.240     3912.550
   270:     3919.510     4027.400     4045.400     4045.540     4074.840
   275:     4075.520     4100.150     4184.290     4208.190     4212.180
   280:     4212.430     4212.480     4212.810     4212.870     4213.490
   285:     4213.560     4214.670     4214.920     4238.750     4239.250
   290:     4239.610     4239.660     4297.090     4335.130     4336.370
   295:     4336.580     4336.760     4336.780     4337.120     4337.150
   300:     4337.900     4339.050     4339.170     4339.260     4339.830
   305:     4340.270     4340.370     4341.130     4341.800     4342.420
   310:     4342.840     4342.930     4343.520     4343.590     4354.010
   315:     4361.950     4364.760     4368.040     4369.230     4369.300
   320:     4369.450     4369.600     4369.610     4391.610     4404.010
   325:     4423.540     4430.600     4432.260     4432.630     4438.660
   330:     4520.200     4522.070     4522.270     4522.330     4522.430
   335:     4543.680     4543.760     4544.190     4547.620     4547.860
   340:     4548.570     4564.190     4566.840     4573.070     4573.460
   345:     4625.680     4636.820     4637.450     4643.080     4663.740
   350:     4670.180     4685.220     4691.140     4708.630     4708.630
   355:     4708.630     4708.640     4708.640     4708.640     4708.640
   360:     4708.640     4710.680     4710.680     4712.640     4713.640
   365:     4713.640     4718.630     4721.910     4728.640     4736.690
   370:     4750.930     4754.520     4761.560     4761.560     4761.560
   375:     4761.570     4761.570     4761.570     4761.570     4761.570
   380:     4765.570     4766.570     4766.570     4771.560     4781.840
   385:     4785.680     4787.360     4798.340     4798.340     4798.340
   390:     4798.350     4798.350     4798.350     4798.350     4798.350
   395:     4800.180     4800.180     4801.000     4801.000     4802.350
   400:     4803.350     4803.350     4807.830     4808.130     4808.340
   405:     4818.920     4818.920     4818.920     4818.930     4818.930
   410:     4818.930     4818.930     4818.930     4820.340     4820.340
   415:     4821.210     4821.210     4822.930     4823.840     4823.840
   420:     4823.930     4823.930     4826.500     4828.860     4828.920
   425:     4829.190     4851.420     4852.240     4852.460     4853.830
   430:     4882.570     4922.130     5362.170     5364.990     5432.520
   435:     5440.630     5440.750     5440.810     5441.010     5441.120
   440:     5441.400     5652.840     5825.460     5848.520     6045.240
   445:     6065.520     6070.530     6070.530     6070.530     6070.540
   450:     6070.540     6070.540     6070.540     6070.540     6073.630
   455:     6073.630     6074.120     6074.120     6074.540     6075.540
   460:     6075.540     6080.530     6081.020     6090.610     6100.830
   465:     6101.810     6102.490     6103.460     6104.310     6107.200
   470:     6113.010     6117.960     6181.960     6182.720     6189.510
   475:     6189.510     6189.510     6189.520     6189.520     6189.520
   480:     6189.520     6189.520     6191.340     6191.340     6193.520
   485:     6194.040     6194.040     6194.520     6194.520     6199.510
   490:     6201.890     6204.670     6204.900     6244.390     6276.770
   495:     6280.470     6282.860     6285.360     6285.800     6285.930
   500:     6293.580     6308.940     6309.010     6309.750     6310.480
   505:     6318.110     6324.820     6324.820     6324.820     6324.830
   510:     6324.830     6324.830     6324.830     6324.830     6328.830
   515:     6329.510     6329.830     6329.830     6334.820     7241.460
   520:     7259.020     7259.060     7260.460     7299.110     7320.030
   525:     7346.980     7347.400     7347.770     7347.790     7347.880
   530:     7347.910     7349.950     7364.590     7369.130     7373.450
   535:     7373.750     7373.780     7443.970     7591.190     7623.770
   540:     7653.640     7683.600     7684.020     7703.970     7707.720
   545:     7738.720     7777.200     7777.360     7778.470     7782.750
   550:     7784.330     7785.560     7879.290     7879.590     7880.170
   555:     7899.470     7903.290     7952.990     7975.060     8008.380
   560:     8010.850     8012.490     8021.120     8044.680     8066.130
   565:     8079.830     8131.640     8132.030     8132.640     8148.340
   570:     8148.340     8148.340     8148.340     8148.340     8148.340
   575:     8149.130     8152.340     8153.340     8153.340     8155.730
   580:     8157.800     8158.170     8158.330     8174.820     8184.850
   585:     8191.670     8191.670     8191.670     8191.670     8191.670
   590:     8191.670     8192.590     8192.590     8192.590     8195.670
   595:     8196.670     8196.670     8198.980     8198.980     8198.980
   600:     8198.980     8198.980     8200.480     8201.660     8202.980
   605:     8203.980     8203.980     8207.830     8209.920     8211.190
   610:     8215.490     8269.640     8291.690     8291.690     8291.690
   615:     8291.690     8291.690     8291.690     8292.160     8295.690
   620:     8296.100     8296.690     8296.690     8301.240     8301.680
   625:     8324.040     8682.700     8682.760     8682.860     8683.180
   630:     8950.330     8951.040     9007.200     9007.680     9012.710
   635:     9974.660     9981.600    10019.540    10022.800    10068.640
   640:    10131.520    10132.230    10164.720    10169.600    10171.190
   645:    10174.850    10187.530    10188.960    10189.080    10189.150
   650:    10189.730    10191.910    10192.420    10192.560    10192.950
   655:    10194.430    10194.490    10194.560    10220.780    10221.140
   660:    10225.070    10227.000    10227.340    10227.720    10228.150
   665:    10228.300    10228.860    10228.950    10230.290    10231.120
   670:    10231.220    10231.330    10231.360    10231.430    10231.600
   675:    10231.800    10231.890    10231.950    10244.210    10244.740
   680:    10244.900    10260.740    10800.010
