File: C:\MED-PC IV\DATA\!2025-09-12_13h25m.Subject T13



Start Date: 09/12/25
End Date: 09/12/25
Subject: T13
Experiment: OralFentSA
Group: One
Box: 1
Start Time: 13:25:03
End Time: 16:25:11
MSN: Golden_Liq_SelfAdmin_EXT_LIT
F:       0.000
G:    1394.000
H:   10800.010
I:       0.000
J:       0.000
K:       0.000
L:       0.000
M:       0.000
N:       0.000
O:       0.000
P:       0.000
Q:       0.000
R:       0.000
S:       0.000
U:       0.000
V:       0.000
W:       0.000
X:       0.000
Y:       0.000
Z:       0.000
A:
     0:        0.000        0.000      180.000        4.000        0.000
     5:        5.000        0.000        5.000        0.000        0.000
    10:        1.000        0.000       10.000 100000000.00       22.000
    15:       20.000      640.000        0.000        0.000        0.000
    20:        0.000
B:
     0:        0.000        0.000        0.000        0.000        0.000
     5:        0.000        0.000        0.000        0.000        0.000
    10:        0.000        0.000     1000.000 10000000000.        0.000
    15:        0.000        0.000        0.000        0.000        0.000
    20:        0.000
C:
     0:        0.000       41.000        0.000       63.000     1116.000
     5:     9983.380       10.050       35.000      742.510       21.215
    10:       63.000       28.000        0.000        0.000        0.000
    15:        0.000        0.000        0.000        0.000        0.000
    20:        0.000
D:
     0:       12.750        8.440       17.820       12.400        0.950
     5:       30.800        1.790        8.590       44.360       97.140
    10:       88.060        2.400       10.700        3.720        3.050
    15:        2.300       39.680        4.670       74.900       17.730
    20:        2.350        1.810        5.400        2.300       21.040
    25:        2.140       42.390       23.860       13.370       49.630
    30:       46.530       21.620       14.220        3.550       10.050
E:
     0:       19.000       11.000       26.000       27.000        6.000
     5:        6.000        6.000        6.000        6.000        6.000
    10:        6.000        6.000        6.000        6.000        6.000
    15:        6.000        6.000        2.000        4.000       22.000
    20:       24.000       19.000        6.000        6.000        6.000
    25:        6.000        6.000        6.000        6.000        6.000
    30:        6.000        6.000        6.000        6.000        2.000
    35:        4.000       22.000       24.000        6.000        6.000
    40:       19.000        6.000        6.000        6.000        6.000
    45:        6.000        6.000        6.000        6.000        6.000
    50:        6.000        6.000        6.000        6.000        6.000
    55:        6.000        6.000        6.000        6.000        6.000
    60:        6.000        6.000        6.000        6.000        6.000
    65:        6.000        6.000        6.000        6.000        6.000
    70:        6.000        6.000        6.000        6.000        6.000
    75:        2.000        4.000       22.000       24.000       21.000
    80:       22.000       19.000        6.000        6.000        6.000
    85:        6.000        6.000        6.000        6.000        6.000
    90:        6.000        2.000        4.000       22.000       24.000
    95:       21.000       22.000       19.000        6.000        6.000
   100:        6.000        6.000        6.000        6.000        6.000
   105:        6.000        6.000        6.000        6.000        6.000
   110:        6.000        6.000        6.000        6.000        6.000
   115:        6.000       23.000        6.000       23.000       23.000
   120:        6.000        6.000        6.000        6.000        6.000
   125:        6.000        6.000        6.000        6.000        6.000
   130:        6.000        6.000        6.000        6.000        6.000
   135:        6.000        6.000        6.000        6.000        6.000
   140:        2.000        4.000       22.000       24.000        6.000
   145:       21.000       22.000       19.000        6.000        6.000
   150:        6.000        6.000        6.000        6.000        6.000
   155:        2.000        4.000       22.000       24.000       19.000
   160:        6.000        6.000        6.000        6.000        6.000
   165:        6.000        6.000        6.000        6.000        6.000
   170:        6.000        6.000        6.000        6.000        6.000
   175:        6.000        6.000        6.000        6.000        6.000
   180:        6.000        6.000        6.000        6.000        6.000
   185:        2.000        4.000       22.000       24.000        6.000
   190:        6.000        6.000        6.000        6.000        6.000
   195:        6.000        6.000        6.000       19.000        6.000
   200:        6.000       23.000        6.000        2.000        4.000
   205:       22.000       24.000       21.000       22.000        6.000
   210:        6.000        6.000       19.000        6.000        6.000
   215:        6.000        6.000        6.000        6.000        6.000
   220:        6.000        6.000        6.000        6.000        6.000
   225:        6.000        6.000        6.000        6.000        6.000
   230:        6.000        6.000        6.000        6.000        6.000
   235:        2.000        4.000       22.000       24.000       19.000
   240:        6.000        6.000        6.000        6.000        6.000
   245:        6.000        2.000        4.000       22.000       24.000
   250:       21.000       22.000       19.000       23.000       23.000
   255:       23.000       23.000       23.000       23.000       23.000
   260:       23.000        6.000        6.000        6.000        6.000
   265:        6.000        6.000        6.000        6.000        6.000
   270:        6.000        6.000        6.000        6.000        6.000
   275:        6.000        6.000        6.000        6.000        6.000
   280:        6.000        6.000        6.000        6.000        6.000
   285:        6.000        6.000        6.000        6.000        6.000
   290:        6.000        6.000        6.000        6.000        6.000
   295:        6.000        6.000        6.000        2.000        4.000
   300:       22.000       24.000       19.000        6.000        6.000
   305:        6.000        6.000        6.000        6.000        6.000
   310:        2.000        4.000       22.000       24.000       19.000
   315:        2.000        4.000       22.000       24.000        6.000
   320:        6.000        6.000       19.000        6.000        6.000
   325:        6.000        6.000        6.000        6.000        6.000
   330:        6.000        6.000        6.000        6.000        6.000
   335:        6.000        6.000        6.000        6.000        6.000
   340:        6.000        6.000        6.000        6.000        6.000
   345:        6.000        6.000        6.000        6.000        6.000
   350:        6.000        6.000        6.000        6.000        6.000
   355:        6.000        6.000        6.000        6.000        6.000
   360:        6.000        6.000        6.000        6.000        2.000
   365:        4.000       22.000       24.000       21.000       22.000
   370:       21.000       22.000       21.000       22.000       19.000
   375:        6.000        6.000        6.000        6.000        6.000
   380:        6.000        6.000        6.000        6.000        6.000
   385:        6.000        6.000        6.000        6.000        6.000
   390:        6.000        6.000        6.000        6.000        6.000
   395:        2.000        4.000       22.000       24.000        6.000
   400:        6.000       21.000       22.000       19.000        2.000
   405:        4.000       22.000       24.000        6.000        6.000
   410:        6.000        6.000       19.000        6.000        6.000
   415:        6.000        6.000        6.000        6.000        6.000
   420:        6.000        6.000        6.000        6.000        6.000
   425:        6.000        6.000        6.000        6.000        6.000
   430:        6.000        6.000        6.000        6.000        6.000
   435:        6.000        6.000        6.000        6.000        6.000
   440:        6.000        6.000        6.000        6.000        6.000
   445:        6.000        6.000        6.000        6.000        6.000
   450:        6.000        6.000        6.000        6.000        6.000
   455:        6.000        6.000        6.000        6.000        6.000
   460:        6.000        6.000        6.000        6.000        6.000
   465:        6.000        6.000        6.000        6.000        6.000
   470:        6.000        6.000        6.000        6.000        6.000
   475:       23.000       23.000       23.000       23.000       23.000
   480:       23.000       23.000        2.000        4.000       22.000
   485:       24.000        6.000       19.000        6.000        6.000
   490:        2.000        4.000       22.000       24.000       19.000
   495:        6.000        6.000        6.000        6.000        6.000
   500:        6.000        6.000        6.000        6.000        6.000
   505:        6.000        6.000        2.000        4.000       22.000
   510:       24.000       21.000       22.000       19.000        2.000
   515:        4.000       22.000       24.000       21.000       22.000
   520:        6.000       19.000        6.000        6.000        6.000
   525:       23.000        6.000        6.000        6.000        6.000
   530:        6.000        6.000        6.000        6.000        6.000
   535:        6.000        6.000        6.000        6.000        6.000
   540:        6.000        6.000        6.000        6.000        6.000
   545:        6.000        6.000        6.000        2.000        4.000
   550:       22.000       24.000       19.000        6.000        6.000
   555:        6.000        2.000        4.000       22.000       24.000
   560:       19.000        6.000        6.000        6.000        6.000
   565:        6.000        6.000        6.000        6.000        6.000
   570:        6.000        6.000        6.000        6.000        6.000
   575:        6.000        6.000        6.000        6.000        6.000
   580:        6.000        6.000        6.000        6.000        6.000
   585:        6.000        2.000        4.000       22.000       24.000
   590:       21.000       22.000        6.000        6.000       19.000
   595:        6.000        2.000        4.000       22.000       24.000
   600:        6.000       21.000       22.000       19.000        2.000
   605:        4.000       22.000       24.000        6.000        6.000
   610:        6.000        6.000        6.000        6.000        6.000
   615:        6.000        6.000        6.000        6.000       19.000
   620:        6.000        6.000        6.000        6.000        6.000
   625:        6.000        6.000        6.000        6.000        6.000
   630:        6.000        6.000        6.000        6.000        6.000
   635:        6.000        6.000        6.000        6.000        6.000
   640:        6.000        6.000        6.000        6.000        6.000
   645:        6.000        6.000        6.000        6.000        6.000
   650:        6.000        6.000        6.000        6.000        6.000
   655:        6.000        6.000        6.000        6.000        6.000
   660:        6.000        6.000        6.000        6.000        6.000
   665:        6.000        6.000        6.000        6.000        6.000
   670:        6.000        6.000        6.000        6.000        6.000
   675:        6.000        6.000        2.000        4.000       22.000
   680:       24.000        6.000        6.000       19.000        6.000
   685:        6.000        6.000        6.000        6.000        6.000
   690:        6.000        6.000        6.000        6.000        6.000
   695:        6.000        6.000        6.000        6.000        6.000
   700:        6.000        6.000        6.000        6.000        6.000
   705:        6.000        6.000        2.000        4.000       22.000
   710:       24.000       21.000       22.000       19.000        6.000
   715:        6.000        6.000        6.000        6.000        6.000
   720:        6.000        6.000        2.000        4.000       22.000
   725:       24.000        6.000        6.000        6.000        6.000
   730:        6.000        6.000       19.000        6.000        6.000
   735:        6.000        6.000        6.000        6.000        2.000
   740:        4.000       22.000       24.000       19.000        2.000
   745:        4.000       22.000       24.000       21.000       22.000
   750:       21.000       22.000       19.000        2.000        4.000
   755:       22.000       24.000       19.000        6.000        6.000
   760:        2.000        4.000       22.000       24.000       21.000
   765:       22.000       21.000       22.000       19.000        6.000
   770:        6.000        2.000        4.000       22.000       24.000
   775:       19.000        2.000        4.000       22.000       24.000
   780:       21.000       22.000       19.000        6.000        6.000
   785:        6.000        6.000        6.000        2.000        4.000
   790:       22.000       24.000       19.000        6.000        6.000
   795:        2.000        4.000       22.000       24.000       19.000
   800:        6.000        6.000        6.000        6.000        6.000
   805:        6.000        6.000        6.000        6.000        6.000
   810:        6.000        6.000        6.000       23.000       23.000
   815:       23.000        6.000       23.000        6.000        6.000
   820:        6.000        6.000        6.000        6.000        6.000
   825:        6.000        6.000        6.000        6.000        6.000
   830:        6.000        6.000        6.000        6.000        6.000
   835:        6.000        6.000        6.000        6.000        6.000
   840:        6.000        6.000        2.000        4.000       22.000
   845:       24.000       19.000        6.000        6.000        6.000
   850:        6.000        6.000        6.000        6.000        6.000
   855:        6.000        6.000        2.000        4.000       22.000
   860:       24.000       21.000       22.000       21.000       22.000
   865:       19.000        6.000        6.000        6.000        6.000
   870:        6.000        6.000        6.000        6.000        6.000
   875:       23.000        6.000        6.000        6.000        6.000
   880:        6.000        6.000        6.000        6.000        6.000
   885:        6.000        6.000        6.000        6.000        6.000
   890:        6.000        6.000       23.000       23.000       23.000
   895:        6.000        6.000        6.000        6.000        6.000
   900:        6.000        6.000        6.000        6.000        6.000
   905:        6.000        6.000        6.000        6.000        6.000
   910:        6.000        6.000        6.000        6.000        6.000
   915:        6.000        6.000        6.000        6.000        6.000
   920:        6.000        6.000        6.000        6.000        6.000
   925:        6.000        6.000        6.000        6.000        6.000
   930:        6.000        6.000        6.000        6.000        6.000
   935:        6.000        6.000        6.000        6.000        6.000
   940:        6.000        6.000        6.000        6.000        6.000
   945:        6.000        6.000        6.000        6.000        6.000
   950:        6.000        6.000        6.000        6.000        6.000
   955:        6.000        6.000        6.000        6.000        6.000
   960:        6.000        6.000        6.000        6.000        6.000
   965:        6.000        6.000        6.000        6.000        6.000
   970:        6.000        6.000        6.000        6.000        6.000
   975:        6.000        6.000        6.000        6.000        6.000
   980:        6.000        6.000        6.000        6.000        6.000
   985:        6.000        6.000        6.000        6.000        6.000
   990:        6.000        6.000        6.000        6.000        6.000
   995:        6.000        6.000        6.000        6.000        6.000
  1000:        6.000        6.000        6.000        6.000        6.000
  1005:        6.000        6.000        6.000        6.000        6.000
  1010:        6.000        6.000        6.000        6.000        6.000
  1015:        6.000        6.000        6.000        6.000        6.000
  1020:        6.000        6.000        6.000        6.000        6.000
  1025:        6.000        6.000        6.000        6.000        6.000
  1030:        6.000        6.000        6.000        6.000        6.000
  1035:        6.000        6.000        6.000        6.000        6.000
  1040:        6.000        6.000        6.000        6.000        6.000
  1045:        6.000        6.000        6.000        6.000        6.000
  1050:        6.000        6.000        6.000        6.000        6.000
  1055:        6.000        6.000        6.000        6.000        6.000
  1060:        6.000        6.000        6.000        6.000        6.000
  1065:        6.000        6.000        6.000        6.000        6.000
  1070:        6.000        6.000        6.000        6.000        6.000
  1075:        6.000        6.000        6.000        6.000        6.000
  1080:        6.000        6.000        6.000        6.000        6.000
  1085:        6.000        6.000        6.000        6.000        6.000
  1090:        6.000        6.000        6.000        6.000        6.000
  1095:        6.000        6.000        6.000        6.000        6.000
  1100:        6.000        6.000        6.000        6.000        6.000
  1105:        6.000        6.000        6.000        6.000        6.000
  1110:        6.000        6.000        6.000        6.000        6.000
  1115:        6.000        6.000        6.000        6.000        6.000
  1120:        6.000        6.000        6.000        6.000        6.000
  1125:        6.000        6.000        6.000        6.000        6.000
  1130:        6.000        6.000        6.000        6.000        6.000
  1135:        6.000        6.000        6.000        6.000        6.000
  1140:        6.000        6.000        6.000        6.000        6.000
  1145:        6.000        6.000        6.000        6.000        6.000
  1150:        6.000        6.000        6.000        6.000        6.000
  1155:        6.000        6.000        6.000        6.000        6.000
  1160:        6.000        6.000        6.000        6.000        6.000
  1165:        6.000        6.000        6.000        6.000        6.000
  1170:        6.000        6.000        6.000        6.000        6.000
  1175:        6.000        6.000        6.000        6.000        6.000
  1180:        6.000        6.000        6.000        6.000        6.000
  1185:        6.000        6.000        6.000        6.000        6.000
  1190:        6.000        6.000        6.000        6.000        6.000
  1195:        6.000        6.000        6.000        6.000        6.000
  1200:        6.000        6.000        6.000        6.000        6.000
  1205:        6.000        6.000        6.000        6.000        6.000
  1210:        6.000        6.000        6.000        6.000        6.000
  1215:        6.000        6.000        6.000        6.000        6.000
  1220:        6.000        6.000        6.000        6.000        6.000
  1225:        6.000        6.000        6.000        6.000        6.000
  1230:        6.000        6.000        6.000        6.000        6.000
  1235:        6.000        6.000        6.000        6.000        6.000
  1240:        6.000        6.000        6.000        6.000        6.000
  1245:        6.000        6.000        6.000        6.000        6.000
  1250:        6.000        6.000        6.000        6.000        6.000
  1255:        6.000        6.000        6.000        6.000        6.000
  1260:        6.000        6.000        6.000        6.000        6.000
  1265:        6.000        6.000        6.000        6.000        6.000
  1270:        6.000        6.000        6.000        6.000        6.000
  1275:        6.000        6.000        2.000        4.000       22.000
  1280:       24.000        6.000        6.000       19.000        6.000
  1285:        6.000        6.000        6.000        6.000        6.000
  1290:        6.000        6.000        6.000        6.000        6.000
  1295:        6.000        6.000        6.000        6.000        6.000
  1300:        6.000        6.000        6.000        6.000        6.000
  1305:        6.000        6.000        6.000        6.000        6.000
  1310:        6.000        6.000        6.000        6.000        6.000
  1315:        6.000        6.000        6.000        6.000        6.000
  1320:        6.000        6.000        6.000        6.000        6.000
  1325:        6.000        6.000        6.000        6.000        6.000
  1330:        6.000        6.000        6.000        6.000        6.000
  1335:        6.000        2.000        4.000       22.000       24.000
  1340:       21.000       22.000       21.000       22.000       19.000
  1345:        6.000        6.000        6.000        6.000        6.000
  1350:        6.000        6.000        6.000        6.000        6.000
  1355:        6.000        6.000        6.000        6.000        6.000
  1360:        6.000        6.000        6.000        6.000        6.000
  1365:        6.000        6.000        6.000        6.000        6.000
  1370:        6.000        6.000        6.000        6.000        6.000
  1375:        6.000        6.000        6.000        6.000        6.000
  1380:        6.000        6.000        6.000        6.000        6.000
  1385:        6.000        6.000        6.000        6.000        6.000
  1390:        6.000        6.000        6.000        6.000      100.000
T:
     0:        0.000        0.000        0.000        0.000       59.010
     5:       60.450       61.530       61.620       70.280       70.650
    10:       70.700       70.820      107.710      108.090      108.420
    15:      110.810      122.300      139.760      139.760      139.760
    20:      139.770      149.760      152.520      152.870      153.740
    25:      154.590      175.190      176.230      176.390      189.620
    30:      203.080      247.110      247.560      256.260      265.710
    35:      265.710      265.710      265.720      274.160      274.850
    40:      275.710      315.230      315.490      317.590      324.330
    45:      325.040      325.260      326.770      329.270      358.640
    50:      359.010      359.740      360.320      383.560      399.160
    55:      418.210      420.040      424.380      427.020      427.040
    60:      427.250      427.770      430.000      431.850      465.470
    65:      521.610      522.550      557.320      557.960      576.170
    70:      578.600      590.640      590.970      640.820      682.980
    75:      715.300      715.300      715.300      715.310      723.810
    80:      723.810      725.300      733.130      742.160      768.000
    85:      769.150      861.180      861.220      861.230      898.810
    90:      906.970      910.290      910.290      910.290      910.300
    95:      917.380      917.380      920.290      922.700      922.930
   100:      923.790      925.850      925.930      926.000      926.040
   105:      926.140      929.330      933.270      941.650      941.830
   110:     1013.880     1014.270     1014.870     1015.000     1016.790
   115:     1017.840     1033.740     1093.550     1129.790     1129.900
   120:     1151.720     1152.450     1153.570     1154.560     1158.080
   125:     1158.200     1158.470     1158.750     1159.680     1160.760
   130:     1175.800     1176.320     1176.760     1186.020     1190.170
   135:     1191.160     1195.510     1197.200     1200.050     1202.020
   140:     1210.620     1210.620     1210.620     1210.630     1211.580
   145:     1213.590     1213.590     1220.620     1224.190     1227.260
   150:     1306.850     1313.890     1314.450     1314.470     1414.610
   155:     1417.210     1417.210     1417.210     1417.220     1427.210
   160:     1448.020     1503.960     1528.710     1529.360     1529.690
   165:     1529.910     1530.040     1530.450     1530.660     1535.570
   170:     1559.640     1561.530     1562.050     1562.100     1562.370
   175:     1563.290     1563.950     1571.400     1572.420     1573.680
   180:     1574.080     1574.090     1574.220     1575.830     1576.070
   185:     1578.380     1578.380     1578.380     1578.390     1580.180
   190:     1580.750     1580.830     1580.860     1583.970     1584.040
   195:     1584.320     1586.400     1586.470     1588.380     1614.430
   200:     1669.570     1762.910     1781.690     1783.450     1783.450
   205:     1783.450     1783.460     1785.610     1785.610     1792.050
   210:     1792.780     1793.110     1793.450     1794.040     1798.130
   215:     1808.540     1808.850     1808.930     1809.200     1810.610
   220:     1810.640     1811.200     1811.340     1812.250     1820.700
   225:     1821.260     1821.540     1821.720     1821.860     1821.970
   230:     1822.100     1822.460     1874.470     1874.960     2012.260
   235:     2047.400     2047.400     2047.400     2047.410     2057.400
   240:     2091.770     2092.490     2092.820     2092.880     2093.130
   245:     2093.500     2095.000     2095.000     2095.000     2095.010
   250:     2096.290     2096.290     2105.000     2129.130     2129.670
   255:     2133.810     2134.120     2143.210     2143.290     2144.640
   260:     2144.760     2192.150     2244.140     2249.730     2250.180
   265:     2253.120     2253.190     2254.650     2260.340     2265.310
   270:     2268.370     2271.010     2272.230     2320.090     2322.330
   275:     2354.680     2357.110     2412.280     2528.540     2533.150
   280:     2544.710     2545.100     2547.260     2547.280     2548.160
   285:     2589.250     2589.900     2623.290     2685.600     2696.690
   290:     2705.170     2709.880     2710.500     2711.040     2711.320
   295:     2711.740     2714.520     2788.550     2793.750     2793.750
   300:     2793.750     2793.760     2803.750     2881.820     2943.330
   305:     2944.760     2944.800     2967.260     2968.880     2969.950
   310:     2972.360     2972.360     2972.360     2972.370     2982.360
   315:     3070.210     3070.210     3070.210     3070.220     3072.620
   320:     3073.520     3074.130     3080.210     3111.050     3127.660
   325:     3145.420     3145.510     3152.190     3160.450     3161.570
   330:     3164.260     3164.580     3167.800     3168.100     3192.480
   335:     3197.010     3266.670     3287.730     3300.970     3301.820
   340:     3302.710     3303.030     3303.170     3303.280     3308.710
   345:     3369.600     3369.680     3438.770     3555.510     3555.850
   350:     3557.510     3557.800     3558.710     3559.800     3560.080
   355:     3560.120     3561.730     3609.600     3630.010     3666.610
   360:     3667.010     3669.030     3715.860     3716.210     3777.620
   365:     3777.620     3777.620     3777.630     3777.790     3777.790
   370:     3782.340     3782.340     3783.510     3783.510     3787.620
   375:     3788.330     3788.920     3789.080     3796.770     3797.210
   380:     3798.650     3799.100     3800.300     3801.810     3801.950
   385:     3802.040     3802.150     3802.360     3802.460     3802.620
   390:     3803.580     3809.190     3827.920     3828.360     3833.520
   395:     3861.510     3861.510     3861.510     3861.520     3865.240
   400:     3865.890     3868.860     3868.860     3871.510     3872.700
   405:     3872.700     3872.700     3872.710     3875.760     3877.580
   410:     3878.140     3878.330     3882.700     3882.960     3884.740
   415:     3887.410     3896.510     3898.020     3898.140     3898.540
   420:     3899.090     3901.810     3902.200     3902.240     3902.350
   425:     3902.440     3902.990     3903.540     3903.900     3904.550
   430:     3905.330     3911.860     3912.290     3913.100     3922.720
   435:     3922.870     3923.560     3923.620     3923.810     3924.210
   440:     3924.750     3925.050     3925.500     3937.800     3939.080
   445:     3939.130     3939.380     3940.230     3940.450     3940.580
   450:     3940.700     3941.370     3941.720     3941.810     3941.840
   455:     3941.870     3941.910     3942.040     3984.150     4003.110
   460:     4013.380     4015.770     4016.070     4086.020     4105.380
   465:     4106.690     4155.370     4156.590     4156.780     4156.830
   470:     4156.850     4157.490     4163.460     4189.310     4192.440
   475:     4200.910     4201.600     4202.120     4202.720     4204.020
   480:     4205.450     4207.030     4227.650     4227.650     4227.650
   485:     4227.660     4229.960     4237.650     4298.240     4299.060
   490:     4364.770     4364.770     4364.770     4364.780     4374.770
   495:     4404.460     4406.490     4429.070     4444.990     4445.560
   500:     4445.820     4467.390     4511.780     4512.440     4520.690
   505:     4522.080     4522.180     4546.480     4546.480     4546.480
   510:     4546.490     4554.940     4554.940     4556.480     4568.250
   515:     4568.250     4568.250     4568.260     4570.990     4570.990
   520:     4572.930     4578.250     4578.520     4661.920     4685.580
   525:     4704.890     4743.640     4745.170     4861.750     4864.060
   530:     4865.410     4866.900     4867.320     4867.350     4867.460
   535:     4867.750     4868.000     4912.470     4927.930     4987.270
   540:     5086.430     5106.700     5108.270     5132.620     5139.910
   545:     5147.870     5151.570     5162.970     5175.480     5175.480
   550:     5175.480     5175.490     5185.480     5250.390     5269.980
   555:     5305.730     5309.370     5309.370     5309.370     5309.380
   560:     5319.370     5327.110     5329.300     5333.030     5339.420
   565:     5341.360     5343.360     5385.720     5386.120     5402.960
   570:     5466.390     5470.770     5549.110     5554.310     5554.520
   575:     5555.070     5556.100     5557.700     5557.740     5558.140
   580:     5558.200     5578.860     5582.300     5584.360     5585.500
   585:     5585.650     5601.380     5601.380     5601.380     5601.390
   590:     5601.870     5601.870     5603.740     5604.270     5611.380
   595:     5626.760     5643.760     5643.760     5643.760     5643.770
   600:     5645.580     5651.590     5651.590     5653.760     5657.000
   605:     5657.000     5657.000     5657.010     5662.410     5664.730
   610:     5664.810     5664.900     5665.010     5665.040     5665.240
   615:     5665.270     5665.350     5665.440     5666.830     5667.000
   620:     5667.260     5667.960     5668.070     5668.130     5668.200
   625:     5668.680     5669.190     5669.220     5669.490     5670.570
   630:     5674.790     5675.520     5678.030     5678.370     5678.990
   635:     5680.960     5688.600     5690.460     5690.510     5690.900
   640:     5693.580     5699.080     5699.400     5699.490     5703.820
   645:     5707.840     5708.220     5708.700     5711.960     5712.110
   650:     5712.390     5713.180     5713.400     5713.720     5713.830
   655:     5714.380     5715.360     5718.540     5719.180     5719.290
   660:     5720.760     5723.510     5726.510     5734.140     5738.760
   665:     5743.200     5744.330     5765.360     6015.650     6019.490
   670:     6019.540     6022.480     6022.790     6023.710     6024.360
   675:     6025.050     6039.300     6063.030     6063.030     6063.030
   680:     6063.040     6065.340     6067.160     6073.030     6120.150
   685:     6201.220     6201.340     6202.130     6202.670     6202.750
   690:     6202.810     6202.850     6202.960     6203.070     6203.200
   695:     6203.270     6203.610     6204.350     6204.510     6204.660
   700:     6228.300     6297.410     6325.360     6326.910     6327.000
   705:     6327.480     6336.490     6342.900     6342.900     6342.900
   710:     6342.910     6345.310     6345.310     6352.900     6363.950
   715:     6365.240     6365.450     6365.580     6365.640     6365.770
   720:     6366.300     6366.370     6383.340     6383.340     6383.340
   725:     6383.350     6385.490     6387.280     6387.460     6388.390
   730:     6390.640     6391.560     6393.340     6412.790     6419.490
   735:     6430.860     6442.700     6452.070     6455.760     6461.620
   740:     6461.620     6461.620     6461.630     6471.620     6481.280
   745:     6481.280     6481.280     6481.290     6485.760     6485.760
   750:     6490.440     6490.440     6491.280     6493.520     6493.520
   755:     6493.520     6493.530     6503.520     6535.920     6536.060
   760:     6549.380     6549.380     6549.380     6549.390     6553.090
   765:     6553.090     6557.570     6557.570     6559.380     6573.250
   770:     6573.690     6588.740     6588.740     6588.740     6588.750
   775:     6598.740     6602.560     6602.560     6602.560     6602.570
   780:     6608.680     6608.680     6612.560     6615.940     6617.130
   785:     6617.910     6625.150     6635.790     6675.390     6675.390
   790:     6675.390     6675.400     6685.390     6725.030     6725.380
   795:     6728.370     6728.370     6728.370     6728.380     6738.370
   800:     6774.910     6776.390     6859.880     6860.740     6875.630
   805:     6875.770     6876.620     6876.700     6877.660     6878.740
   810:     6880.290     6884.220     6886.720     6892.470     6893.620
   815:     6894.180     6946.700     6966.760     6978.320     7036.430
   820:     7036.780     7037.920     7038.080     7038.150     7179.820
   825:     7180.510     7182.810     7184.780     7270.110     7293.490
   830:     7304.830     7304.980     7306.810     7307.370     7307.490
   835:     7307.530     7308.490     7382.070     7382.550     7468.660
   840:     7471.510     7491.800     7494.080     7494.080     7494.080
   845:     7494.090     7504.080     7515.710     7515.740     7523.980
   850:     7524.630     7560.520     7560.560     7575.200     7575.610
   855:     7575.690     7576.100     7578.660     7578.660     7578.660
   860:     7578.670     7585.580     7585.580     7586.440     7586.440
   865:     7588.660     7592.890     7593.470     7603.650     7604.390
   870:     7604.840     7638.070     7641.670     7641.970     7642.200
   875:     7709.720     7740.900     7747.960     7748.720     7749.490
   880:     7750.020     7754.710     7772.030     7799.790     7800.210
   885:     7804.430     7805.870     7806.980     7808.570     7814.270
   890:     7816.290     7817.280     7844.430     7847.320     7848.550
   895:     7856.880     7861.560     7864.790     7866.310     7866.320
   900:     7878.550     7879.620     7879.790     7880.400     7881.450
   905:     7883.320     7887.450     7888.000     7889.290     7894.020
   910:     7894.480     7896.560     7898.070     7898.560     7908.220
   915:     7914.870     7916.940     7917.330     7917.490     7917.640
   920:     7919.680     7919.820     7921.500     7921.630     7923.050
   925:     7927.140     7927.250     7927.760     7930.940     7932.040
   930:     7933.830     7937.190     7937.380     7943.410     7944.590
   935:     8085.430     8087.520     8088.300     8088.380     8088.500
   940:     8125.660     8126.420     8126.870     8189.990     8225.090
   945:     8226.370     8237.300     8247.110     8257.020     8257.370
   950:     8259.950     8261.000     8261.500     8262.480     8262.700
   955:     8262.800     8263.930     8270.990     8271.410     8272.750
   960:     8273.390     8274.390     8275.980     8276.020     8276.770
   965:     8277.010     8277.310     8277.720     8279.830     8280.870
   970:     8281.110     8281.160     8282.920     8283.000     8283.100
   975:     8283.510     8285.000     8285.280     8298.240     8299.340
   980:     8300.010     8304.320     8304.500     8304.510     8305.820
   985:     8307.000     8307.650     8308.140     8308.180     8308.350
   990:     8308.400     8318.070     8319.320     8319.590     8319.620
   995:     8319.650     8320.530     8321.070     8321.720     8321.810
  1000:     8321.890     8340.450     8340.940     8341.660     8344.140
  1005:     8346.460     8347.220     8348.890     8353.680     8353.920
  1010:     8353.960     8355.160     8355.320     8355.380     8355.410
  1015:     8361.650     8361.830     8362.090     8364.010     8364.080
  1020:     8364.720     8364.900     8365.730     8365.800     8366.470
  1025:     8369.090     8370.130     8371.810     8371.860     8372.140
  1030:     8372.730     8373.450     8373.600     8374.020     8384.630
  1035:     8385.050     8407.730     8408.980     8520.520     8524.370
  1040:     8524.460     8524.610     8524.670     8525.450     8526.560
  1045:     8526.620     8526.840     8527.650     8528.280     8528.700
  1050:     8530.530     8530.720     8530.860     8533.680     8534.540
  1055:     8534.990     8535.480     8535.940     8540.980     8542.050
  1060:     8542.700     8542.920     8543.680     8545.200     8545.860
  1065:     8546.100     8546.170     8546.790     8550.590     8550.760
  1070:     8551.010     8556.040     8563.750     8564.540     8572.330
  1075:     8572.750     8574.770     8574.930     8575.640     8577.110
  1080:     8578.540     8580.770     8581.500     8581.900     8582.030
  1085:     8582.890     8585.040     8619.240     8619.700     8620.580
  1090:     8620.890     8623.360     8637.520     8638.250     8642.380
  1095:     8643.280     8647.000     8647.530     8648.490     8648.620
  1100:     8648.690     8648.810     8650.160     8650.240     8650.310
  1105:     8653.830     8654.240     8664.600     8664.980     8665.080
  1110:     8672.760     8676.080     8676.250     8679.930     8694.720
  1115:     8750.020     8750.290     8752.110     8752.130     8752.710
  1120:     8757.970     8764.800     8765.940     8775.470     8775.770
  1125:     8777.030     8830.700     8831.280     8835.990     8897.140
  1130:     8900.700     8902.450     8902.510     8902.610     8903.610
  1135:     8905.930     8915.190     8917.180     8917.520     8919.280
  1140:     8921.860     8928.140     8928.970     8930.420     8930.660
  1145:     8932.740     8933.340     8933.410     8933.610     8933.920
  1150:     8940.800     8941.330     8943.250     8944.600     8945.580
  1155:     8945.960     8947.640     8949.350     8950.710     8953.170
  1160:     8953.980     8954.800     8954.850     8954.910     8954.950
  1165:     8956.740     8957.980     8958.220     8959.460     8963.760
  1170:     8964.340     8964.440     8966.470     8968.650     8969.090
  1175:     8969.530     8972.050     8973.140     8978.900     8979.420
  1180:     8979.500     8980.200     8980.900     8982.550     8984.460
  1185:     8984.670     8984.770     8985.680     8986.570     8986.820
  1190:     8987.800     8993.280     8993.500     8995.690     8996.340
  1195:     8998.830     9002.910     9003.570     9006.640     9007.900
  1200:     9012.590     9014.150     9014.350     9014.500     9014.560
  1205:     9014.670     9032.050     9032.390     9032.410     9032.540
  1210:     9040.140     9040.380     9040.540     9041.330     9042.530
  1215:     9056.080     9059.980     9061.190     9061.630     9062.720
  1220:     9063.520     9067.340     9067.410     9067.460     9079.040
  1225:     9079.870     9080.020     9089.860     9093.980     9094.490
  1230:     9107.380     9107.570     9109.560     9113.880     9114.480
  1235:     9120.120     9121.720     9124.830     9126.400     9129.270
  1240:     9129.290     9132.160     9132.410     9135.910     9136.300
  1245:     9136.430     9136.730     9137.020     9137.450     9138.010
  1250:     9144.230     9196.890     9197.340     9198.870     9339.720
  1255:     9339.810     9340.440     9366.740     9377.280     9377.860
  1260:     9377.910     9379.490     9395.580     9396.560     9440.320
  1265:     9441.210     9445.840     9446.150     9446.450     9464.640
  1270:     9486.540     9486.590     9487.010     9487.780     9489.160
  1275:     9525.240     9525.400     9583.450     9583.450     9583.450
  1280:     9583.460     9587.010     9587.370     9593.450     9598.600
  1285:     9598.760     9599.350     9600.060     9600.460     9600.710
  1290:     9600.900     9601.220     9601.390     9601.570     9604.750
  1295:     9605.270     9605.630     9682.020     9682.560     9702.030
  1300:     9787.120     9817.040     9817.230     9817.700     9854.860
  1305:     9855.460     9856.650     9861.070     9866.590     9869.740
  1310:     9870.510     9870.850     9870.920     9874.880     9875.730
  1315:     9878.240     9912.280     9919.700     9920.890     9927.170
  1320:     9936.440     9936.650     9944.550     9946.180     9947.070
  1325:     9951.590     9952.310     9955.520     9956.180     9963.050
  1330:     9963.460     9965.320     9966.160     9971.520     9972.530
  1335:     9973.940     9983.370     9983.370     9983.370     9983.380
  1340:     9984.770     9984.770     9989.460     9989.460     9993.370
  1345:     9993.430     9994.660    10007.140    10007.850    10007.920
  1350:    10008.010    10014.190    10014.660    10030.290    10030.610
  1355:    10044.140    10095.920    10105.090    10340.320    10341.260
  1360:    10344.120    10344.410    10349.360    10410.540    10411.520
  1365:    10412.620    10412.710    10426.670    10427.130    10429.150
  1370:    10460.330    10472.860    10473.240    10501.670    10501.790
  1375:    10603.540    10608.340    10608.990    10614.160    10614.880
  1380:    10615.640    10701.160    10701.440    10714.310    10714.600
  1385:    10714.980    10717.000    10740.780    10741.580    10748.990
  1390:    10750.240    10750.540    10754.630    10757.060    10800.010
