File: C:\MED-PC IV\DATA\!2025-08-18_12h59m.Subject T13



Start Date: 08/18/25
End Date: 08/18/25
Subject: T13
Experiment: OralFentSA
Group: One
Box: 1
Start Time: 12:59:28
End Time: 15:59:52
MSN: Golden_Liq_SelfAdmin_LIT
F:       0.000
G:    1249.000
H:   10800.010
I:       0.000
J:       0.000
K:       0.000
L:       0.000
M:       0.000
N:       0.000
O:       0.000
P:       0.000
Q:       0.000
R:       0.000
S:       0.000
U:       0.000
V:       0.000
W:       0.000
X:       0.000
Y:       0.000
Z:       0.000
A:
     0:        0.000        0.000      180.000        4.000        0.000
     5:        5.000        0.000        5.000        0.000        0.000
    10:        1.000        0.000       10.000      600.000       21.000
    15:        1.000      320.000        0.000        0.000        0.000
    20:        0.000
B:
     0:        0.000        0.000        0.000      400.000        0.000
     5:      500.000        0.000      500.000        0.000        0.000
    10:        0.000        0.000     1000.000    60000.000        0.000
    15:        0.000        0.000        0.000        0.000        0.000
    20:        0.000
C:
     0:       27.000       28.000        0.000        0.000      975.000
     5:    10360.000       23.330       24.000     1071.410       44.642
    10:        0.000        0.000       27.000        0.000        0.000
    15:        0.000        0.000        0.000        0.000        0.000
    20:        0.000
D:
     0:       10.530        1.560        0.960        8.100       18.990
     5:      130.270       30.740       10.120       23.310       28.820
    10:        7.950        2.200        2.610      382.570        0.480
    15:       16.730        5.030       16.700       22.040       76.030
    20:       98.400       18.240      135.700       23.330
E:
     0:       19.000       11.000       26.000       27.000        6.000
     5:        6.000        6.000        6.000        6.000        6.000
    10:        6.000        6.000        6.000        6.000        6.000
    15:        6.000        6.000        6.000        6.000        6.000
    20:        6.000        6.000        6.000        6.000        6.000
    25:        6.000        6.000        6.000        6.000        6.000
    30:        6.000        6.000        6.000        6.000        6.000
    35:        6.000        6.000        6.000        6.000        6.000
    40:        6.000        6.000        6.000        6.000        6.000
    45:        6.000        6.000        6.000        6.000        6.000
    50:        6.000        6.000        6.000        6.000        6.000
    55:        6.000        6.000        6.000        6.000        6.000
    60:        6.000        6.000        6.000        6.000        6.000
    65:        6.000        6.000        6.000        6.000        6.000
    70:        6.000        6.000        6.000        6.000        6.000
    75:        6.000        6.000        6.000        6.000        6.000
    80:        6.000        6.000        6.000        6.000        6.000
    85:        6.000        6.000        6.000        6.000        6.000
    90:        6.000        6.000        6.000        6.000        6.000
    95:        6.000        6.000        6.000        6.000        6.000
   100:        6.000        6.000        6.000        6.000        6.000
   105:        6.000        6.000        6.000       25.000       24.000
   110:       13.000        8.000        5.000       17.000       18.000
   115:       14.000       10.000       19.000        6.000        6.000
   120:        6.000        6.000        6.000        6.000        6.000
   125:        6.000        6.000        6.000        6.000        6.000
   130:        6.000        6.000        6.000        6.000        6.000
   135:        6.000        6.000        6.000        6.000        6.000
   140:        6.000        6.000        6.000        6.000        6.000
   145:        6.000        6.000        6.000        6.000        6.000
   150:        6.000        6.000        6.000        6.000        6.000
   155:        6.000        6.000        6.000        6.000        6.000
   160:        6.000        6.000        6.000        6.000        6.000
   165:        6.000        6.000        6.000        6.000        6.000
   170:        6.000        6.000        6.000        6.000        6.000
   175:        6.000        6.000        6.000        6.000        6.000
   180:        6.000        6.000        6.000        6.000        6.000
   185:        6.000        6.000        6.000        6.000        6.000
   190:        6.000        6.000        6.000        6.000        6.000
   195:        6.000        6.000        6.000        6.000        6.000
   200:        6.000        6.000        6.000        6.000        6.000
   205:        6.000        6.000       25.000       24.000       13.000
   210:        8.000        5.000       17.000        6.000       18.000
   215:       14.000       10.000       19.000        6.000        6.000
   220:        6.000        6.000       30.000       24.000       13.000
   225:        8.000        5.000       17.000       18.000       14.000
   230:       10.000       19.000       30.000       24.000       13.000
   235:        8.000        5.000       17.000        6.000       18.000
   240:       14.000       10.000        6.000       19.000        6.000
   245:        6.000        6.000        6.000        6.000       30.000
   250:       24.000       13.000        8.000        5.000       17.000
   255:       18.000       14.000       10.000        6.000       19.000
   260:        6.000        6.000        6.000        6.000        6.000
   265:        6.000        6.000        6.000        6.000        6.000
   270:        6.000        6.000        6.000        6.000        6.000
   275:        6.000        6.000        6.000        6.000        6.000
   280:        6.000        6.000        6.000        6.000        6.000
   285:        6.000        6.000        6.000       30.000       24.000
   290:       13.000        8.000        5.000       17.000       18.000
   295:       14.000       10.000       19.000        6.000        6.000
   300:        6.000        6.000        6.000        6.000        6.000
   305:        6.000        6.000        6.000       30.000       24.000
   310:       13.000        8.000        5.000       17.000       18.000
   315:       14.000       10.000       19.000        6.000       30.000
   320:       24.000       13.000        8.000        5.000       17.000
   325:       18.000       14.000       10.000       19.000       25.000
   330:       24.000       13.000        8.000        5.000       17.000
   335:       18.000       14.000       10.000       19.000       30.000
   340:       24.000       13.000        8.000        5.000       17.000
   345:       18.000       14.000       10.000       19.000        6.000
   350:        6.000       30.000       24.000       13.000        8.000
   355:        5.000       17.000       18.000       14.000       10.000
   360:       19.000        6.000        6.000        6.000       30.000
   365:       24.000       13.000        8.000        5.000       17.000
   370:       18.000       14.000       10.000       19.000        6.000
   375:        6.000        6.000        6.000        6.000        6.000
   380:        6.000        6.000       30.000       24.000       13.000
   385:        8.000        5.000       17.000       18.000       14.000
   390:       10.000       19.000        6.000        6.000        6.000
   395:        6.000        6.000        6.000        6.000        6.000
   400:        6.000        6.000        6.000        6.000        6.000
   405:       25.000       24.000       13.000        8.000        5.000
   410:       17.000       18.000       14.000       10.000        6.000
   415:        6.000        6.000        6.000       19.000        6.000
   420:        6.000        6.000        6.000        6.000        6.000
   425:        6.000        6.000        6.000        6.000        6.000
   430:        6.000        6.000        6.000        6.000        6.000
   435:        6.000        6.000        6.000        6.000        6.000
   440:        6.000        6.000        6.000        6.000        6.000
   445:        6.000        6.000        6.000       25.000       24.000
   450:       13.000        8.000        5.000       17.000        6.000
   455:       18.000       14.000       10.000       19.000        6.000
   460:        6.000        6.000        6.000        6.000        6.000
   465:        6.000        6.000        6.000        6.000        6.000
   470:        6.000       25.000       24.000       13.000        8.000
   475:        5.000       17.000        6.000       18.000       14.000
   480:       10.000       19.000        6.000        6.000        6.000
   485:        6.000        6.000        6.000        6.000        6.000
   490:        6.000        6.000        6.000        6.000        6.000
   495:        6.000        6.000        6.000        6.000        6.000
   500:        6.000        6.000        6.000        6.000        6.000
   505:        6.000        6.000       25.000       24.000       13.000
   510:        8.000        5.000       17.000       18.000       14.000
   515:       10.000       19.000        6.000        6.000        6.000
   520:        6.000        6.000        6.000        6.000        6.000
   525:        6.000        6.000        6.000        6.000        6.000
   530:        6.000        6.000        6.000        6.000        6.000
   535:       25.000       24.000       13.000        8.000        5.000
   540:       17.000        6.000       18.000       14.000       10.000
   545:       19.000        6.000        6.000        6.000        6.000
   550:        6.000        6.000        6.000        6.000        6.000
   555:        6.000        6.000        6.000        6.000        6.000
   560:        6.000        6.000        6.000        6.000        6.000
   565:        6.000        6.000        6.000        6.000        6.000
   570:        6.000        6.000        6.000        6.000        6.000
   575:        6.000        6.000        6.000        6.000        6.000
   580:       25.000       24.000       13.000        8.000        5.000
   585:       17.000       18.000       14.000       10.000       19.000
   590:        6.000        6.000        6.000        6.000        6.000
   595:        6.000        6.000        6.000        6.000        6.000
   600:        6.000        6.000        6.000        6.000        6.000
   605:        6.000        6.000        6.000        6.000        6.000
   610:        6.000        6.000        6.000        6.000        6.000
   615:        6.000        6.000        6.000        6.000        6.000
   620:        6.000        6.000        6.000        6.000        6.000
   625:        6.000        6.000        6.000        6.000        6.000
   630:        6.000        6.000        6.000        6.000        6.000
   635:        6.000        6.000        6.000        6.000        6.000
   640:        6.000        6.000        6.000        6.000        6.000
   645:        6.000        6.000        6.000        6.000        6.000
   650:        6.000        6.000        6.000       25.000       24.000
   655:       13.000        8.000        5.000       17.000       18.000
   660:       14.000       10.000        6.000        6.000        6.000
   665:        6.000       19.000        6.000        6.000        6.000
   670:        6.000        6.000        6.000        6.000        6.000
   675:        6.000        6.000        6.000        6.000        6.000
   680:        6.000        6.000        6.000        6.000        6.000
   685:        6.000        6.000        6.000        6.000        6.000
   690:        6.000        6.000        6.000        6.000        6.000
   695:        6.000        6.000        6.000        6.000        6.000
   700:        6.000        6.000        6.000        6.000        6.000
   705:        6.000        6.000        6.000        6.000        6.000
   710:        6.000        6.000        6.000        6.000        6.000
   715:        6.000        6.000        6.000        6.000        6.000
   720:        6.000        6.000        6.000        6.000        6.000
   725:        6.000        6.000        6.000        6.000        6.000
   730:        6.000        6.000        6.000        6.000        6.000
   735:        6.000        6.000       25.000       24.000       13.000
   740:        8.000        5.000       17.000       18.000       14.000
   745:       10.000       19.000        6.000        6.000        6.000
   750:        6.000        6.000        6.000        6.000        6.000
   755:        6.000        6.000        6.000        6.000        6.000
   760:        6.000        6.000        6.000        6.000        6.000
   765:        6.000        6.000        6.000        6.000        6.000
   770:        6.000        6.000        6.000        6.000        6.000
   775:        6.000        6.000        6.000        6.000        6.000
   780:        6.000        6.000        6.000        6.000        6.000
   785:        6.000        6.000        6.000        6.000        6.000
   790:        6.000        6.000        6.000        6.000        6.000
   795:        6.000       25.000       24.000       13.000        8.000
   800:        5.000       17.000       18.000       14.000       10.000
   805:       19.000        6.000        6.000        6.000        6.000
   810:        6.000        6.000        6.000        6.000        6.000
   815:        6.000        6.000        6.000        6.000        6.000
   820:        6.000        6.000        6.000        6.000        6.000
   825:        6.000        6.000        6.000        6.000        6.000
   830:        6.000        6.000        6.000        6.000        6.000
   835:        6.000        6.000        6.000        6.000        6.000
   840:        6.000        6.000        6.000        6.000        6.000
   845:        6.000        6.000        6.000        6.000        6.000
   850:        6.000        6.000        6.000        6.000        6.000
   855:        6.000        6.000        6.000        6.000        6.000
   860:        6.000        6.000        6.000        6.000        6.000
   865:        6.000        6.000        6.000        6.000        6.000
   870:        6.000        6.000        6.000        6.000        6.000
   875:        6.000        6.000        6.000        6.000        6.000
   880:        6.000        6.000        6.000        6.000        6.000
   885:        6.000        6.000        6.000        6.000        6.000
   890:        6.000        6.000        6.000        6.000       25.000
   895:       24.000       13.000        8.000        5.000       17.000
   900:       18.000       14.000       10.000       19.000        6.000
   905:        6.000        6.000        6.000        6.000        6.000
   910:        6.000        6.000        6.000        6.000        6.000
   915:        6.000        6.000        6.000        6.000        6.000
   920:        6.000        6.000        6.000        6.000        6.000
   925:        6.000        6.000        6.000        6.000        6.000
   930:        6.000        6.000        6.000        6.000        6.000
   935:        6.000        6.000        6.000        6.000        6.000
   940:        6.000        6.000        6.000       25.000       24.000
   945:       13.000        8.000        5.000       17.000       18.000
   950:       14.000       10.000       19.000        6.000        6.000
   955:        6.000        6.000        6.000        6.000        6.000
   960:        6.000        6.000        6.000        6.000        6.000
   965:        6.000        6.000        6.000        6.000        6.000
   970:        6.000        6.000        6.000        6.000        6.000
   975:        6.000        6.000        6.000        6.000        6.000
   980:        6.000        6.000        6.000        6.000        6.000
   985:        6.000        6.000        6.000        6.000        6.000
   990:        6.000        6.000        6.000        6.000        6.000
   995:        6.000        6.000        6.000        6.000        6.000
  1000:        6.000        6.000        6.000        6.000        6.000
  1005:        6.000        6.000        6.000        6.000        6.000
  1010:        6.000        6.000        6.000        6.000        6.000
  1015:        6.000        6.000        6.000        6.000        6.000
  1020:        6.000        6.000        6.000       25.000       24.000
  1025:       13.000        8.000        5.000       17.000       18.000
  1030:       14.000       10.000       19.000        6.000        6.000
  1035:        6.000        6.000        6.000        6.000        6.000
  1040:        6.000        6.000        6.000        6.000        6.000
  1045:        6.000        6.000        6.000        6.000        6.000
  1050:        6.000        6.000        6.000        6.000        6.000
  1055:        6.000        6.000        6.000        6.000        6.000
  1060:        6.000        6.000        6.000        6.000        6.000
  1065:        6.000        6.000        6.000        6.000        6.000
  1070:        6.000        6.000        6.000        6.000        6.000
  1075:        6.000        6.000        6.000        6.000        6.000
  1080:        6.000        6.000        6.000        6.000        6.000
  1085:        6.000        6.000        6.000        6.000       25.000
  1090:       24.000       13.000        8.000        5.000       17.000
  1095:       18.000       14.000       10.000       19.000        6.000
  1100:        6.000        6.000        6.000        6.000        6.000
  1105:        6.000        6.000        6.000        6.000        6.000
  1110:        6.000        6.000        6.000        6.000        6.000
  1115:        6.000        6.000        6.000        6.000        6.000
  1120:        6.000        6.000        6.000        6.000        6.000
  1125:        6.000        6.000        6.000        6.000        6.000
  1130:        6.000        6.000        6.000        6.000        6.000
  1135:        6.000        6.000        6.000        6.000        6.000
  1140:        6.000        6.000        6.000        6.000        6.000
  1145:        6.000        6.000        6.000        6.000        6.000
  1150:        6.000        6.000        6.000        6.000        6.000
  1155:        6.000        6.000        6.000        6.000        6.000
  1160:        6.000        6.000        6.000        6.000        6.000
  1165:        6.000        6.000        6.000        6.000        6.000
  1170:        6.000        6.000        6.000        6.000        6.000
  1175:        6.000        6.000        6.000        6.000        6.000
  1180:        6.000        6.000        6.000        6.000        6.000
  1185:        6.000        6.000        6.000        6.000        6.000
  1190:        6.000        6.000        6.000        6.000        6.000
  1195:        6.000        6.000        6.000        6.000        6.000
  1200:        6.000        6.000        6.000        6.000        6.000
  1205:        6.000        6.000        6.000        6.000        6.000
  1210:        6.000        6.000        6.000        6.000        6.000
  1215:        6.000       25.000       24.000       13.000        8.000
  1220:        5.000       17.000       18.000       14.000       10.000
  1225:       19.000        6.000        6.000        6.000        6.000
  1230:        6.000        6.000        6.000        6.000        6.000
  1235:        6.000        6.000        6.000        6.000        6.000
  1240:        6.000        6.000        6.000        6.000        6.000
  1245:        6.000        6.000        6.000        6.000      100.000
T:
     0:        0.000        0.000        0.000        0.000       19.110
     5:       19.300       25.130       26.390       28.380       28.520
    10:       73.750       85.210       87.410       88.990       90.630
    15:       91.450       94.690       94.750       95.120      107.780
    20:      120.370      120.510      122.390      125.610      125.780
    25:      129.350      131.640      133.840      134.100      151.960
    30:      171.260      171.440      174.420      175.660      176.490
    35:      176.910      186.260      187.510      211.050      215.740
    40:      217.850      218.180      218.970      221.080      224.870
    45:      228.300      229.430      229.710      230.900      241.810
    50:      244.230      251.330      256.500      256.820      262.710
    55:      262.930      266.740      266.990      267.030      294.210
    60:      294.950      295.290      296.070      297.370      306.350
    65:      309.540      309.700      309.790      309.960      312.170
    70:      312.440      313.550      313.580      314.060      314.710
    75:      314.750      314.880      315.100      315.160      317.910
    80:      319.590      319.800      341.650      341.970      376.290
    85:      378.620      382.410      407.180      431.050      432.750
    90:      433.660      490.820      525.870      526.100      536.630
    95:      537.780      555.710      555.800      556.400      557.300
   100:      559.120      559.240      562.850      566.900      566.950
   105:      568.170      568.520      571.390      599.990      600.000
   110:      600.000      600.000      600.000      600.000      604.000
   115:      605.000      605.000      609.990      610.530      614.960
   120:      620.150      623.980      624.130      624.740      632.350
   125:      637.890      642.660      658.040      660.770      667.550
   130:      668.320      668.400      670.040      670.780      670.870
   135:      707.360      707.980      710.980      711.650      717.740
   140:      719.480      722.310      727.050      727.100      727.140
   145:      727.220      727.340      729.640      730.040      730.670
   150:      730.710      731.410      731.960      735.060      735.330
   155:      735.530      735.820      739.900      741.010      741.110
   160:      747.660      761.820      762.250      762.470      762.620
   165:      763.930      764.230      766.190      766.280      772.300
   170:      772.370      782.010      863.720      864.870      865.350
   175:      865.710      866.230      866.490      869.100      869.720
   180:      872.810      875.300      875.410      876.010      876.450
   185:      877.100      877.990      878.010      881.520      881.560
   190:      881.660      892.140      893.760      894.510      974.190
   195:      980.060      997.740     1015.810     1039.790     1089.610
   200:     1096.300     1104.320     1110.600     1175.180     1179.580
   205:     1179.660     1180.850     1209.990     1210.000     1210.000
   210:     1210.000     1210.000     1210.000     1211.560     1214.000
   215:     1215.000     1215.000     1219.990     1222.830     1279.570
   220:     1296.840     1297.320     1300.300     1300.300     1300.300
   225:     1300.300     1300.300     1300.300     1304.300     1305.300
   230:     1305.300     1310.290     1343.640     1343.640     1343.640
   235:     1343.640     1343.640     1343.640     1344.600     1347.640
   240:     1348.640     1348.640     1352.410     1353.630     1357.200
   245:     1358.090     1358.570     1358.630     1359.400     1365.990
   250:     1365.990     1365.990     1365.990     1365.990     1365.990
   255:     1369.990     1370.990     1370.990     1374.090     1375.980
   260:     1381.260     1383.250     1384.680     1386.200     1386.310
   265:     1386.690     1387.090     1387.450     1392.580     1394.010
   270:     1395.480     1395.500     1401.370     1402.060     1403.060
   275:     1404.530     1406.550     1408.340     1410.900     1411.040
   280:     1411.500     1412.450     1412.690     1418.230     1418.390
   285:     1466.480     1466.570     1468.130     1472.260     1472.260
   290:     1472.260     1472.260     1472.260     1472.260     1476.260
   295:     1477.260     1477.260     1482.250     1491.250     1498.670
   300:     1498.790     1502.100     1502.710     1503.580     1511.710
   305:     1512.150     1556.150     1603.900     1607.280     1607.280
   310:     1607.280     1607.280     1607.280     1607.280     1611.280
   315:     1612.280     1612.280     1617.270     1737.550     1756.910
   320:     1756.910     1756.910     1756.910     1756.910     1756.910
   325:     1760.910     1761.910     1761.910     1766.900     1819.990
   330:     1820.000     1820.000     1820.000     1820.000     1820.000
   335:     1824.000     1825.000     1825.000     1829.990     1834.740
   340:     1834.740     1834.740     1834.740     1834.740     1834.740
   345:     1838.740     1839.740     1839.740     1844.730     1865.480
   350:     1907.600     1917.730     1917.730     1917.730     1917.730
   355:     1917.730     1917.730     1921.730     1922.730     1922.730
   360:     1927.720     1927.850     1968.320     1973.830     2159.430
   365:     2159.430     2159.430     2159.430     2159.430     2159.430
   370:     2163.430     2164.430     2164.430     2169.420     2182.740
   375:     2251.590     2324.050     2324.220     2342.380     2344.340
   380:     2344.960     2345.530     2346.880     2346.880     2346.880
   385:     2346.880     2346.880     2346.880     2350.880     2351.880
   390:     2351.880     2356.870     2375.700     2376.930     2377.210
   395:     2399.440     2400.390     2402.040     2403.690     2406.150
   400:     2411.370     2412.780     2412.860     2413.900     2417.550
   405:     2429.990     2430.000     2430.000     2430.000     2430.000
   410:     2430.000     2434.000     2435.000     2435.000     2437.950
   415:     2438.960     2439.390     2439.570     2439.990     2439.990
   420:     2446.370     2446.400     2448.720     2454.570     2454.900
   425:     2467.090     2488.400     2489.210     2489.440     2492.190
   430:     2493.060     2493.140     2493.500     2525.050     2528.990
   435:     2529.130     2529.260     2530.930     2531.930     2576.110
   440:     2576.340     2577.590     2609.010     2683.800     2712.330
   445:     2731.620     2764.200     2764.230     3039.990     3040.000
   450:     3040.000     3040.000     3040.000     3040.000     3042.200
   455:     3044.000     3045.000     3045.000     3049.990     3258.380
   460:     3481.080     3520.370     3520.470     3520.490     3524.910
   465:     3525.450     3525.760     3622.460     3622.540     3628.680
   470:     3630.050     3649.990     3650.000     3650.000     3650.000
   475:     3650.000     3650.000     3652.610     3654.000     3655.000
   480:     3655.000     3659.990     3686.370     3693.390     3697.240
   485:     3698.040     3698.230     3699.030     3699.150     3699.380
   490:     3712.440     3712.680     3712.890     3732.150     3733.000
   495:     3761.780     3775.240     3781.090     3781.230     3781.410
   500:     3781.930     3799.730     3800.750     3800.870     3800.970
   505:     4037.800     4038.020     4259.990     4260.000     4260.000
   510:     4260.000     4260.000     4260.000     4264.000     4265.000
   515:     4265.000     4269.990     4642.570     4709.640     4740.030
   520:     4747.520     4798.010     4849.750     4850.580     4851.170
   525:     4851.290     4856.620     4857.780     4861.240     4861.360
   530:     4861.490     4861.610     4862.260     4866.020     4866.480
   535:     4869.990     4870.000     4870.000     4870.000     4870.000
   540:     4870.000     4870.480     4874.000     4875.000     4875.000
   545:     4879.990     4892.460     4892.790     4893.570     4893.860
   550:     4903.040     4907.780     4911.140     4928.290     4955.950
   555:     4964.460     4964.970     4978.450     4979.920     4987.910
   560:     4993.680     4994.130     4994.160     5002.760     5003.550
   565:     5036.150     5036.760     5072.480     5072.580     5072.880
   570:     5174.170     5174.340     5175.000     5182.230     5183.100
   575:     5366.770     5367.260     5367.530     5367.920     5416.840
   580:     5479.990     5480.000     5480.000     5480.000     5480.000
   585:     5480.000     5484.000     5485.000     5485.000     5489.990
   590:     5496.730     5552.740     5797.130     5859.820     5860.740
   595:     5864.710     5869.060     5872.040     5878.880     5879.240
   600:     5880.830     5880.880     5882.180     5882.210     5882.550
   605:     5882.760     5921.300     5921.440     5921.670     5921.790
   610:     5929.480     5932.570     5940.160     5945.380     5946.190
   615:     5969.650     5969.850     5973.930     5977.400     5977.730
   620:     5978.860     5979.070     5979.780     5980.250     5980.370
   625:     5981.250     5982.770     5984.830     5988.050     6005.910
   630:     6007.370     6008.820     6013.220     6013.980     6015.880
   635:     6017.300     6018.020     6019.070     6019.520     6023.180
   640:     6023.420     6024.150     6026.250     6026.460     6031.180
   645:     6032.490     6034.310     6035.170     6046.400     6047.930
   650:     6049.260     6051.150     6051.850     6089.990     6090.000
   655:     6090.000     6090.000     6090.000     6090.000     6094.000
   660:     6095.000     6095.000     6095.030     6096.900     6097.000
   665:     6097.650     6099.990     6103.520     6110.330     6166.870
   670:     6172.420     6176.100     6179.950     6204.320     6205.400
   675:     6206.650     6207.530     6211.110     6213.390     6214.190
   680:     6259.260     6259.340     6259.670     6272.430     6286.340
   685:     6291.210     6291.660     6342.610     6348.710     6348.870
   690:     6350.300     6351.690     6352.440     6353.800     6353.830
   695:     6353.950     6354.350     6355.850     6355.970     6361.100
   700:     6386.990     6387.550     6388.690     6391.780     6393.300
   705:     6397.110     6397.260     6398.110     6401.460     6401.560
   710:     6402.370     6402.520     6405.040     6405.160     6405.250
   715:     6405.440     6405.580     6590.500     6621.340     6621.590
   720:     6622.110     6622.150     6622.430     6625.970     6626.050
   725:     6626.190     6626.620     6627.200     6628.500     6629.120
   730:     6629.880     6630.700     6651.540     6652.530     6652.690
   735:     6653.800     6663.420     6699.990     6700.000     6700.000
   740:     6700.000     6700.000     6700.000     6704.000     6705.000
   745:     6705.000     6709.990     6716.700     6716.820     6716.970
   750:     6717.440     6726.100     6727.360     6733.000     6733.070
   755:     6738.010     6742.280     6743.560     6743.690     6750.710
   760:     6766.520     6766.700     6766.770     6767.240     6767.530
   765:     6767.550     6769.740     6772.270     6773.750     6801.980
   770:     6827.220     6842.460     6846.740     6865.690     6876.710
   775:     6877.330     6878.870     6891.990     6954.210     6988.650
   780:     6988.900     6989.920     7004.950     7005.600     7005.750
   785:     7006.200     7011.200     7012.120     7213.260     7283.600
   790:     7284.450     7284.560     7286.100     7307.260     7307.840
   795:     7308.780     7309.990     7310.000     7310.000     7310.000
   800:     7310.000     7310.000     7314.000     7315.000     7315.000
   805:     7319.990     7332.040     7338.370     7347.590     7347.830
   810:     7357.580     7358.030     7358.680     7362.740     7377.350
   815:     7380.760     7385.540     7385.650     7386.260     7386.520
   820:     7386.680     7387.890     7388.950     7389.110     7389.190
   825:     7390.930     7398.040     7398.150     7398.600     7399.650
   830:     7409.390     7411.300     7411.460     7412.670     7413.230
   835:     7413.320     7413.900     7414.820     7444.760     7446.010
   840:     7446.700     7447.740     7448.660     7449.220     7569.530
   845:     7570.690     7572.120     7581.110     7581.810     7582.000
   850:     7594.100     7594.220     7594.490     7595.490     7616.390
   855:     7617.090     7636.010     7636.230     7649.020     7651.510
   860:     7651.950     7651.980     7652.030     7654.440     7654.920
   865:     7660.930     7668.040     7668.670     7669.030     7670.170
   870:     7671.190     7680.080     7680.680     7680.880     7681.280
   875:     7694.450     7696.270     7697.220     7719.540     7726.020
   880:     7736.970     7738.970     7740.570     7754.050     7767.070
   885:     7808.440     7808.490     7808.700     7809.540     7809.860
   890:     7818.510     7890.020     7890.430     7897.560     7919.990
   895:     7920.000     7920.000     7920.000     7920.000     7920.000
   900:     7924.000     7925.000     7925.000     7929.990     7996.030
   905:     8011.190     8032.960     8039.260     8040.530     8044.510
   910:     8044.860     8230.310     8237.140     8253.510     8264.080
   915:     8283.860     8288.600     8315.310     8317.150     8317.340
   920:     8318.000     8318.680     8318.750     8319.300     8323.090
   925:     8330.360     8331.110     8332.360     8343.770     8361.380
   930:     8362.310     8362.680     8362.770     8362.810     8362.850
   935:     8362.920     8365.470     8366.690     8371.290     8371.370
   940:     8425.930     8426.210     8426.380     8529.990     8530.000
   945:     8530.000     8530.000     8530.000     8530.000     8534.000
   950:     8535.000     8535.000     8539.990     8628.400     8628.460
   955:     8635.190     8635.270     8637.900     8639.780     8641.280
   960:     8666.020     8670.990     8680.170     8680.380     8681.040
   965:     8685.230     8686.000     8734.340     8746.440     8747.010
   970:     8747.960     8752.050     8782.530     8804.230     8805.030
   975:     8805.380     8806.450     8808.560     8808.960     8809.560
   980:     8809.620     8810.170     8907.310     8910.970     8911.790
   985:     8912.570     8918.450     8918.630     8918.730     8929.890
   990:     8930.290     8931.190     8932.280     8934.830     8939.060
   995:     8940.580     8945.970     8946.080     8946.160     8949.120
  1000:     8949.210     8953.150     8957.660     8958.320     8958.830
  1005:     8959.440     8960.430     8960.660     8961.810     8963.880
  1010:     8969.860     8996.240     9003.540     9033.570     9103.160
  1015:     9106.420     9107.710     9107.840     9108.570     9113.160
  1020:     9113.850     9120.270     9120.360     9139.990     9140.000
  1025:     9140.000     9140.000     9140.000     9140.000     9144.000
  1030:     9145.000     9145.000     9149.990     9158.240     9183.190
  1035:     9186.400     9187.070     9188.080     9191.460     9191.740
  1040:     9192.440     9193.160     9194.710     9204.940     9207.300
  1045:     9211.190     9216.010     9221.070     9221.460     9221.610
  1050:     9420.890     9426.310     9426.640     9517.900     9521.490
  1055:     9525.170     9525.540     9525.690     9526.940     9527.650
  1060:     9527.820     9528.070     9530.750     9531.180     9532.290
  1065:     9532.340     9532.580     9533.010     9533.050     9534.170
  1070:     9534.840     9535.130     9535.600     9535.760     9540.440
  1075:     9660.950     9661.940     9669.430     9716.410     9716.510
  1080:     9717.910     9717.940     9734.550     9735.290     9735.720
  1085:     9736.660     9738.040     9738.090     9738.110     9749.990
  1090:     9750.000     9750.000     9750.000     9750.000     9750.000
  1095:     9754.000     9755.000     9755.000     9759.990     9885.700
  1100:     9898.900     9901.080     9901.720     9903.860     9904.560
  1105:     9904.850     9908.230     9909.070     9909.760     9911.480
  1110:     9911.930     9912.290     9913.390     9915.160     9915.460
  1115:     9915.540     9919.700     9925.350     9925.670     9929.760
  1120:     9937.150     9939.680     9959.190     9960.310     9960.870
  1125:     9965.050     9965.270     9965.550     9984.800     9985.440
  1130:     9985.990     9987.010     9987.270     9991.240    10000.740
  1135:    10006.960    10007.150    10007.720    10012.770    10012.900
  1140:    10013.580    10013.720    10014.370    10014.580    10016.890
  1145:    10017.070    10018.580    10020.210    10027.570    10027.600
  1150:    10027.920    10032.510    10032.990    10049.660    10065.900
  1155:    10066.320    10066.510    10066.580    10067.090    10067.880
  1160:    10068.000    10070.670    10072.930    10074.150    10074.240
  1165:    10074.270    10074.410    10077.710    10077.830    10078.910
  1170:    10080.450    10080.720    10080.770    10080.830    10080.910
  1175:    10081.780    10083.250    10085.010    10085.260    10085.350
  1180:    10085.510    10086.420    10093.710    10095.530    10097.920
  1185:    10098.050    10098.570    10098.630    10196.550    10198.940
  1190:    10200.550    10203.950    10204.500    10206.840    10220.540
  1195:    10220.710    10223.320    10263.180    10263.310    10263.760
  1200:    10267.360    10269.610    10276.060    10276.460    10276.520
  1205:    10276.960    10277.030    10277.810    10278.140    10278.950
  1210:    10280.190    10284.470    10287.530    10306.200    10339.330
  1215:    10341.070    10359.990    10360.000    10360.000    10360.000
  1220:    10360.000    10360.000    10364.000    10365.000    10365.000
  1225:    10369.990    10383.330    10391.550    10394.890    10394.930
  1230:    10395.000    10411.740    10417.210    10417.750    10431.810
  1235:    10437.590    10439.090    10465.180    10665.860    10667.320
  1240:    10667.690    10667.980    10672.360    10673.060    10673.130
  1245:    10676.190    10676.540    10685.270    10685.450    10800.010
