File: C:\MED-PC IV\DATA\!2025-05-31_14h42m.Subject T8



Start Date: 05/31/25
End Date: 05/31/25
Subject: T8
Experiment: OralFentSA
Group: One
Box: 2
Start Time: 14:42:46
End Time: 17:42:51
MSN: Golden_Liq_SelfAdmin
F:       0.000
G:    1003.000
H:   10800.010
I:       0.000
J:       0.000
K:       0.000
L:       0.000
M:       0.000
N:       0.000
O:       0.000
P:       0.000
Q:       0.000
R:       0.000
S:       0.000
U:       0.000
V:       0.000
W:       0.000
X:       0.000
Y:       0.000
Z:       0.000
A:
     0:        0.000        0.000      180.000        4.000        0.000
     5:        5.000        0.000        5.000        0.000        0.000
    10:        1.000        0.000       10.000  3000000.000       21.000
    15:       15.000      640.000        0.000        0.000        0.000
    20:        0.000
B:
     0:        0.000        0.000        0.000      400.000        0.000
     5:      500.000        0.000      500.000        0.000        0.000
    10:        0.000        0.000     1000.000 300000000.00        0.000
    15:        0.000        0.000        0.000        0.000        0.000
    20:        0.000
C:
     0:       26.000       27.000        0.000       58.000      551.000
     5:    10001.430        4.000       21.000      187.190        8.914
    10:       58.000       20.000        0.000        0.000        0.000
    15:        0.000        0.000        0.000        0.000        0.000
    20:        0.000
D:
     0:        2.310       10.710        6.100        3.790        6.570
     5:       19.730        1.160       10.950        7.350        4.100
    10:        6.440       29.150       13.660        4.640       27.730
    15:        8.340       12.020        2.340        3.160        2.940
    20:        4.000
E:
     0:       19.000       11.000       26.000       27.000        2.000
     5:        4.000       22.000       24.000       12.000       13.000
    10:        8.000        5.000       17.000        6.000       18.000
    15:       14.000       10.000        6.000        6.000       19.000
    20:       11.000        6.000       23.000        6.000        6.000
    25:        6.000        6.000        2.000        4.000       22.000
    30:       24.000       12.000       13.000        8.000        5.000
    35:       17.000       21.000       22.000       18.000       14.000
    40:       10.000       19.000       11.000        6.000        6.000
    45:       23.000       23.000       23.000        6.000        6.000
    50:        6.000        6.000        6.000        6.000        6.000
    55:        6.000        6.000        6.000        6.000        6.000
    60:        6.000        6.000        6.000        6.000        6.000
    65:        6.000        6.000        6.000        6.000        6.000
    70:        6.000        6.000        6.000        6.000        6.000
    75:        6.000        6.000        6.000        6.000        2.000
    80:        4.000       22.000       24.000       12.000       13.000
    85:        8.000        5.000       17.000       18.000       14.000
    90:       10.000        6.000        6.000        6.000        6.000
    95:       19.000       11.000        6.000        6.000       23.000
   100:        6.000        6.000        6.000        6.000        6.000
   105:        6.000       23.000       23.000       23.000        6.000
   110:        6.000        6.000        6.000        6.000        6.000
   115:        6.000        6.000        6.000        6.000        6.000
   120:        6.000        6.000        6.000        6.000        6.000
   125:        6.000        6.000        6.000        6.000        6.000
   130:        6.000        6.000        6.000        6.000        6.000
   135:        6.000        6.000        6.000        6.000        6.000
   140:        6.000        6.000        6.000        6.000        6.000
   145:        6.000        6.000        6.000        6.000        6.000
   150:        6.000        6.000        6.000        6.000        6.000
   155:        6.000        6.000        6.000        6.000        6.000
   160:        6.000        6.000        6.000        6.000        6.000
   165:        6.000        6.000        6.000        6.000       23.000
   170:       23.000       23.000       23.000       23.000        6.000
   175:        6.000        6.000        6.000        6.000        6.000
   180:        6.000        6.000        6.000        6.000        6.000
   185:        6.000        6.000        6.000        6.000        6.000
   190:        6.000        6.000        6.000        6.000        6.000
   195:        6.000        6.000        6.000        6.000        6.000
   200:        6.000        6.000        6.000        6.000        6.000
   205:        6.000        6.000        6.000        6.000        6.000
   210:        6.000        6.000        6.000        6.000        6.000
   215:        6.000        6.000        6.000        6.000        6.000
   220:        6.000        6.000        6.000        6.000        6.000
   225:        6.000        6.000        6.000        6.000        6.000
   230:        6.000        6.000        6.000        6.000        6.000
   235:        6.000        6.000        6.000        6.000        6.000
   240:        6.000        6.000        6.000        6.000        6.000
   245:        6.000        6.000        6.000        6.000        6.000
   250:        6.000        6.000        6.000        6.000        2.000
   255:        4.000       22.000       24.000       12.000       13.000
   260:        8.000        5.000       17.000       21.000       22.000
   265:       21.000       22.000       21.000       22.000        6.000
   270:       18.000       14.000       10.000        6.000       19.000
   275:       11.000        6.000        6.000        6.000        6.000
   280:        6.000        6.000        6.000        6.000        6.000
   285:        6.000        6.000        6.000        6.000        6.000
   290:        2.000        4.000       22.000       24.000       12.000
   295:       13.000        8.000        5.000       17.000       21.000
   300:       22.000       21.000       22.000       18.000       14.000
   305:       10.000        6.000        6.000       19.000       11.000
   310:        6.000        6.000        6.000        6.000        6.000
   315:        6.000        6.000        6.000        6.000        6.000
   320:        6.000        6.000        6.000        6.000        6.000
   325:        6.000        6.000        6.000        6.000        6.000
   330:        6.000        6.000        6.000        6.000        6.000
   335:        6.000        6.000        6.000        6.000        6.000
   340:        6.000        6.000        6.000        6.000        6.000
   345:        6.000        6.000        6.000        6.000        6.000
   350:        6.000        6.000        6.000        6.000        6.000
   355:        6.000        6.000        6.000        6.000        6.000
   360:        6.000        6.000        6.000        6.000        2.000
   365:        4.000       22.000       24.000       12.000       13.000
   370:        8.000        5.000       17.000       18.000       14.000
   375:       10.000       19.000       11.000        6.000        6.000
   380:        6.000        6.000        6.000        6.000        6.000
   385:        6.000        6.000        6.000        6.000        6.000
   390:        6.000        6.000        6.000        6.000        6.000
   395:        6.000        6.000        6.000        6.000        6.000
   400:        6.000        6.000        6.000        6.000        6.000
   405:        6.000        6.000        6.000        6.000        6.000
   410:        6.000        6.000        6.000        6.000        6.000
   415:        6.000        6.000        6.000        6.000        6.000
   420:        6.000        2.000        4.000       22.000       24.000
   425:       12.000       13.000        8.000        5.000       17.000
   430:        6.000       18.000       14.000       10.000       19.000
   435:       11.000        6.000        6.000        6.000        6.000
   440:        6.000        6.000        6.000        6.000        6.000
   445:        6.000        6.000        6.000        6.000        6.000
   450:        6.000        6.000        6.000        6.000        6.000
   455:        6.000        6.000        6.000        6.000        6.000
   460:        6.000        6.000        6.000        6.000        6.000
   465:        6.000        6.000        6.000        6.000        6.000
   470:        6.000        6.000        6.000        6.000        6.000
   475:        6.000        6.000        6.000        6.000        6.000
   480:        6.000        6.000        6.000        6.000        6.000
   485:        2.000        4.000       22.000       24.000       12.000
   490:       13.000        8.000        5.000       17.000       18.000
   495:       14.000       10.000       19.000       11.000        6.000
   500:        6.000        6.000        6.000        6.000        6.000
   505:        6.000        6.000        6.000        6.000        6.000
   510:        6.000        6.000        6.000        6.000        6.000
   515:        6.000        6.000        6.000        6.000        2.000
   520:        4.000       22.000       24.000       12.000       13.000
   525:        8.000        5.000       17.000       18.000       14.000
   530:       10.000        6.000        6.000       19.000       11.000
   535:        6.000        6.000        6.000        6.000        6.000
   540:        6.000        6.000        6.000        6.000        6.000
   545:        6.000        6.000        6.000        6.000        6.000
   550:       23.000        6.000        6.000        6.000        6.000
   555:        6.000        6.000        6.000        6.000        6.000
   560:        6.000        6.000        6.000        6.000        6.000
   565:        6.000        6.000        6.000        6.000        6.000
   570:        6.000        6.000        6.000        6.000       23.000
   575:        2.000        4.000       22.000       24.000       12.000
   580:       13.000        8.000        5.000       17.000       21.000
   585:       22.000       18.000        6.000       14.000       10.000
   590:        6.000        6.000        6.000       19.000       11.000
   595:        6.000        6.000       23.000        6.000        6.000
   600:        2.000        4.000       22.000       24.000       12.000
   605:       13.000        8.000        5.000       17.000       18.000
   610:       14.000       10.000        6.000       19.000       11.000
   615:        2.000        4.000       22.000       24.000       12.000
   620:       13.000        8.000        5.000       17.000       21.000
   625:       22.000       21.000       22.000       18.000       14.000
   630:       10.000       19.000       11.000        6.000        6.000
   635:        6.000        6.000        6.000        6.000        6.000
   640:        6.000        6.000        6.000        2.000        4.000
   645:       22.000       24.000       12.000       13.000        8.000
   650:        5.000       17.000       18.000       14.000       10.000
   655:       19.000       11.000        6.000        2.000        4.000
   660:       22.000       24.000       12.000       13.000        8.000
   665:        5.000       17.000       21.000       22.000       18.000
   670:        6.000       14.000       10.000       21.000       22.000
   675:       19.000       11.000        2.000        4.000       22.000
   680:       24.000       12.000       13.000        8.000        5.000
   685:       17.000       21.000       22.000       21.000       22.000
   690:       18.000       14.000       10.000       19.000       11.000
   695:        2.000        4.000       22.000       24.000       12.000
   700:       13.000        8.000        5.000       17.000       18.000
   705:       14.000       10.000       21.000       22.000       19.000
   710:       11.000        6.000        6.000        6.000        6.000
   715:        6.000        6.000        6.000        6.000        6.000
   720:        6.000        6.000        6.000        6.000        6.000
   725:        6.000        6.000        6.000        6.000        6.000
   730:        6.000        6.000        6.000       23.000        6.000
   735:        6.000        6.000        6.000        6.000        6.000
   740:        6.000        6.000        6.000        6.000       23.000
   745:        6.000        6.000        6.000        6.000        6.000
   750:        6.000        6.000        6.000        6.000        6.000
   755:        6.000        2.000        4.000       22.000       24.000
   760:       12.000       13.000        8.000        5.000       17.000
   765:       18.000       14.000       10.000       21.000       22.000
   770:       21.000       22.000        6.000        6.000       19.000
   775:       11.000        2.000        4.000       22.000       24.000
   780:       12.000       13.000        8.000        5.000       17.000
   785:       21.000       22.000       21.000       22.000       18.000
   790:       14.000       10.000       19.000       11.000        6.000
   795:        6.000        6.000        2.000        4.000       22.000
   800:       24.000       12.000       13.000        8.000        5.000
   805:       17.000       21.000       22.000       21.000       22.000
   810:       18.000       14.000       10.000       21.000       22.000
   815:       21.000       22.000       21.000       22.000       21.000
   820:       22.000       19.000       11.000        2.000        4.000
   825:       22.000       24.000       12.000       13.000        8.000
   830:        5.000       17.000        6.000       18.000       14.000
   835:       10.000       19.000       11.000        2.000        4.000
   840:       22.000       24.000       12.000       13.000        8.000
   845:        5.000       17.000       21.000       22.000       21.000
   850:       22.000       18.000       21.000       22.000       14.000
   855:       10.000       21.000       22.000       19.000       11.000
   860:        2.000        4.000       22.000       24.000       12.000
   865:       13.000        8.000        5.000       17.000       21.000
   870:       22.000        6.000       18.000       14.000       10.000
   875:       19.000       11.000        2.000        4.000       22.000
   880:       24.000       12.000       13.000        8.000        5.000
   885:       17.000       18.000       14.000       10.000       21.000
   890:       22.000       19.000       11.000        2.000        4.000
   895:       22.000       24.000       12.000       13.000        8.000
   900:        5.000       17.000       18.000       14.000       10.000
   905:       21.000       22.000       21.000       22.000       19.000
   910:       11.000        2.000        4.000       22.000       24.000
   915:       12.000       13.000        8.000        5.000       17.000
   920:        6.000       18.000       14.000       10.000       19.000
   925:       11.000        6.000        6.000        6.000        6.000
   930:       23.000       23.000        6.000        6.000        6.000
   935:        6.000        6.000        6.000        6.000        6.000
   940:        6.000        6.000        6.000        6.000        6.000
   945:        6.000        6.000        6.000        6.000        6.000
   950:        6.000        6.000        6.000        6.000        6.000
   955:        6.000        6.000        6.000        6.000        6.000
   960:        6.000        6.000        6.000        6.000        6.000
   965:        6.000        2.000        4.000       22.000       24.000
   970:       12.000       13.000        8.000        5.000       17.000
   975:       18.000        6.000       14.000       10.000       19.000
   980:       11.000        6.000        6.000        6.000        6.000
   985:        6.000        6.000        6.000        6.000        6.000
   990:        6.000        6.000        6.000        6.000        6.000
   995:        6.000        6.000        6.000        6.000        6.000
  1000:        6.000        6.000        6.000      100.000
T:
     0:        0.000        0.000        0.000        0.000       51.740
     5:       51.740       51.740       51.750       51.750       51.750
    10:       51.750       51.750       51.750       54.060       55.750
    15:       56.750       56.750       57.280       58.060       61.740
    20:       61.750      119.850      125.030      157.670      158.500
    25:      164.240      164.420      180.130      180.130      180.130
    30:      180.140      180.140      180.140      180.140      180.140
    35:      180.140      181.540      181.540      184.140      185.140
    40:      185.140      190.130      190.140      190.850      202.750
    45:      263.560      265.970      266.390      279.610      280.410
    50:      280.420      287.140      287.740      289.220      290.310
    55:      290.400      290.480      291.730      292.180      292.190
    60:      292.220      292.600      293.210      293.300      296.010
    65:      296.180      297.580      298.390      298.450      298.820
    70:      299.580      301.530      302.530      302.980      303.120
    75:      303.970      304.230      305.110      305.710      396.440
    80:      396.440      396.440      396.450      396.450      396.450
    85:      396.450      396.450      396.450      400.450      401.450
    90:      401.450      402.550      404.890      405.360      406.260
    95:      406.440      406.450      406.490      408.630      431.200
   100:      449.490      472.430      473.800      494.710      541.100
   105:      577.110      587.680      588.100      589.770      596.450
   110:      600.420      600.710      601.590      602.120      602.990
   115:      604.400      606.610      607.730      609.010      609.740
   120:      611.260      611.580      613.370      613.730      615.750
   125:      616.230      665.560      698.120      703.590      729.430
   130:      737.080      749.110      786.800      787.150      815.210
   135:      815.300      815.710      828.430      845.000      845.920
   140:      848.290      855.970      856.540      857.140      857.500
   145:      857.690      857.820      862.850      863.350      865.190
   150:      868.340      868.520      869.980      871.360      871.970
   155:      875.680      875.730      877.830      878.080      878.090
   160:      878.190      910.840      910.900      989.270     1131.750
   165:     1139.280     1139.450     1139.530     1144.730     1247.220
   170:     1247.970     1255.150     1257.190     1257.650     1267.180
   175:     1270.040     1270.060     1270.290     1270.840     1270.950
   180:     1417.970     1754.020     1775.050     1775.060     1775.500
   185:     1854.970     1922.600     1923.570     1932.290     1935.840
   190:     1936.360     1938.990     1939.950     1943.730     1945.020
   195:     1946.410     1950.570     1953.280     1953.310     1953.670
   200:     1957.950     1958.640     1959.140     1973.950     1975.280
   205:     1977.610     1977.890     1978.870     1984.040     1984.400
   210:     1986.000     1993.180     1998.680     2000.370     2004.420
   215:     2017.790     2017.960     2021.680     2022.430     2032.890
   220:     2033.550     2036.040     2036.600     2038.310     2042.820
   225:     2046.900     2048.790     2051.390     2051.450     2051.610
   230:     2058.820     2059.830     2060.000     2061.280     2062.910
   235:     2065.550     2073.580     2109.600     2203.700     2203.870
   240:     2204.020     2204.200     2204.490     2206.960     2214.690
   245:     2215.070     2220.520     2220.620     2221.430     2224.660
   250:     2230.090     2230.330     2230.910     2230.930     2238.600
   255:     2238.600     2238.600     2238.610     2238.610     2238.610
   260:     2238.610     2238.610     2238.610     2239.190     2239.190
   265:     2240.660     2240.660     2240.920     2240.920     2242.400
   270:     2242.610     2243.610     2243.610     2245.780     2248.600
   275:     2248.610     2251.370     2254.010     2255.570     2261.920
   280:     2271.540     2272.270     2304.960     2305.330     2307.830
   285:     2308.390     2333.580     2340.060     2340.610     2341.260
   290:     2353.310     2353.310     2353.310     2353.320     2353.320
   295:     2353.320     2353.320     2353.320     2353.320     2353.740
   300:     2353.740     2355.240     2355.240     2357.320     2358.320
   305:     2358.320     2359.890     2362.040     2363.310     2363.320
   310:     2363.650     2364.020     2368.290     2369.860     2371.910
   315:     2372.930     2377.290     2379.280     2389.240     2397.610
   320:     2429.240     2519.410     2619.120     3023.590     3030.390
   325:     3031.630     3097.420     3097.730     3290.280     3327.290
   330:     3327.650     3329.650     3330.100     3339.130     3341.640
   335:     3341.860     3341.890     3342.680     3360.200     3361.230
   340:     3361.860     3361.930     3366.520     3367.550     3368.090
   345:     3371.070     3371.950     3372.810     3379.460     3383.330
   350:     3385.710     3390.460     3391.480     3391.870     3395.560
   355:     3485.740     3493.290     3497.800     3499.800     3503.810
   360:     3505.000     3505.630     3506.210     3719.210     3721.330
   365:     3721.330     3721.330     3721.340     3721.340     3721.340
   370:     3721.340     3721.340     3721.340     3725.340     3726.340
   375:     3726.340     3731.330     3731.340     3741.070     3743.880
   380:     3744.080     3744.640     3746.550     3748.680     3749.750
   385:     3751.460     3753.420     3755.690     3755.880     3755.910
   390:     3758.100     3758.610     3758.800     3760.710     3761.080
   395:     3763.620     3781.640     3786.680     3787.080     3788.090
   400:     3792.140     3793.650     3832.200     3832.330     3839.530
   405:     3845.760     3848.020     3849.730     3853.660     3853.720
   410:     3853.780     3853.850     3853.940     3854.130     3854.540
   415:     3854.720     3951.900     3982.020     4008.630     4009.060
   420:     4009.380     4019.130     4019.130     4019.130     4019.140
   425:     4019.140     4019.140     4019.140     4019.140     4019.140
   430:     4020.300     4023.140     4024.140     4024.140     4029.130
   435:     4029.140     4062.470     4065.910     4068.350     4068.770
   440:     4071.930     4072.460     4073.130     4074.150     4074.210
   445:     4076.230     4079.210     4080.400     4081.620     4090.800
   450:     4093.070     4094.640     4095.610     4096.290     4099.000
   455:     4099.640     4100.630     4101.170     4101.290     4101.790
   460:     4102.820     4103.120     4114.010     4115.220     4115.520
   465:     4118.670     4125.370     4134.500     4192.600     4235.760
   470:     4261.170     4274.660     4314.180     4649.600     4682.600
   475:     4723.950     4724.580     4724.910     4831.380     4939.810
   480:     5086.000     5096.920     5119.060     5134.430     5134.470
   485:     5136.360     5136.360     5136.360     5136.370     5136.370
   490:     5136.370     5136.370     5136.370     5136.370     5140.370
   495:     5141.370     5141.370     5146.360     5146.370     5147.320
   500:     5148.630     5151.980     5153.730     5156.080     5156.230
   505:     5156.530     5166.210     5166.600     5168.280     5169.190
   510:     5172.440     5176.490     5249.510     5251.920     5927.270
   515:     5958.680     5959.110     5962.380     6011.810     6017.860
   520:     6017.860     6017.860     6017.870     6017.870     6017.870
   525:     6017.870     6017.870     6017.870     6021.870     6022.870
   530:     6022.870     6025.220     6026.490     6027.860     6027.870
   535:     6028.910     6030.560     6034.330     6038.210     6040.740
   540:     6042.660     6043.390     6053.590     6057.250     6066.990
   545:     6067.640     6067.720     6077.340     6080.280     6080.740
   550:     6139.910     6161.380     6187.300     6187.360     6187.880
   555:     6192.010     6195.050     6199.350     6201.560     6202.110
   560:     6205.430     6207.420     6210.860     6214.880     6219.040
   565:     6224.810     6226.590     6310.360     6310.620     6387.150
   570:     6393.510     6400.920     6401.160     6914.300     6993.650
   575:     7029.850     7029.850     7029.850     7029.860     7029.860
   580:     7029.860     7029.860     7029.860     7029.860     7031.840
   585:     7031.840     7033.860     7033.960     7034.860     7034.860
   590:     7035.570     7035.820     7036.620     7039.850     7039.860
   595:     7047.180     7071.230     7126.210     7135.430     7172.520
   600:     7174.360     7174.360     7174.360     7174.370     7174.370
   605:     7174.370     7174.370     7174.370     7174.370     7178.370
   610:     7179.370     7179.370     7180.810     7184.360     7184.370
   615:     7191.750     7191.750     7191.750     7191.760     7191.760
   620:     7191.760     7191.760     7191.760     7191.760     7193.150
   625:     7193.150     7194.880     7194.880     7195.760     7196.760
   630:     7196.760     7201.750     7201.760     7220.910     7252.610
   635:     7284.800     7284.830     7312.430     7313.140     7359.360
   640:     7362.650     7362.720     7414.890     7421.090     7421.090
   645:     7421.090     7421.100     7421.100     7421.100     7421.100
   650:     7421.100     7421.100     7425.100     7426.100     7426.100
   655:     7431.090     7431.100     7434.760     7456.510     7456.510
   660:     7456.510     7456.520     7456.520     7456.520     7456.520
   665:     7456.520     7456.520     7456.920     7456.920     7460.520
   670:     7461.160     7461.520     7461.520     7464.740     7464.740
   675:     7466.510     7466.520     7480.550     7480.550     7480.550
   680:     7480.560     7480.560     7480.560     7480.560     7480.560
   685:     7480.560     7480.920     7480.920     7482.470     7482.470
   690:     7484.560     7485.560     7485.560     7490.550     7490.560
   695:     7494.700     7494.700     7494.700     7494.710     7494.710
   700:     7494.710     7494.710     7494.710     7494.710     7498.710
   705:     7499.710     7499.710     7500.610     7500.610     7504.700
   710:     7504.710     7522.440     7559.220     7560.260     7584.170
   715:     7589.530     7591.320     7605.910     7607.050     7607.590
   720:     7620.600     7630.140     7631.360     7631.520     7631.610
   725:     7634.430     7634.500     7648.600     7659.360     7669.910
   730:     7703.770     7710.600     7720.500     7739.580     7780.980
   735:     7781.020     7781.740     7782.210     7783.060     8383.190
   740:     8386.440     8388.310     8389.160     8391.110     8413.130
   745:     8419.900     8444.870     8689.350     8689.490     8690.340
   750:     8691.050     8691.200     8692.470     8693.190     8695.030
   755:     8695.670     8760.670     8760.670     8760.670     8760.680
   760:     8760.680     8760.680     8760.680     8760.680     8760.680
   765:     8764.680     8765.680     8765.680     8766.570     8766.570
   770:     8767.290     8767.290     8769.020     8769.390     8770.670
   775:     8770.680     8772.030     8772.030     8772.030     8772.040
   780:     8772.040     8772.040     8772.040     8772.040     8772.040
   785:     8774.310     8774.310     8775.600     8775.600     8776.040
   790:     8777.040     8777.040     8782.030     8782.040     8784.060
   795:     8794.160     8875.240     8931.850     8931.850     8931.850
   800:     8931.860     8931.860     8931.860     8931.860     8931.860
   805:     8931.860     8932.950     8932.950     8935.310     8935.310
   810:     8935.860     8936.860     8936.860     8937.000     8937.000
   815:     8938.980     8938.980     8939.120     8939.120     8940.680
   820:     8940.680     8941.850     8941.860     8944.320     8944.320
   825:     8944.320     8944.330     8944.330     8944.330     8944.330
   830:     8944.330     8944.330     8946.670     8948.330     8949.330
   835:     8949.330     8954.320     8954.330     8962.200     8962.200
   840:     8962.200     8962.210     8962.210     8962.210     8962.210
   845:     8962.210     8962.210     8963.480     8963.480     8965.580
   850:     8965.580     8966.210     8966.830     8966.830     8967.210
   855:     8967.210     8969.320     8969.320     8972.200     8972.210
   860:     8975.740     8975.740     8975.740     8975.750     8975.750
   865:     8975.750     8975.750     8975.750     8975.750     8976.610
   870:     8976.610     8978.910     8979.750     8980.750     8980.750
   875:     8985.740     8985.750     8988.760     8988.760     8988.760
   880:     8988.770     8988.770     8988.770     8988.770     8988.770
   885:     8988.770     8992.770     8993.770     8993.770     8993.960
   890:     8993.960     8998.760     8998.770     9012.600     9012.600
   895:     9012.600     9012.610     9012.610     9012.610     9012.610
   900:     9012.610     9012.610     9016.610     9017.610     9017.610
   905:     9020.000     9020.000     9020.780     9020.780     9022.600
   910:     9022.610     9025.730     9025.730     9025.730     9025.740
   915:     9025.740     9025.740     9025.740     9025.740     9025.740
   920:     9028.680     9029.740     9030.740     9030.740     9035.730
   925:     9035.740     9067.570     9068.520     9566.880     9594.960
   930:     9608.360     9608.730     9647.270     9653.630     9656.950
   935:     9690.540     9693.340     9876.700     9877.940     9878.430
   940:     9879.570     9880.840     9881.420     9883.350     9883.690
   945:     9884.500     9884.610     9885.190     9890.240     9890.440
   950:     9891.820     9891.920     9892.300     9893.620     9894.020
   955:     9894.570     9907.810     9908.030     9909.640     9936.620
   960:     9937.950     9938.160     9938.390     9952.070     9971.580
   965:     9975.730    10001.420    10001.420    10001.420    10001.430
   970:    10001.430    10001.430    10001.430    10001.430    10001.430
   975:    10005.430    10005.430    10006.430    10006.430    10011.420
   980:    10011.430    10030.080    10034.320    10034.550    10036.460
   985:    10036.940    10038.230    10039.160    10039.540    10041.210
   990:    10043.640    10044.040    10046.010    10049.060    10049.570
   995:    10050.890    10100.370    10352.750    10432.540    10677.470
  1000:    10677.630    10736.760    10737.270    10800.010
