File: C:\MED-PC IV\DATA\!2025-05-28_14h39m.Subject T7



Start Date: 05/28/25
End Date: 05/28/25
Subject: T7
Experiment: OralFentSA
Group: One
Box: 1
Start Time: 14:39:11
End Time: 17:39:23
MSN: Golden_Liq_SelfAdmin
F:       0.000
G:     427.000
H:   10800.010
I:       0.000
J:       0.000
K:       0.000
L:       0.000
M:       0.000
N:       0.000
O:       0.000
P:       0.000
Q:       0.000
R:       0.000
S:       0.000
U:       0.000
V:       0.000
W:       0.000
X:       0.000
Y:       0.000
Z:       0.000
A:
     0:        0.000        0.000      180.000        4.000        0.000
     5:        5.000        0.000        5.000        0.000        0.000
    10:        1.000        0.000       10.000  3000000.000       20.000
    15:       12.000      640.000        0.000        0.000        0.000
    20:        0.000
B:
     0:        0.000        0.000        0.000      400.000        0.000
     5:      500.000        0.000      500.000        0.000        0.000
    10:        0.000        0.000     1000.000 300000000.00        0.000
    15:        0.000        0.000        0.000        0.000        0.000
    20:        0.000
C:
     0:        1.000        2.000        0.000        1.000      408.000
     5:     9556.370       39.900        1.000       39.900       39.900
    10:        1.000        1.000        0.000        0.000        0.000
    15:        0.000        0.000        0.000        0.000        0.000
    20:        0.000
D:
     0:       39.900
E:
     0:       19.000       11.000       26.000       27.000        6.000
     5:        6.000        6.000        6.000        6.000        6.000
    10:        6.000        6.000        6.000        6.000        6.000
    15:        6.000        6.000        6.000        6.000        6.000
    20:        6.000        6.000        6.000        6.000        6.000
    25:        6.000        6.000        6.000        6.000        6.000
    30:        6.000        6.000        6.000        6.000        6.000
    35:        6.000        6.000        6.000        6.000        6.000
    40:        6.000        6.000        6.000        6.000        6.000
    45:        6.000        6.000        6.000        6.000        6.000
    50:        6.000        6.000        6.000        6.000        6.000
    55:        6.000        6.000        6.000        6.000        6.000
    60:        6.000        6.000        6.000        6.000        6.000
    65:        6.000        6.000        6.000        6.000        6.000
    70:        6.000        6.000        6.000        6.000        6.000
    75:        6.000        6.000        6.000        6.000        6.000
    80:        6.000        6.000        6.000        6.000        6.000
    85:        6.000        6.000        6.000        6.000        6.000
    90:        6.000        6.000        6.000        6.000        6.000
    95:        6.000        6.000        6.000        6.000        6.000
   100:        6.000        6.000        6.000        6.000        6.000
   105:        6.000        6.000        6.000        6.000        6.000
   110:        6.000        6.000        6.000        6.000        6.000
   115:        6.000        6.000        6.000        6.000        6.000
   120:        6.000        6.000        6.000        6.000        6.000
   125:        6.000        6.000        6.000        6.000        6.000
   130:        6.000        6.000        6.000        6.000        6.000
   135:        6.000        6.000        6.000        6.000        6.000
   140:        6.000        6.000        6.000        6.000        6.000
   145:        6.000        6.000        6.000        6.000        6.000
   150:        6.000        6.000        6.000        6.000        6.000
   155:        6.000        6.000        6.000        6.000        6.000
   160:        6.000        6.000        6.000        6.000        6.000
   165:        6.000        6.000        6.000        6.000        6.000
   170:        6.000        6.000        6.000        6.000        6.000
   175:        6.000        6.000        6.000        6.000        6.000
   180:        6.000        6.000        6.000        6.000        6.000
   185:        6.000        6.000        6.000        6.000        6.000
   190:        6.000        6.000        6.000        6.000        6.000
   195:        6.000        6.000        6.000        6.000        6.000
   200:        6.000        6.000        6.000        6.000        6.000
   205:        6.000        6.000        6.000        6.000        6.000
   210:        6.000        6.000        6.000        6.000        6.000
   215:        6.000        6.000        6.000        6.000        6.000
   220:        6.000        6.000        6.000        6.000        6.000
   225:        6.000        6.000        6.000        6.000        6.000
   230:        6.000        6.000        6.000        6.000        6.000
   235:        6.000        6.000        6.000        6.000        6.000
   240:        6.000        6.000        6.000        6.000        6.000
   245:        6.000        6.000        6.000        6.000        6.000
   250:        6.000        6.000        6.000        6.000        6.000
   255:        6.000        6.000        6.000        6.000        6.000
   260:        6.000        6.000        6.000        6.000        6.000
   265:        6.000        6.000        6.000        6.000        6.000
   270:        6.000        6.000        6.000        6.000        6.000
   275:        6.000        6.000        6.000        6.000        6.000
   280:        6.000        6.000        6.000        6.000        6.000
   285:        6.000        6.000        6.000        6.000        6.000
   290:        6.000        6.000        6.000        6.000        6.000
   295:        6.000        6.000        6.000        6.000        6.000
   300:        6.000        6.000        6.000        6.000        6.000
   305:        6.000        6.000        6.000        6.000        6.000
   310:        6.000        6.000        6.000        6.000        6.000
   315:        6.000        6.000        6.000        6.000        6.000
   320:        6.000        6.000        6.000        6.000        6.000
   325:        6.000        6.000        6.000        6.000        6.000
   330:        6.000        6.000        6.000        6.000        6.000
   335:        6.000        6.000        6.000        6.000        6.000
   340:        6.000        6.000        6.000        6.000        6.000
   345:        6.000        6.000        6.000        6.000        6.000
   350:        6.000        6.000        6.000        6.000        6.000
   355:       23.000        6.000        6.000        6.000        6.000
   360:        6.000        6.000        6.000        6.000        6.000
   365:        6.000        6.000        6.000        6.000        6.000
   370:        6.000        6.000        6.000        6.000        6.000
   375:        6.000        6.000        6.000        6.000        6.000
   380:        6.000        6.000        6.000        6.000        2.000
   385:        4.000       22.000       24.000       12.000       13.000
   390:        8.000        5.000       17.000       18.000       14.000
   395:       10.000       19.000       11.000        6.000        6.000
   400:        6.000        6.000        6.000        6.000        6.000
   405:        6.000        6.000        6.000        6.000        6.000
   410:        6.000        6.000        6.000        6.000        6.000
   415:        6.000        6.000        6.000        6.000        6.000
   420:        6.000        6.000        6.000        6.000        6.000
   425:        6.000        6.000      100.000
T:
     0:        0.000        0.000        0.000        0.000       15.740
     5:       38.930      155.620      161.320      161.980      162.770
    10:      234.610      236.770      240.710      245.440      245.490
    15:      246.220      246.260      258.360      299.480      315.910
    20:      350.950      361.840      362.580      363.640      363.680
    25:      363.750      364.460      446.240      502.670      588.790
    30:      588.830      588.920      589.400      589.870      611.270
    35:      612.890      613.340      614.310      617.030      617.760
    40:      618.410      619.840      622.270      622.480      626.150
    45:      634.890      634.930      635.080      642.760      642.850
    50:      643.120      648.310      648.950      649.770      681.150
    55:      682.020      683.110      683.170      683.200      683.560
    60:      693.120      693.480      694.000      696.250      696.330
    65:      697.050      697.140      697.330      698.710      708.620
    70:      749.770      750.360      754.420      755.420      756.870
    75:      758.310      871.320      881.900      882.150      930.420
    80:      931.110      940.940      949.750      959.360      959.440
    85:      959.650     1100.460     1271.100     1271.630     1273.100
    90:     1273.120     1273.280     1273.410     1276.190     1276.750
    95:     1291.830     1293.040     1463.590     1545.830     1547.940
   100:     1548.810     1580.120     1638.320     1638.370     1920.470
   105:     1921.720     1921.760     1924.210     1924.280     1924.380
   110:     1924.490     1924.590     1973.990     1976.920     1977.420
   115:     1979.740     1981.670     1981.750     2003.840     2004.390
   120:     2005.760     2013.850     2017.360     2021.080     2021.780
   125:     2021.830     2022.990     2023.630     2025.480     2026.170
   130:     2031.120     2031.240     2032.470     2035.260     2036.540
   135:     2036.600     2036.730     2038.380     2038.470     2038.500
   140:     2038.710     2044.980     2047.190     2125.150     2125.200
   145:     2126.580     2133.420     2138.080     2138.450     2156.150
   150:     2156.420     2156.460     2156.510     2156.590     2157.900
   155:     2160.080     2161.280     2198.500     2198.910     2636.380
   160:     2636.770     2638.730     2680.850     2680.900     2681.100
   165:     2681.700     2803.260     3015.230     3015.390     3113.700
   170:     3113.830     3230.030     3274.290     3353.860     3357.500
   175:     3358.260     3360.130     3362.830     3364.240     3364.370
   180:     3364.440     3365.010     3391.650     3402.250     3403.050
   185:     3403.090     3424.060     3663.010     3734.030     3786.740
   190:     3786.830     3816.650     3916.150     3916.660     3951.710
   195:     3971.000     3971.750     4240.270     4241.260     4244.510
   200:     4247.240     4250.800     4250.870     4356.900     4357.880
   205:     4726.080     4726.660     4727.390     4867.680     4873.460
   210:     4874.550     5119.090     5119.540     5119.850     5208.480
   215:     5356.430     5357.240     5357.450     5358.050     5358.070
   220:     5441.430     5565.010     5565.240     5565.490     5565.500
   225:     5662.190     5663.230     5667.490     5669.840     5676.820
   230:     5677.670     5677.800     5677.920     5682.440     5683.640
   235:     5686.130     5688.610     5689.200     5689.620     5689.640
   240:     5691.360     5691.580     5693.480     5803.500     5875.230
   245:     5996.660     6002.280     6235.170     6235.680     6235.710
   250:     6236.100     6237.010     6237.230     6241.510     6242.780
   255:     6243.460     6245.260     6253.200     6258.840     6259.100
   260:     6259.960     6260.190     6261.320     6261.550     6263.160
   265:     6267.000     6267.540     6506.910     6512.290     6513.080
   270:     6566.140     6566.960     6567.080     6573.780     6578.070
   275:     6587.850     6588.750     6591.880     6593.570     6593.960
   280:     6601.050     6601.380     6604.610     6604.740     6605.450
   285:     6605.540     6821.040     6983.140     6983.400     6983.510
   290:     6983.540     6984.130     6987.060     6987.340     6991.910
   295:     6999.360     7003.090     7003.400     7003.690     7003.830
   300:     7003.890     7004.050     7010.970     7011.570     7016.560
   305:     7019.040     7019.630     7019.640     7020.850     7172.160
   310:     7174.450     7174.620     7174.710     7174.890     7174.940
   315:     7177.100     7177.620     7180.470     7180.780     7181.040
   320:     7181.340     7183.320     7183.460     7183.860     7184.040
   325:     7361.780     7362.400     7477.580     7692.090     7692.190
   330:     7692.760     7711.470     7712.160     7715.830     7716.060
   335:     7719.670     7889.370     7890.260     7892.180     7893.120
   340:     7893.290     7894.010     7895.670     7896.230     7897.180
   345:     7898.120     7899.690     7901.330     7903.560     7907.130
   350:     7907.470     7910.370     7913.310     7913.800     8028.010
   355:     8056.500     8066.260     8066.360     8067.420     8068.860
   360:     8068.980     8069.200     8069.330     8072.960     8074.220
   365:     8075.440     8411.170     8411.220     8411.590     8412.340
   370:     8415.150     8554.470     8555.150     8751.480     9256.010
   375:     9256.600     9290.890     9291.250     9378.500     9379.060
   380:     9386.520     9392.420     9522.110     9544.870     9556.360
   385:     9556.360     9556.360     9556.370     9556.370     9556.370
   390:     9556.370     9556.370     9556.370     9560.370     9561.370
   395:     9561.370     9566.360     9566.370     9596.270     9715.470
   400:     9775.460     9776.970    10002.420    10028.670    10225.850
   405:    10304.240    10305.170    10305.740    10305.940    10306.110
   410:    10317.930    10525.850    10526.090    10541.110    10553.640
   415:    10563.890    10564.190    10569.340    10736.450    10737.010
   420:    10737.060    10738.680    10739.020    10746.860    10747.460
   425:    10747.670    10762.750    10800.010
