File: C:\MED-PC IV\DATA\!2025-08-27_15h55m.Subject T20



Start Date: 08/27/25
End Date: 08/27/25
Subject: T20
Experiment: OralFentSA
Group: One
Box: 1
Start Time: 15:55:29
End Time: 18:55:40
MSN: Golden_Liq_SelfAdmin_LIT
F:       0.000
G:    2410.000
H:   10800.010
I:       0.000
J:       0.000
K:       0.000
L:       0.000
M:       0.000
N:       0.000
O:       0.000
P:       0.000
Q:       0.000
R:       0.000
S:       0.000
U:       0.000
V:       0.000
W:       0.000
X:       0.000
Y:       0.000
Z:       0.000
A:
     0:        0.000        0.000      180.000        4.000        0.000
     5:        5.000        0.000        5.000        0.000        0.000
    10:        1.000        0.000       10.000 30000000.000       21.000
    15:        8.000      320.000        0.000        0.000        0.000
    20:        0.000
B:
     0:        0.000        0.000        0.000        0.000        0.000
     5:        0.000        0.000        0.000        0.000        0.000
    10:        0.000        0.000        0.000 3000000000.0        0.000
    15:        0.000        0.000        0.000        0.000        0.000
    20:        0.000
C:
     0:        0.000        1.000        0.000        0.000     2406.000
     5:        0.000        0.000        0.000        0.000        0.000
    10:        0.000        0.000        0.000        0.000        0.000
    15:        0.000        0.000        0.000        0.000        0.000
    20:        0.000
D:
E:
     0:       19.000       11.000       26.000       27.000        6.000
     5:        6.000        6.000        6.000        6.000        6.000
    10:        6.000        6.000        6.000        6.000        6.000
    15:        6.000        6.000        6.000        6.000        6.000
    20:        6.000        6.000        6.000        6.000        6.000
    25:        6.000        6.000        6.000        6.000        6.000
    30:        6.000        6.000        6.000        6.000        6.000
    35:        6.000        6.000        6.000        6.000        6.000
    40:        6.000        6.000        6.000        6.000        6.000
    45:        6.000        6.000        6.000        6.000        6.000
    50:        6.000        6.000        6.000        6.000        6.000
    55:        6.000        6.000        6.000        6.000        6.000
    60:        6.000        6.000        6.000        6.000        6.000
    65:        6.000        6.000        6.000        6.000        6.000
    70:        6.000        6.000        6.000        6.000        6.000
    75:        6.000        6.000        6.000        6.000        6.000
    80:        6.000        6.000        6.000        6.000        6.000
    85:        6.000        6.000        6.000        6.000        6.000
    90:        6.000        6.000        6.000        6.000        6.000
    95:        6.000        6.000        6.000        6.000        6.000
   100:        6.000        6.000        6.000        6.000        6.000
   105:        6.000        6.000        6.000        6.000        6.000
   110:        6.000        6.000        6.000        6.000        6.000
   115:        6.000        6.000        6.000        6.000        6.000
   120:        6.000        6.000        6.000        6.000        6.000
   125:        6.000        6.000        6.000        6.000        6.000
   130:        6.000        6.000        6.000        6.000        6.000
   135:        6.000        6.000        6.000        6.000        6.000
   140:        6.000        6.000        6.000        6.000        6.000
   145:        6.000        6.000        6.000        6.000        6.000
   150:        6.000        6.000        6.000        6.000        6.000
   155:        6.000        6.000        6.000        6.000        6.000
   160:        6.000        6.000        6.000        6.000        6.000
   165:        6.000        6.000        6.000        6.000        6.000
   170:        6.000        6.000        6.000        6.000        6.000
   175:        6.000        6.000        6.000        6.000        6.000
   180:        6.000        6.000        6.000        6.000        6.000
   185:        6.000        6.000        6.000        6.000        6.000
   190:        6.000        6.000        6.000        6.000        6.000
   195:        6.000        6.000        6.000        6.000        6.000
   200:        6.000        6.000        6.000        6.000        6.000
   205:        6.000        6.000        6.000        6.000        6.000
   210:        6.000        6.000        6.000        6.000        6.000
   215:        6.000        6.000        6.000        6.000        6.000
   220:        6.000        6.000        6.000        6.000        6.000
   225:        6.000        6.000        6.000        6.000        6.000
   230:        6.000        6.000        6.000        6.000        6.000
   235:        6.000        6.000        6.000        6.000        6.000
   240:        6.000        6.000        6.000        6.000        6.000
   245:        6.000        6.000        6.000        6.000        6.000
   250:        6.000        6.000        6.000        6.000        6.000
   255:        6.000        6.000        6.000        6.000        6.000
   260:        6.000        6.000        6.000        6.000        6.000
   265:        6.000        6.000        6.000        6.000        6.000
   270:        6.000        6.000        6.000        6.000        6.000
   275:        6.000        6.000        6.000        6.000        6.000
   280:        6.000        6.000        6.000        6.000        6.000
   285:        6.000        6.000        6.000        6.000        6.000
   290:        6.000        6.000        6.000        6.000        6.000
   295:        6.000        6.000        6.000        6.000        6.000
   300:        6.000        6.000        6.000        6.000        6.000
   305:        6.000        6.000        6.000        6.000        6.000
   310:        6.000        6.000        6.000        6.000        6.000
   315:        6.000        6.000        6.000        6.000        6.000
   320:        6.000        6.000        6.000        6.000        6.000
   325:        6.000        6.000        6.000        6.000        6.000
   330:        6.000        6.000        6.000        6.000        6.000
   335:        6.000        6.000        6.000        6.000        6.000
   340:        6.000        6.000        6.000        6.000        6.000
   345:        6.000        6.000        6.000        6.000        6.000
   350:        6.000        6.000        6.000        6.000        6.000
   355:        6.000        6.000        6.000        6.000        6.000
   360:        6.000        6.000        6.000        6.000        6.000
   365:        6.000        6.000        6.000        6.000        6.000
   370:        6.000        6.000        6.000        6.000        6.000
   375:        6.000        6.000        6.000        6.000        6.000
   380:        6.000        6.000        6.000        6.000        6.000
   385:        6.000        6.000        6.000        6.000        6.000
   390:        6.000        6.000        6.000        6.000        6.000
   395:        6.000        6.000        6.000        6.000        6.000
   400:        6.000        6.000        6.000        6.000        6.000
   405:        6.000        6.000        6.000        6.000        6.000
   410:        6.000        6.000        6.000        6.000        6.000
   415:        6.000        6.000        6.000        6.000        6.000
   420:        6.000        6.000        6.000        6.000        6.000
   425:        6.000        6.000        6.000        6.000        6.000
   430:        6.000        6.000        6.000        6.000        6.000
   435:        6.000        6.000        6.000        6.000        6.000
   440:        6.000        6.000        6.000        6.000        6.000
   445:        6.000        6.000        6.000        6.000        6.000
   450:        6.000        6.000        6.000        6.000        6.000
   455:        6.000        6.000        6.000        6.000        6.000
   460:        6.000        6.000        6.000        6.000        6.000
   465:        6.000        6.000        6.000        6.000        6.000
   470:        6.000        6.000        6.000        6.000        6.000
   475:        6.000        6.000        6.000        6.000        6.000
   480:        6.000        6.000        6.000        6.000        6.000
   485:        6.000        6.000        6.000        6.000        6.000
   490:        6.000        6.000        6.000        6.000        6.000
   495:        6.000        6.000        6.000        6.000        6.000
   500:        6.000        6.000        6.000        6.000        6.000
   505:        6.000        6.000        6.000        6.000        6.000
   510:        6.000        6.000        6.000        6.000        6.000
   515:        6.000        6.000        6.000        6.000        6.000
   520:        6.000        6.000        6.000        6.000        6.000
   525:        6.000        6.000        6.000        6.000        6.000
   530:        6.000        6.000        6.000        6.000        6.000
   535:        6.000        6.000        6.000        6.000        6.000
   540:        6.000        6.000        6.000        6.000        6.000
   545:        6.000        6.000        6.000        6.000        6.000
   550:        6.000        6.000        6.000        6.000        6.000
   555:        6.000        6.000        6.000        6.000        6.000
   560:        6.000        6.000        6.000        6.000        6.000
   565:        6.000        6.000        6.000        6.000        6.000
   570:        6.000        6.000        6.000        6.000        6.000
   575:        6.000        6.000        6.000        6.000        6.000
   580:        6.000        6.000        6.000        6.000        6.000
   585:        6.000        6.000        6.000        6.000        6.000
   590:        6.000        6.000        6.000        6.000        6.000
   595:        6.000        6.000        6.000        6.000        6.000
   600:        6.000        6.000        6.000        6.000        6.000
   605:        6.000        6.000        6.000        6.000        6.000
   610:        6.000        6.000        6.000        6.000        6.000
   615:        6.000        6.000        6.000        6.000        6.000
   620:        6.000        6.000        6.000        6.000        6.000
   625:        6.000        6.000        6.000        6.000        6.000
   630:        6.000        6.000        6.000        6.000        6.000
   635:        6.000        6.000        6.000        6.000        6.000
   640:        6.000        6.000        6.000        6.000        6.000
   645:        6.000        6.000        6.000        6.000        6.000
   650:        6.000        6.000        6.000        6.000        6.000
   655:        6.000        6.000        6.000        6.000        6.000
   660:        6.000        6.000        6.000        6.000        6.000
   665:        6.000        6.000        6.000        6.000        6.000
   670:        6.000        6.000        6.000        6.000        6.000
   675:        6.000        6.000        6.000        6.000        6.000
   680:        6.000        6.000        6.000        6.000        6.000
   685:        6.000        6.000        6.000        6.000        6.000
   690:        6.000        6.000        6.000        6.000        6.000
   695:        6.000        6.000        6.000        6.000        6.000
   700:        6.000        6.000        6.000        6.000        6.000
   705:        6.000        6.000        6.000        6.000        6.000
   710:        6.000        6.000        6.000        6.000        6.000
   715:        6.000        6.000        6.000        6.000        6.000
   720:        6.000        6.000        6.000        6.000        6.000
   725:        6.000        6.000        6.000        6.000        6.000
   730:        6.000        6.000        6.000        6.000        6.000
   735:        6.000        6.000        6.000        6.000        6.000
   740:        6.000        6.000        6.000        6.000        6.000
   745:        6.000        6.000        6.000        6.000        6.000
   750:        6.000        6.000        6.000        6.000        6.000
   755:        6.000        6.000        6.000        6.000        6.000
   760:        6.000        6.000        6.000        6.000        6.000
   765:        6.000        6.000        6.000        6.000        6.000
   770:        6.000        6.000        6.000        6.000        6.000
   775:        6.000        6.000        6.000        6.000        6.000
   780:        6.000        6.000        6.000        6.000        6.000
   785:        6.000        6.000        6.000        6.000        6.000
   790:        6.000        6.000        6.000        6.000        6.000
   795:        6.000        6.000        6.000        6.000        6.000
   800:        6.000        6.000        6.000        6.000        6.000
   805:        6.000        6.000        6.000        6.000        6.000
   810:        6.000        6.000        6.000        6.000        6.000
   815:        6.000        6.000        6.000        6.000        6.000
   820:        6.000        6.000        6.000        6.000        6.000
   825:        6.000        6.000        6.000        6.000        6.000
   830:        6.000        6.000        6.000        6.000        6.000
   835:        6.000        6.000        6.000        6.000        6.000
   840:        6.000        6.000        6.000        6.000        6.000
   845:        6.000        6.000        6.000        6.000        6.000
   850:        6.000        6.000        6.000        6.000        6.000
   855:        6.000        6.000        6.000        6.000        6.000
   860:        6.000        6.000        6.000        6.000        6.000
   865:        6.000        6.000        6.000        6.000        6.000
   870:        6.000        6.000        6.000        6.000        6.000
   875:        6.000        6.000        6.000        6.000        6.000
   880:        6.000        6.000        6.000        6.000        6.000
   885:        6.000        6.000        6.000        6.000        6.000
   890:        6.000        6.000        6.000        6.000        6.000
   895:        6.000        6.000        6.000        6.000        6.000
   900:        6.000        6.000        6.000        6.000        6.000
   905:        6.000        6.000        6.000        6.000        6.000
   910:        6.000        6.000        6.000        6.000        6.000
   915:        6.000        6.000        6.000        6.000        6.000
   920:        6.000        6.000        6.000        6.000        6.000
   925:        6.000        6.000        6.000        6.000        6.000
   930:        6.000        6.000        6.000        6.000        6.000
   935:        6.000        6.000        6.000        6.000        6.000
   940:        6.000        6.000        6.000        6.000        6.000
   945:        6.000        6.000        6.000        6.000        6.000
   950:        6.000        6.000        6.000        6.000        6.000
   955:        6.000        6.000        6.000        6.000        6.000
   960:        6.000        6.000        6.000        6.000        6.000
   965:        6.000        6.000        6.000        6.000        6.000
   970:        6.000        6.000        6.000        6.000        6.000
   975:        6.000        6.000        6.000        6.000        6.000
   980:        6.000        6.000        6.000        6.000        6.000
   985:        6.000        6.000        6.000        6.000        6.000
   990:        6.000        6.000        6.000        6.000        6.000
   995:        6.000        6.000        6.000        6.000        6.000
  1000:        6.000        6.000        6.000        6.000        6.000
  1005:        6.000        6.000        6.000        6.000        6.000
  1010:        6.000        6.000        6.000        6.000        6.000
  1015:        6.000        6.000        6.000        6.000        6.000
  1020:        6.000        6.000        6.000        6.000        6.000
  1025:        6.000        6.000        6.000        6.000        6.000
  1030:        6.000        6.000        6.000        6.000        6.000
  1035:        6.000        6.000        6.000        6.000        6.000
  1040:        6.000        6.000        6.000        6.000        6.000
  1045:        6.000        6.000        6.000        6.000        6.000
  1050:        6.000        6.000        6.000        6.000        6.000
  1055:        6.000        6.000        6.000        6.000        6.000
  1060:        6.000        6.000        6.000        6.000        6.000
  1065:        6.000        6.000        6.000        6.000        6.000
  1070:        6.000        6.000        6.000        6.000        6.000
  1075:        6.000        6.000        6.000        6.000        6.000
  1080:        6.000        6.000        6.000        6.000        6.000
  1085:        6.000        6.000        6.000        6.000        6.000
  1090:        6.000        6.000        6.000        6.000        6.000
  1095:        6.000        6.000        6.000        6.000        6.000
  1100:        6.000        6.000        6.000        6.000        6.000
  1105:        6.000        6.000        6.000        6.000        6.000
  1110:        6.000        6.000        6.000        6.000        6.000
  1115:        6.000        6.000        6.000        6.000        6.000
  1120:        6.000        6.000        6.000        6.000        6.000
  1125:        6.000        6.000        6.000        6.000        6.000
  1130:        6.000        6.000        6.000        6.000        6.000
  1135:        6.000        6.000        6.000        6.000        6.000
  1140:        6.000        6.000        6.000        6.000        6.000
  1145:        6.000        6.000        6.000        6.000        6.000
  1150:        6.000        6.000        6.000        6.000        6.000
  1155:        6.000        6.000        6.000        6.000        6.000
  1160:        6.000        6.000        6.000        6.000        6.000
  1165:        6.000        6.000        6.000        6.000        6.000
  1170:        6.000        6.000        6.000        6.000        6.000
  1175:        6.000        6.000        6.000        6.000        6.000
  1180:        6.000        6.000        6.000        6.000        6.000
  1185:        6.000        6.000        6.000        6.000        6.000
  1190:        6.000        6.000        6.000        6.000        6.000
  1195:        6.000        6.000        6.000        6.000        6.000
  1200:        6.000        6.000        6.000        6.000        6.000
  1205:        6.000        6.000        6.000        6.000        6.000
  1210:        6.000        6.000        6.000        6.000        6.000
  1215:        6.000        6.000        6.000        6.000        6.000
  1220:        6.000        6.000        6.000        6.000        6.000
  1225:        6.000        6.000        6.000        6.000        6.000
  1230:        6.000        6.000        6.000        6.000        6.000
  1235:        6.000        6.000        6.000        6.000        6.000
  1240:        6.000        6.000        6.000        6.000        6.000
  1245:        6.000        6.000        6.000        6.000        6.000
  1250:        6.000        6.000        6.000        6.000        6.000
  1255:        6.000        6.000        6.000        6.000        6.000
  1260:        6.000        6.000        6.000        6.000        6.000
  1265:        6.000        6.000        6.000        6.000        6.000
  1270:        6.000        6.000        6.000        6.000        6.000
  1275:        6.000        6.000        6.000        6.000        6.000
  1280:        6.000        6.000        6.000        6.000        6.000
  1285:        6.000        6.000        6.000        6.000        6.000
  1290:        6.000        6.000        6.000        6.000        6.000
  1295:        6.000        6.000        6.000        6.000        6.000
  1300:        6.000        6.000        6.000        6.000        6.000
  1305:        6.000        6.000        6.000        6.000        6.000
  1310:        6.000        6.000        6.000        6.000        6.000
  1315:        6.000        6.000        6.000        6.000        6.000
  1320:        6.000        6.000        6.000        6.000        6.000
  1325:        6.000        6.000        6.000        6.000        6.000
  1330:        6.000        6.000        6.000        6.000        6.000
  1335:        6.000        6.000        6.000        6.000        6.000
  1340:        6.000        6.000        6.000        6.000        6.000
  1345:        6.000        6.000        6.000        6.000        6.000
  1350:        6.000        6.000        6.000        6.000        6.000
  1355:        6.000        6.000        6.000        6.000        6.000
  1360:        6.000        6.000        6.000        6.000        6.000
  1365:        6.000        6.000        6.000        6.000        6.000
  1370:        6.000        6.000        6.000        6.000        6.000
  1375:        6.000        6.000        6.000        6.000        6.000
  1380:        6.000        6.000        6.000        6.000        6.000
  1385:        6.000        6.000        6.000        6.000        6.000
  1390:        6.000        6.000        6.000        6.000        6.000
  1395:        6.000        6.000        6.000        6.000        6.000
  1400:        6.000        6.000        6.000        6.000        6.000
  1405:        6.000        6.000        6.000        6.000        6.000
  1410:        6.000        6.000        6.000        6.000        6.000
  1415:        6.000        6.000        6.000        6.000        6.000
  1420:        6.000        6.000        6.000        6.000        6.000
  1425:        6.000        6.000        6.000        6.000        6.000
  1430:        6.000        6.000        6.000        6.000        6.000
  1435:        6.000        6.000        6.000        6.000        6.000
  1440:        6.000        6.000        6.000        6.000        6.000
  1445:        6.000        6.000        6.000        6.000        6.000
  1450:        6.000        6.000        6.000        6.000        6.000
  1455:        6.000        6.000        6.000        6.000        6.000
  1460:        6.000        6.000        6.000        6.000        6.000
  1465:        6.000        6.000        6.000        6.000        6.000
  1470:        6.000        6.000        6.000        6.000        6.000
  1475:        6.000        6.000        6.000        6.000        6.000
  1480:        6.000        6.000        6.000        6.000        6.000
  1485:        6.000        6.000        6.000        6.000        6.000
  1490:        6.000        6.000        6.000        6.000        6.000
  1495:        6.000        6.000        6.000        6.000        6.000
  1500:        6.000        6.000        6.000        6.000        6.000
  1505:        6.000        6.000        6.000        6.000        6.000
  1510:        6.000        6.000        6.000        6.000        6.000
  1515:        6.000        6.000        6.000        6.000        6.000
  1520:        6.000        6.000        6.000        6.000        6.000
  1525:        6.000        6.000        6.000        6.000        6.000
  1530:        6.000        6.000        6.000        6.000        6.000
  1535:        6.000        6.000        6.000        6.000        6.000
  1540:        6.000        6.000        6.000        6.000        6.000
  1545:        6.000        6.000        6.000        6.000        6.000
  1550:        6.000        6.000        6.000        6.000        6.000
  1555:        6.000        6.000        6.000        6.000        6.000
  1560:        6.000        6.000        6.000        6.000        6.000
  1565:        6.000        6.000        6.000        6.000        6.000
  1570:        6.000        6.000        6.000        6.000        6.000
  1575:        6.000        6.000        6.000        6.000        6.000
  1580:        6.000        6.000        6.000        6.000        6.000
  1585:        6.000        6.000        6.000        6.000        6.000
  1590:        6.000        6.000        6.000        6.000        6.000
  1595:        6.000        6.000        6.000        6.000        6.000
  1600:        6.000        6.000        6.000        6.000        6.000
  1605:        6.000        6.000        6.000        6.000        6.000
  1610:        6.000        6.000        6.000        6.000        6.000
  1615:        6.000        6.000        6.000        6.000        6.000
  1620:        6.000        6.000        6.000        6.000        6.000
  1625:        6.000        6.000        6.000        6.000        6.000
  1630:        6.000        6.000        6.000        6.000        6.000
  1635:        6.000        6.000        6.000        6.000        6.000
  1640:        6.000        6.000        6.000        6.000        6.000
  1645:        6.000        6.000        6.000        6.000        6.000
  1650:        6.000        6.000        6.000        6.000        6.000
  1655:        6.000        6.000        6.000        6.000        6.000
  1660:        6.000        6.000        6.000        6.000        6.000
  1665:        6.000        6.000        6.000        6.000        6.000
  1670:        6.000        6.000        6.000        6.000        6.000
  1675:        6.000        6.000        6.000        6.000        6.000
  1680:        6.000        6.000        6.000        6.000        6.000
  1685:        6.000        6.000        6.000        6.000        6.000
  1690:        6.000        6.000        6.000        6.000        6.000
  1695:        6.000        6.000        6.000        6.000        6.000
  1700:        6.000        6.000        6.000        6.000        6.000
  1705:        6.000        6.000        6.000        6.000        6.000
  1710:        6.000        6.000        6.000        6.000        6.000
  1715:        6.000        6.000        6.000        6.000        6.000
  1720:        6.000        6.000        6.000        6.000        6.000
  1725:        6.000        6.000        6.000        6.000        6.000
  1730:        6.000        6.000        6.000        6.000        6.000
  1735:        6.000        6.000        6.000        6.000        6.000
  1740:        6.000        6.000        6.000        6.000        6.000
  1745:        6.000        6.000        6.000        6.000        6.000
  1750:        6.000        6.000        6.000        6.000        6.000
  1755:        6.000        6.000        6.000        6.000        6.000
  1760:        6.000        6.000        6.000        6.000        6.000
  1765:        6.000        6.000        6.000        6.000        6.000
  1770:        6.000        6.000        6.000        6.000        6.000
  1775:        6.000        6.000        6.000        6.000        6.000
  1780:        6.000        6.000        6.000        6.000        6.000
  1785:        6.000        6.000        6.000        6.000        6.000
  1790:        6.000        6.000        6.000        6.000        6.000
  1795:        6.000        6.000        6.000        6.000        6.000
  1800:        6.000        6.000        6.000        6.000        6.000
  1805:        6.000        6.000        6.000        6.000        6.000
  1810:        6.000        6.000        6.000        6.000        6.000
  1815:        6.000        6.000        6.000        6.000        6.000
  1820:        6.000        6.000        6.000        6.000        6.000
  1825:        6.000        6.000        6.000        6.000        6.000
  1830:        6.000        6.000        6.000        6.000        6.000
  1835:        6.000        6.000        6.000        6.000        6.000
  1840:        6.000        6.000        6.000        6.000        6.000
  1845:        6.000        6.000        6.000        6.000        6.000
  1850:        6.000        6.000        6.000        6.000        6.000
  1855:        6.000        6.000        6.000        6.000        6.000
  1860:        6.000        6.000        6.000        6.000        6.000
  1865:        6.000        6.000        6.000        6.000        6.000
  1870:        6.000        6.000        6.000        6.000        6.000
  1875:        6.000        6.000        6.000        6.000        6.000
  1880:        6.000        6.000        6.000        6.000        6.000
  1885:        6.000        6.000        6.000        6.000        6.000
  1890:        6.000        6.000        6.000        6.000        6.000
  1895:        6.000        6.000        6.000        6.000        6.000
  1900:        6.000        6.000        6.000        6.000        6.000
  1905:        6.000        6.000        6.000        6.000        6.000
  1910:        6.000        6.000        6.000        6.000        6.000
  1915:        6.000        6.000        6.000        6.000        6.000
  1920:        6.000        6.000        6.000        6.000        6.000
  1925:        6.000        6.000        6.000        6.000        6.000
  1930:        6.000        6.000        6.000        6.000        6.000
  1935:        6.000        6.000        6.000        6.000        6.000
  1940:        6.000        6.000        6.000        6.000        6.000
  1945:        6.000        6.000        6.000        6.000        6.000
  1950:        6.000        6.000        6.000        6.000        6.000
  1955:        6.000        6.000        6.000        6.000        6.000
  1960:        6.000        6.000        6.000        6.000        6.000
  1965:        6.000        6.000        6.000        6.000        6.000
  1970:        6.000        6.000        6.000        6.000        6.000
  1975:        6.000        6.000        6.000        6.000        6.000
  1980:        6.000        6.000        6.000        6.000        6.000
  1985:        6.000        6.000        6.000        6.000        6.000
  1990:        6.000        6.000        6.000        6.000        6.000
  1995:        6.000        6.000        6.000        6.000        6.000
  2000:        6.000        6.000        6.000        6.000        6.000
  2005:        6.000        6.000        6.000        6.000        6.000
  2010:        6.000        6.000        6.000        6.000        6.000
  2015:        6.000        6.000        6.000        6.000        6.000
  2020:        6.000        6.000        6.000        6.000        6.000
  2025:        6.000        6.000        6.000        6.000        6.000
  2030:        6.000        6.000        6.000        6.000        6.000
  2035:        6.000        6.000        6.000        6.000        6.000
  2040:        6.000        6.000        6.000        6.000        6.000
  2045:        6.000        6.000        6.000        6.000        6.000
  2050:        6.000        6.000        6.000        6.000        6.000
  2055:        6.000        6.000        6.000        6.000        6.000
  2060:        6.000        6.000        6.000        6.000        6.000
  2065:        6.000        6.000        6.000        6.000        6.000
  2070:        6.000        6.000        6.000        6.000        6.000
  2075:        6.000        6.000        6.000        6.000        6.000
  2080:        6.000        6.000        6.000        6.000        6.000
  2085:        6.000        6.000        6.000        6.000        6.000
  2090:        6.000        6.000        6.000        6.000        6.000
  2095:        6.000        6.000        6.000        6.000        6.000
  2100:        6.000        6.000        6.000        6.000        6.000
  2105:        6.000        6.000        6.000        6.000        6.000
  2110:        6.000        6.000        6.000        6.000        6.000
  2115:        6.000        6.000        6.000        6.000        6.000
  2120:        6.000        6.000        6.000        6.000        6.000
  2125:        6.000        6.000        6.000        6.000        6.000
  2130:        6.000        6.000        6.000        6.000        6.000
  2135:        6.000        6.000        6.000        6.000        6.000
  2140:        6.000        6.000        6.000        6.000        6.000
  2145:        6.000        6.000        6.000        6.000        6.000
  2150:        6.000        6.000        6.000        6.000        6.000
  2155:        6.000        6.000        6.000        6.000        6.000
  2160:        6.000        6.000        6.000        6.000        6.000
  2165:        6.000        6.000        6.000        6.000        6.000
  2170:        6.000        6.000        6.000        6.000        6.000
  2175:        6.000        6.000        6.000        6.000        6.000
  2180:        6.000        6.000        6.000        6.000        6.000
  2185:        6.000        6.000        6.000        6.000        6.000
  2190:        6.000        6.000        6.000        6.000        6.000
  2195:        6.000        6.000        6.000        6.000        6.000
  2200:        6.000        6.000        6.000        6.000        6.000
  2205:        6.000        6.000        6.000        6.000        6.000
  2210:        6.000        6.000        6.000        6.000        6.000
  2215:        6.000        6.000        6.000        6.000        6.000
  2220:        6.000        6.000        6.000        6.000        6.000
  2225:        6.000        6.000        6.000        6.000        6.000
  2230:        6.000        6.000        6.000        6.000        6.000
  2235:        6.000        6.000        6.000        6.000        6.000
  2240:        6.000        6.000        6.000        6.000        6.000
  2245:        6.000        6.000        6.000        6.000        6.000
  2250:        6.000        6.000        6.000        6.000        6.000
  2255:        6.000        6.000        6.000        6.000        6.000
  2260:        6.000        6.000        6.000        6.000        6.000
  2265:        6.000        6.000        6.000        6.000        6.000
  2270:        6.000        6.000        6.000        6.000        6.000
  2275:        6.000        6.000        6.000        6.000        6.000
  2280:        6.000        6.000        6.000        6.000        6.000
  2285:        6.000        6.000        6.000        6.000        6.000
  2290:        6.000        6.000        6.000        6.000        6.000
  2295:        6.000        6.000        6.000        6.000        6.000
  2300:        6.000        6.000        6.000        6.000        6.000
  2305:        6.000        6.000        6.000        6.000        6.000
  2310:        6.000        6.000        6.000        6.000        6.000
  2315:        6.000        6.000        6.000        6.000        6.000
  2320:        6.000        6.000        6.000        6.000        6.000
  2325:        6.000        6.000        6.000        6.000        6.000
  2330:        6.000        6.000        6.000        6.000        6.000
  2335:        6.000        6.000        6.000        6.000        6.000
  2340:        6.000        6.000        6.000        6.000        6.000
  2345:        6.000        6.000        6.000        6.000        6.000
  2350:        6.000        6.000        6.000        6.000        6.000
  2355:        6.000        6.000        6.000        6.000        6.000
  2360:        6.000        6.000        6.000        6.000        6.000
  2365:        6.000        6.000        6.000        6.000        6.000
  2370:        6.000        6.000        6.000        6.000        6.000
  2375:        6.000        6.000        6.000        6.000        6.000
  2380:        6.000        6.000        6.000        6.000        6.000
  2385:        6.000        6.000        6.000        6.000        6.000
  2390:        6.000        6.000        6.000        6.000        6.000
  2395:        6.000        6.000        6.000        6.000        6.000
  2400:        6.000        6.000        6.000        6.000        6.000
  2405:        6.000        6.000        6.000        6.000        6.000
  2410:      100.000
T:
     0:        0.000        0.000        0.000        0.000       40.890
     5:       41.000       41.410       41.830       44.160       49.720
    10:       60.070       62.390       71.490       73.010       73.080
    15:       74.470       88.390       94.640      111.240      111.680
    20:      112.840      116.580      121.610      149.420      153.060
    25:      153.520      154.920      155.080      155.140      201.130
    30:      231.090      261.380      261.690      262.400      263.570
    35:      284.090      284.410      309.590      309.710      368.070
    40:      372.690      483.710      483.860      488.240      501.300
    45:      531.060      532.830      532.980      533.010      533.110
    50:      549.370      553.970      554.380      564.430      565.320
    55:      614.590      614.800      632.610      632.930      633.020
    60:      633.320      656.720      656.870      660.130      783.650
    65:      783.730      795.330      815.370      837.270      837.450
    70:      837.490      837.720      838.850      843.330      845.840
    75:      846.090      851.640      852.230      853.560      861.530
    80:      862.100      865.720      866.860     1115.340     1115.840
    85:     1124.580     1125.780     1149.340     1150.580     1151.160
    90:     1157.060     1170.620     1172.240     1174.780     1174.940
    95:     1175.050     1175.230     1175.580     1175.660     1176.620
   100:     1180.710     1180.930     1181.020     1181.820     1181.980
   105:     1201.000     1201.160     1201.340     1201.390     1204.660
   110:     1224.170     1224.610     1237.650     1244.030     1249.100
   115:     1249.120     1250.460     1251.000     1251.140     1255.810
   120:     1273.160     1275.960     1276.110     1276.440     1276.710
   125:     1276.830     1276.910     1277.060     1277.290     1277.870
   130:     1277.890     1278.040     1278.140     1278.410     1278.720
   135:     1278.780     1278.860     1279.560     1281.440     1292.250
   140:     1292.320     1292.760     1293.470     1299.080     1299.210
   145:     1300.690     1300.900     1301.200     1305.450     1356.200
   150:     1356.790     1356.950     1366.470     1369.750     1370.840
   155:     1372.730     1373.090     1373.220     1374.290     1374.440
   160:     1374.680     1376.290     1377.470     1396.530     1397.440
   165:     1399.350     1399.910     1401.540     1401.810     1402.130
   170:     1403.050     1403.710     1564.540     1565.680     1566.260
   175:     1606.760     1607.240     1607.320     1607.800     1608.340
   180:     1613.130     1613.720     1614.430     1615.090     1615.280
   185:     1615.440     1620.710     1621.970     1635.880     1638.330
   190:     1639.210     1640.250     1640.710     1647.260     1648.230
   195:     1648.660     1649.570     1661.290     1661.590     1662.020
   200:     1662.910     1663.080     1663.400     1663.460     1663.710
   205:     1664.830     1666.150     1668.370     1668.670     1668.840
   210:     1669.380     1669.450     1669.470     1669.940     1670.510
   215:     1670.800     1671.030     1671.130     1671.220     1671.370
   220:     1671.610     1671.660     1671.720     1671.950     1672.240
   225:     1672.500     1672.970     1675.660     1677.570     1678.230
   230:     1679.070     1679.190     1679.550     1679.870     1680.140
   235:     1681.520     1681.680     1682.150     1682.840     1682.900
   240:     1683.690     1684.200     1685.080     1686.550     1687.090
   245:     1687.310     1688.100     1688.810     1690.980     1691.020
   250:     1691.740     1691.970     1692.170     1692.750     1692.990
   255:     1707.660     1708.360     1708.600     1708.610     1709.180
   260:     1709.640     1710.670     1710.730     1710.980     1711.080
   265:     1711.150     1711.220     1711.680     1711.750     1711.930
   270:     1712.180     1712.370     1717.080     1717.290     1717.980
   275:     1724.730     1725.560     1728.670     1728.700     1729.190
   280:     1729.570     1731.070     1733.750     1734.070     1734.180
   285:     1775.500     1781.220     1782.000     1782.250     1783.310
   290:     1813.630     1814.290     1814.830     1815.110     1815.200
   295:     1815.260     1815.660     1815.730     1816.010     1816.800
   300:     1817.580     1817.620     1818.350     1819.980     1820.060
   305:     1820.090     1820.280     1823.760     1824.010     1824.600
   310:     1824.700     1825.570     1825.870     1826.060     1826.230
   315:     1842.800     1843.760     1845.410     1848.250     1851.980
   320:     1852.020     1853.860     1854.270     1859.870     1860.680
   325:     1860.940     1861.660     1862.060     1862.490     1862.710
   330:     1863.020     1864.390     1864.680     1866.070     1866.100
   335:     1866.900     1867.490     1867.580     1867.700     1867.840
   340:     1867.980     1868.180     1868.580     1868.910     1869.080
   345:     1872.960     1875.990     1878.740     1879.530     1879.870
   350:     1884.140     1884.210     1886.150     1886.210     1886.740
   355:     1888.030     1888.420     1891.390     1891.510     1892.320
   360:     1892.670     1896.310     1896.520     1899.620     1899.750
   365:     1900.770     1906.170     1907.020     1909.450     1910.900
   370:     1911.160     1911.690     1911.730     1912.300     1912.460
   375:     1913.440     1913.480     1913.940     1914.320     1915.190
   380:     1915.220     1916.140     1918.150     1919.160     1919.550
   385:     1919.630     1920.450     1920.720     1921.360     1924.490
   390:     1924.700     1924.900     1932.030     1932.260     1932.320
   395:     1932.610     2001.930     2001.950     2002.680     2004.580
   400:     2004.800     2005.210     2005.860     2005.980     2008.520
   405:     2009.150     2009.510     2009.690     2010.040     2016.320
   410:     2016.560     2016.630     2019.500     2019.620     2022.160
   415:     2025.860     2027.650     2028.560     2028.950     2029.030
   420:     2031.090     2032.240     2033.850     2036.160     2061.330
   425:     2061.500     2061.650     2080.120     2080.600     2084.070
   430:     2089.110     2089.570     2157.410     2173.780     2176.010
   435:     2176.070     2176.540     2180.140     2182.100     2182.250
   440:     2182.550     2182.950     2183.210     2183.470     2183.550
   445:     2184.200     2184.290     2184.400     2185.060     2185.980
   450:     2187.100     2187.950     2188.190     2190.030     2190.620
   455:     2191.290     2192.390     2193.190     2193.710     2194.080
   460:     2205.220     2205.490     2205.690     2205.980     2206.120
   465:     2206.260     2207.850     2207.940     2208.040     2208.450
   470:     2208.670     2208.740     2208.940     2208.980     2209.100
   475:     2209.200     2209.340     2209.500     2211.080     2225.750
   480:     2226.520     2227.610     2247.560     2278.570     2278.830
   485:     2279.240     2279.460     2279.610     2279.630     2280.180
   490:     2280.600     2285.260     2286.010     2286.110     2286.370
   495:     2286.400     2286.760     2287.410     2292.740     2294.690
   500:     2295.270     2297.020     2297.130     2297.190     2309.370
   505:     2310.190     2312.190     2323.080     2323.680     2325.440
   510:     2325.600     2325.900     2327.680     2327.720     2327.750
   515:     2327.960     2328.030     2328.240     2328.340     2328.750
   520:     2329.090     2329.140     2329.890     2332.840     2343.880
   525:     2362.220     2363.140     2365.700     2366.190     2371.070
   530:     2371.470     2371.700     2377.930     2378.000     2378.030
   535:     2379.780     2381.180     2383.420     2383.800     2385.120
   540:     2390.120     2395.420     2395.530     2425.220     2425.590
   545:     2425.900     2426.990     2432.030     2434.680     2435.250
   550:     2469.100     2469.640     2470.640     2474.200     2476.710
   555:     2478.540     2478.900     2478.990     2479.040     2480.650
   560:     2480.710     2481.490     2481.640     2482.300     2482.660
   565:     2483.320     2592.650     2593.180     2593.260     2593.510
   570:     2594.150     2595.230     2596.790     2597.790     2597.950
   575:     2599.280     2599.350     2601.180     2601.810     2604.630
   580:     2604.660     2604.680     2604.710     2618.840     2619.130
   585:     2619.290     2620.220     2620.400     2623.050     2623.130
   590:     2624.540     2624.590     2624.640     2625.680     2627.340
   595:     2627.710     2627.980     2628.050     2628.170     2628.320
   600:     2628.430     2628.550     2628.740     2628.920     2629.080
   605:     2629.290     2629.420     2629.530     2629.620     2629.830
   610:     2630.070     2630.280     2642.820     2642.910     2643.200
   615:     2643.460     2643.820     2643.950     2644.160     2644.320
   620:     2644.390     2644.850     2644.940     2645.080     2645.350
   625:     2645.610     2645.980     2646.280     2646.450     2646.660
   630:     2646.700     2646.780     2646.910     2647.210     2647.400
   635:     2647.640     2647.940     2654.890     2655.100     2655.260
   640:     2655.680     2655.840     2656.080     2656.100     2656.960
   645:     2657.140     2658.300     2658.460     2659.650     2659.770
   650:     2659.840     2659.910     2663.270     2664.250     2664.660
   655:     2672.470     2672.510     2672.700     2674.640     2675.090
   660:     2675.170     2680.630     2694.050     2862.760     2863.300
   665:     2863.370     2869.580     2869.770     2871.970     2872.000
   670:     2872.290     2872.690     2872.990     2873.400     2873.430
   675:     2873.890     2874.140     2874.390     2874.420     2875.600
   680:     2875.680     2876.150     2876.630     2876.770     2876.980
   685:     2877.010     2879.040     2879.260     2879.450     2879.680
   690:     2879.800     2880.030     2880.300     2885.480     2903.670
   695:     2904.020     2904.070     2904.150     2904.210     2904.270
   700:     2904.340     2904.410     2905.630     2934.080     2934.450
   705:     2955.370     2955.750     2955.920     2955.950     2956.330
   710:     2956.590     2956.930     2957.080     2957.210     2957.270
   715:     2957.440     2957.630     2959.890     2959.930     2960.080
   720:     2960.170     2960.260     2960.770     2960.930     2961.290
   725:     2961.360     2961.630     2967.480     2967.650     2968.440
   730:     2968.560     2973.890     2974.960     2975.070     2975.200
   735:     2975.230     2975.740     2976.010     2976.080     2976.820
   740:     2976.940     2977.430     2977.630     2977.840     2978.010
   745:     2978.320     2978.820     2979.010     2979.480     2979.790
   750:     2979.900     2980.030     2983.220     2990.290     2990.480
   755:     2990.500     2990.690     2990.910     2991.120     2991.470
   760:     2991.560     2997.160     2997.510     2997.850     3025.940
   765:     3026.110     3026.280     3026.970     3027.420     3027.660
   770:     3029.440     3029.450     3030.670     3030.850     3030.960
   775:     3031.710     3032.290     3032.620     3032.680     3033.180
   780:     3033.440     3044.260     3044.640     3044.710     3044.780
   785:     3045.560     3045.900     3046.080     3046.300     3046.930
   790:     3047.040     3048.500     3049.890     3050.100     3050.460
   795:     3050.530     3050.900     3052.260     3053.900     3054.160
   800:     3054.500     3054.540     3054.620     3056.720     3057.830
   805:     3058.300     3058.400     3064.200     3064.330     3067.360
   810:     3067.460     3067.480     3067.520     3067.630     3067.810
   815:     3067.990     3068.140     3068.720     3069.250     3070.120
   820:     3070.230     3070.520     3070.710     3070.890     3071.020
   825:     3072.020     3072.320     3072.450     3072.530     3073.280
   830:     3073.670     3074.990     3075.170     3075.290     3077.570
   835:     3078.420     3080.850     3081.580     3081.850     3082.250
   840:     3082.390     3083.200     3084.060     3086.210     3088.500
   845:     3093.820     3093.980     3097.050     3097.410     3097.490
   850:     3097.690     3098.780     3099.440     3099.860     3101.010
   855:     3102.340     3109.230     3109.570     3110.290     3110.400
   860:     3114.100     3116.890     3117.080     3117.470     3117.650
   865:     3119.680     3120.080     3120.250     3120.560     3145.760
   870:     3148.950     3148.980     3151.320     3158.970     3159.740
   875:     3160.800     3161.030     3161.280     3161.380     3176.770
   880:     3177.750     3179.720     3189.590     3190.290     3190.490
   885:     3190.690     3190.750     3193.150     3193.560     3193.960
   890:     3194.640     3195.820     3195.960     3199.070     3200.960
   895:     3201.710     3201.830     3209.290     3210.240     3210.270
   900:     3210.310     3210.330     3210.460     3210.530     3211.290
   905:     3211.400     3217.260     3217.530     3221.660     3227.200
   910:     3228.080     3228.180     3228.220     3228.390     3229.580
   915:     3229.680     3247.580     3256.940     3257.710     3258.620
   920:     3258.710     3258.970     3259.240     3259.350     3259.470
   925:     3259.590     3259.680     3259.720     3260.450     3260.590
   930:     3261.230     3263.550     3263.970     3264.400     3269.130
   935:     3269.900     3280.510     3294.840     3294.900     3296.120
   940:     3296.420     3296.440     3296.540     3297.670     3298.300
   945:     3298.460     3299.060     3299.310     3300.300     3305.840
   950:     3316.140     3316.270     3316.310     3316.610     3317.200
   955:     3317.470     3328.060     3328.370     3328.710     3328.980
   960:     3329.100     3329.430     3329.610     3329.770     3330.860
   965:     3332.060     3332.120     3332.970     3333.240     3334.360
   970:     3334.470     3334.710     3419.620     3419.760     3419.840
   975:     3419.870     3419.960     3421.000     3421.060     3421.230
   980:     3421.340     3422.150     3424.990     3425.400     3430.050
   985:     3440.750     3664.690     3668.650     3675.180     3676.290
   990:     3677.010     3678.720     3678.840     3692.380     3692.660
   995:     3693.630     3693.980     3694.030     3699.840     3699.950
  1000:     3700.170     3700.410     3700.520     3702.050     3706.070
  1005:     3706.460     3706.520     3706.550     3706.960     3707.030
  1010:     3707.460     3707.560     3708.920     3709.060     3709.920
  1015:     3710.610     3710.700     3711.520     3713.060     3716.550
  1020:     3716.650     3717.060     3717.950     3718.310     3734.200
  1025:     3734.570     3740.910     3741.890     3745.040     3746.160
  1030:     3786.520     3790.460     3791.000     3794.720     3794.760
  1035:     3801.840     3802.760     3803.870     3804.210     3804.660
  1040:     3806.330     3806.470     3806.500     3806.670     3806.770
  1045:     3806.860     3808.060     3808.370     3809.020     3812.060
  1050:     3812.130     3812.440     3813.010     3813.290     3814.030
  1055:     3814.280     3814.410     3814.560     3815.730     3815.850
  1060:     3816.040     3816.660     3817.140     3817.230     3817.350
  1065:     3818.010     3820.690     3820.900     3820.920     3820.930
  1070:     3821.820     3821.930     3822.310     3822.610     3823.560
  1075:     3827.870     3828.320     3828.700     3828.860     3829.110
  1080:     3829.390     3829.470     3829.590     3831.280     3832.420
  1085:     3832.810     3832.940     3832.990     3833.110     3833.400
  1090:     3833.470     3833.630     3833.780     3833.850     3834.020
  1095:     3834.430     3835.570     3836.000     3837.630     3838.450
  1100:     3838.730     3838.860     3839.930     3840.080     3840.200
  1105:     3840.930     3849.240     3849.330     3851.730     3851.840
  1110:     3854.250     3854.490     3854.530     3854.670     3854.900
  1115:     3856.200     3856.830     3856.910     3857.910     3858.390
  1120:     3867.280     3867.900     3868.670     3869.710     3871.500
  1125:     3873.320     3873.430     3874.090     3876.910     3877.190
  1130:     3877.690     3877.730     3878.110     3878.280     3878.620
  1135:     3879.000     3881.280     3881.370     3881.600     3881.620
  1140:     3881.760     3881.850     3884.910     3885.110     3897.850
  1145:     4040.970     4056.970     4057.900     4091.100     4635.430
  1150:     4635.530     4641.780     4663.830     4665.120     4665.500
  1155:     4674.180     4680.140     4681.690     4681.750     4685.320
  1160:     4706.950     4707.450     4708.160     4717.390     4718.110
  1165:     4722.950     4723.320     4726.920     4730.280     4730.730
  1170:     4735.440     4736.750     4738.620     4738.710     4738.820
  1175:     4738.900     4747.620     4748.330     4751.970     4752.440
  1180:     4753.490     4753.510     4753.560     4753.820     4754.500
  1185:     4754.910     4755.230     4755.620     4758.180     4760.920
  1190:     4761.600     4761.950     4762.380     4762.680     4765.810
  1195:     4766.220     4767.300     4767.560     4767.830     4770.660
  1200:     4770.740     4770.950     4772.860     4774.260     4774.290
  1205:     4774.370     4881.270     5440.300     5443.290     5445.270
  1210:     5457.000     5457.340     5457.430     5457.830     5459.410
  1215:     5461.790     5463.110     5463.580     5463.940     5473.250
  1220:     5479.640     5483.430     5485.350     5486.100     5486.250
  1225:     5488.890     5500.620     5505.710     5505.910     5585.600
  1230:     5586.330     5587.700     5588.210     5610.480     5610.840
  1235:     5610.920     5611.310     5612.430     5614.840     5615.820
  1240:     5621.740     5622.150     5622.380     5625.420     5625.630
  1245:     5625.850     5626.290     5626.520     5626.620     5626.750
  1250:     5626.860     5627.020     5627.100     5632.660     5633.120
  1255:     5633.180     5636.690     5642.840     5644.760     5646.290
  1260:     5646.340     5646.480     5646.720     5646.740     5648.870
  1265:     5649.350     5650.960     5651.210     5651.320     5655.450
  1270:     5656.650     5656.700     5656.800     5657.020     5657.230
  1275:     5657.460     5659.930     5662.300     5662.420     5664.020
  1280:     5664.260     5667.400     5668.430     5669.770     5671.300
  1285:     5672.670     5673.720     5674.970     5677.530     5677.770
  1290:     5677.980     5678.630     5678.760     5679.440     5679.690
  1295:     5680.990     5681.280     5681.410     5684.780     5685.780
  1300:     5686.110     5686.530     5686.680     5687.040     5688.950
  1305:     5689.100     5689.620     5689.730     5690.560     5690.900
  1310:     5691.190     5710.850     5711.240     5712.440     5716.940
  1315:     5717.160     5717.300     5726.540     5727.290     5728.550
  1320:     5729.250     5731.170     5731.860     5732.270     5744.370
  1325:     5745.100     5748.640     5750.800     5750.820     5750.890
  1330:     5751.420     5751.570     5752.390     5752.780     5753.530
  1335:     5756.190     5757.180     5758.820     5759.110     5759.400
  1340:     5759.610     5759.780     5759.970     5760.260     5768.090
  1345:     5768.290     5768.520     5768.680     5779.310     5779.380
  1350:     5779.610     5782.990     6133.140     6133.500     6134.000
  1355:     6152.200     6154.090     6155.240     6159.410     6366.690
  1360:     6366.720     6995.910     7248.140     7248.540     7311.740
  1365:     7311.790     7311.860     7314.200     7315.160     7682.000
  1370:     7682.620     7682.690     7683.900     7683.950     7684.120
  1375:     7894.370     7894.770     7939.860     7943.510     8169.790
  1380:     8170.090     8170.480     8170.540     8170.740     8415.590
  1385:     8416.720     8416.830     8418.090     8596.070     8683.500
  1390:     8686.200     8686.400     8686.580     8686.620     8686.830
  1395:     8688.690     8688.700     8806.770     8807.930     8814.890
  1400:     8818.340     8818.890     8827.680     8830.220     8863.940
  1405:     8870.000     8870.290     8898.230     8922.360     9014.880
  1410:     9077.710     9078.610     9079.080     9079.420     9083.460
  1415:     9083.900     9113.600     9113.760     9115.390     9116.820
  1420:     9125.790     9128.580     9129.670     9130.270     9130.410
  1425:     9130.500     9130.690     9130.840     9130.870     9131.550
  1430:     9131.650     9132.290     9132.550     9132.560     9132.660
  1435:     9132.790     9133.240     9133.710     9134.020     9134.130
  1440:     9134.680     9134.750     9134.860     9134.900     9135.130
  1445:     9135.220     9135.400     9135.600     9136.000     9136.460
  1450:     9136.620     9136.700     9137.340     9137.430     9137.500
  1455:     9137.640     9137.880     9138.380     9138.470     9138.690
  1460:     9138.730     9139.030     9139.730     9140.290     9140.870
  1465:     9140.950     9141.060     9141.340     9141.910     9141.970
  1470:     9142.060     9142.150     9142.650     9142.840     9143.180
  1475:     9143.340     9144.140     9145.410     9145.640     9145.860
  1480:     9145.950     9145.990     9146.220     9146.260     9146.470
  1485:     9146.570     9146.720     9147.340     9147.580     9148.050
  1490:     9148.360     9148.500     9149.100     9149.270     9149.600
  1495:     9149.770     9149.920     9150.290     9150.380     9150.510
  1500:     9150.920     9150.990     9151.260     9152.630     9152.680
  1505:     9152.840     9153.160     9153.330     9153.460     9153.550
  1510:     9154.400     9154.530     9155.290     9155.380     9155.440
  1515:     9155.490     9155.720     9155.790     9155.890     9156.330
  1520:     9156.650     9156.740     9157.440     9157.900     9159.490
  1525:     9160.340     9161.110     9161.780     9161.910     9162.850
  1530:     9162.880     9164.330     9164.890     9165.050     9165.130
  1535:     9165.230     9165.350     9166.140     9166.180     9166.320
  1540:     9166.440     9166.550     9167.010     9167.410     9167.550
  1545:     9167.850     9168.070     9168.290     9168.410     9168.570
  1550:     9169.010     9169.140     9169.350     9169.450     9169.590
  1555:     9169.950     9170.040     9170.370     9170.450     9170.460
  1560:     9170.780     9171.060     9171.210     9171.400     9172.580
  1565:     9172.600     9172.690     9172.770     9175.180     9175.320
  1570:     9175.390     9177.200     9177.410     9177.500     9178.340
  1575:     9179.000     9179.090     9179.430     9179.480     9179.590
  1580:     9180.760     9182.820     9183.410     9184.390     9184.650
  1585:     9184.980     9185.110     9185.970     9186.070     9186.180
  1590:     9188.210     9188.270     9188.370     9189.200     9189.400
  1595:     9189.460     9190.340     9190.370     9191.480     9191.600
  1600:     9191.700     9192.170     9193.450     9193.570     9193.640
  1605:     9193.700     9194.820     9195.180     9196.430     9197.230
  1610:     9197.360     9197.670     9198.000     9198.040     9198.220
  1615:     9198.380     9204.870     9205.420     9206.610     9206.660
  1620:     9206.740     9206.970     9207.390     9207.810     9208.000
  1625:     9208.510     9209.020     9209.080     9209.180     9209.360
  1630:     9209.560     9209.640     9209.800     9210.640     9210.780
  1635:     9211.410     9224.950     9226.780     9228.630     9233.800
  1640:     9234.940     9235.610     9236.300     9236.540     9236.640
  1645:     9236.790     9236.960     9237.100     9237.290     9237.740
  1650:     9238.150     9238.240     9238.280     9240.070     9240.180
  1655:     9240.280     9240.390     9240.460     9240.530     9240.840
  1660:     9241.270     9241.420     9241.500     9241.570     9241.650
  1665:     9241.920     9242.110     9242.580     9242.770     9243.240
  1670:     9244.110     9244.270     9244.910     9245.050     9245.210
  1675:     9245.920     9246.200     9246.310     9247.320     9247.440
  1680:     9247.550     9249.080     9249.390     9249.430     9249.950
  1685:     9250.280     9250.710     9250.950     9251.170     9251.260
  1690:     9251.400     9251.630     9251.910     9252.330     9253.120
  1695:     9253.350     9253.440     9253.530     9253.630     9253.930
  1700:     9254.040     9254.230     9254.670     9255.120     9255.680
  1705:     9255.810     9256.770     9256.940     9257.120     9257.300
  1710:     9257.970     9258.420     9258.770     9259.030     9261.100
  1715:     9261.250     9261.420     9261.600     9264.080     9264.850
  1720:     9265.010     9265.510     9265.600     9265.750     9265.960
  1725:     9270.190     9270.400     9270.550     9273.190     9273.260
  1730:     9273.440     9273.700     9273.770     9274.140     9275.510
  1735:     9317.300     9317.460     9320.080     9322.690     9323.420
  1740:     9323.560     9323.730     9341.760     9342.360     9342.400
  1745:     9342.530     9344.140     9345.170     9345.300     9345.350
  1750:     9345.380     9345.430     9346.290     9347.040     9347.210
  1755:     9347.270     9380.500     9380.540     9380.580     9380.670
  1760:     9380.760     9382.630     9382.780     9384.270     9385.980
  1765:     9386.280     9390.310     9390.860     9390.970     9391.270
  1770:     9391.310     9392.140     9420.610     9421.040     9421.110
  1775:     9421.590     9421.770     9422.310     9422.750     9426.600
  1780:     9435.240     9435.390     9435.470     9435.810     9436.060
  1785:     9437.570     9437.610     9438.280     9438.400     9438.490
  1790:     9438.590     9438.730     9438.970     9439.040     9439.190
  1795:     9440.660     9440.730     9442.120     9443.560     9446.310
  1800:     9446.460     9446.630     9450.360     9450.690     9450.780
  1805:     9586.010     9586.130     9586.410     9586.810     9586.910
  1810:     9588.460     9588.890     9589.050     9589.220     9589.310
  1815:     9589.700     9589.740     9595.470     9595.570     9596.530
  1820:     9596.660     9597.530     9600.560     9601.050     9601.380
  1825:     9601.570     9601.720     9602.310     9602.690     9604.520
  1830:     9607.390     9626.490     9630.050     9630.170     9630.710
  1835:     9687.320     9689.380     9689.630     9689.720     9689.810
  1840:     9690.000     9690.100     9690.330     9690.580     9690.730
  1845:     9690.950     9691.440     9691.510     9691.550     9691.620
  1850:     9691.920     9699.780     9700.880     9709.990     9710.050
  1855:     9710.660     9742.990     9743.250     9811.120     9811.480
  1860:     9812.560     9812.760     9813.450     9813.520     9813.570
  1865:     9813.630     9813.730     9814.200     9814.400     9815.960
  1870:     9816.120     9816.620     9816.660     9816.930     9817.390
  1875:     9817.540     9817.740     9818.900     9820.470     9822.100
  1880:     9822.170     9822.680     9823.010     9823.100     9823.170
  1885:     9823.230     9823.320     9823.440     9823.550     9823.640
  1890:     9826.350     9826.540     9826.650     9826.770     9826.920
  1895:     9827.090     9828.790     9829.390     9830.940     9831.150
  1900:     9832.400     9832.850     9847.480     9848.120     9850.550
  1905:     9852.100     9852.220     9852.500     9853.730     9871.080
  1910:     9873.710     9875.510     9875.600     9875.820     9876.100
  1915:     9876.300     9876.460     9876.530     9876.800     9876.920
  1920:     9877.330     9877.760     9878.430     9878.960     9879.640
  1925:     9879.760     9880.490     9880.590     9880.670     9881.120
  1930:     9881.230     9881.930     9881.990     9884.000     9884.260
  1935:     9884.410     9891.220     9891.310     9891.430     9892.780
  1940:     9892.820     9893.140     9893.330     9893.540     9893.920
  1945:     9893.990     9894.120     9894.160     9895.170     9895.280
  1950:     9895.380     9895.540     9895.950     9896.140     9896.240
  1955:     9896.280     9896.750     9896.810     9897.320     9897.370
  1960:     9897.440     9897.510     9897.600     9897.710     9897.970
  1965:     9898.590     9899.550     9899.760     9899.900     9899.970
  1970:     9900.150     9900.280     9900.510     9900.580     9902.670
  1975:     9903.190     9903.440     9903.600     9903.920     9904.760
  1980:     9904.980     9905.020     9905.060     9905.120     9905.220
  1985:     9905.270     9905.360     9905.420     9905.510     9905.570
  1990:     9905.660     9905.730     9905.880     9905.960     9906.040
  1995:     9906.280     9906.450     9906.520     9906.610     9906.750
  2000:     9906.800     9906.980     9907.180     9907.380     9907.570
  2005:     9907.680     9909.000     9910.050     9910.190     9911.220
  2010:     9911.390     9911.530     9911.710     9911.860     9912.200
  2015:     9912.360     9912.730     9912.890     9913.000     9913.090
  2020:     9913.160     9913.820     9914.000     9915.560     9916.010
  2025:     9916.130     9916.260     9916.430     9916.770     9916.900
  2030:     9917.020     9917.880     9917.950     9918.160     9918.350
  2035:     9920.490     9923.110     9923.300     9923.370     9951.130
  2040:     9952.180     9952.840     9956.970     9957.660     9957.730
  2045:     9969.510     9969.700     9969.950     9971.250     9971.380
  2050:     9973.890     9975.470     9977.060     9977.080     9977.140
  2055:     9978.630     9987.680     9988.410     9988.710     9988.790
  2060:     9988.890     9989.550     9989.640     9991.000     9991.070
  2065:     9991.130     9991.230     9996.090     9996.980     9997.290
  2070:     9998.300     9998.400     9998.550     9998.770     9999.170
  2075:     9999.260    10009.960    10011.600    10011.640    10011.900
  2080:    10011.980    10012.300    10012.430    10015.280    10015.480
  2085:    10015.520    10040.130    10040.290    10040.340    10040.470
  2090:    10040.490    10041.790    10044.370    10045.730    10046.750
  2095:    10158.180    10158.700    10158.860    10158.950    10159.290
  2100:    10159.360    10159.430    10159.500    10159.780    10170.970
  2105:    10171.140    10171.240    10171.320    10171.400    10171.460
  2110:    10177.990    10178.080    10178.170    10178.280    10178.410
  2115:    10178.890    10179.010    10179.100    10179.140    10265.510
  2120:    10265.620    10267.360    10267.730    10270.800    10270.920
  2125:    10271.170    10271.240    10271.910    10272.110    10272.200
  2130:    10272.290    10273.760    10273.980    10274.100    10274.440
  2135:    10274.600    10275.570    10275.720    10275.810    10276.140
  2140:    10276.300    10276.480    10276.620    10277.300    10277.560
  2145:    10277.690    10277.850    10284.840    10285.070    10285.150
  2150:    10285.450    10285.550    10285.580    10285.740    10285.810
  2155:    10285.900    10290.360    10290.660    10290.760    10291.080
  2160:    10291.180    10291.300    10291.670    10293.040    10293.450
  2165:    10293.530    10293.590    10293.820    10294.020    10294.090
  2170:    10294.250    10294.790    10294.980    10295.160    10295.320
  2175:    10295.610    10296.610    10296.810    10298.960    10299.070
  2180:    10300.260    10302.940    10303.000    10303.190    10304.080
  2185:    10304.190    10305.840    10306.010    10306.150    10306.540
  2190:    10308.910    10309.090    10309.210    10309.390    10310.160
  2195:    10310.370    10310.530    10310.790    10313.480    10314.730
  2200:    10316.170    10316.330    10316.380    10316.640    10317.090
  2205:    10318.110    10318.190    10318.280    10318.380    10318.510
  2210:    10318.620    10319.160    10319.260    10319.590    10319.770
  2215:    10319.980    10320.330    10320.500    10321.280    10321.850
  2220:    10322.030    10322.250    10322.430    10322.500    10322.770
  2225:    10322.830    10323.880    10324.090    10324.270    10324.530
  2230:    10324.670    10324.910    10325.110    10325.240    10325.780
  2235:    10326.360    10326.520    10328.320    10328.360    10329.280
  2240:    10329.780    10330.250    10330.430    10330.690    10330.870
  2245:    10331.120    10331.270    10331.770    10332.060    10332.090
  2250:    10332.220    10332.460    10333.830    10333.860    10335.620
  2255:    10335.660    10336.010    10336.410    10336.780    10337.280
  2260:    10337.480    10338.090    10338.150    10338.800    10338.930
  2265:    10342.980    10343.020    10343.160    10343.460    10345.930
  2270:    10346.250    10350.090    10357.830    10357.880    10361.440
  2275:    10366.020    10366.920    10371.190    10378.290    10378.520
  2280:    10378.730    10379.110    10379.490    10379.690    10379.720
  2285:    10380.060    10380.530    10380.710    10383.180    10383.300
  2290:    10391.760    10391.860    10392.040    10392.720    10393.600
  2295:    10393.650    10393.780    10393.940    10395.190    10395.350
  2300:    10399.280    10399.790    10399.910    10399.990    10400.080
  2305:    10401.460    10476.440    10476.750    10477.650    10478.540
  2310:    10478.580    10479.110    10483.610    10486.490    10494.920
  2315:    10496.320    10496.350    10496.780    10497.790    10503.630
  2320:    10515.600    10516.510    10520.640    10521.490    10522.160
  2325:    10522.630    10522.790    10522.990    10524.010    10524.210
  2330:    10524.600    10557.420    10557.610    10558.750    10558.860
  2335:    10559.390    10559.550    10561.360    10561.710    10562.000
  2340:    10564.030    10591.000    10649.560    10650.460    10650.700
  2345:    10653.410    10671.290    10671.500    10673.520    10673.980
  2350:    10676.080    10676.450    10676.760    10704.000    10705.780
  2355:    10706.260    10707.570    10708.220    10708.710    10710.080
  2360:    10711.130    10713.760    10713.840    10714.200    10714.630
  2365:    10714.690    10714.740    10715.580    10715.610    10716.150
  2370:    10716.220    10716.280    10719.050    10719.160    10719.220
  2375:    10719.310    10719.450    10719.470    10719.830    10720.570
  2380:    10720.710    10720.830    10720.940    10721.020    10721.040
  2385:    10721.120    10730.710    10731.150    10742.040    10742.350
  2390:    10742.390    10742.650    10746.730    10746.840    10754.410
  2395:    10758.720    10758.900    10769.360    10769.550    10770.360
  2400:    10770.450    10770.490    10770.580    10770.680    10770.790
  2405:    10782.670    10782.820    10782.920    10782.980    10796.340
  2410:    10800.010
