File: C:\MED-PC IV\DATA\!2025-09-12_17h12m.Subject T21



Start Date: 09/12/25
End Date: 09/12/25
Subject: T21
Experiment: OralFentSA
Group: One
Box: 2
Start Time: 17:12:35
End Time: 20:12:39
MSN: Golden_Liq_SelfAdmin_EXT_LIT
F:       0.000
G:    1398.000
H:   10800.010
I:       0.000
J:       0.000
K:       0.000
L:       0.000
M:       0.000
N:       0.000
O:       0.000
P:       0.000
Q:       0.000
R:       0.000
S:       0.000
U:       0.000
V:       0.000
W:       0.000
X:       0.000
Y:       0.000
Z:       0.000
A:
     0:        0.000        0.000      180.000        4.000        0.000
     5:        5.000        0.000        5.000        0.000        0.000
    10:        1.000        0.000       10.000  3000000.000       20.000
    15:       20.000      640.000        0.000        0.000        0.000
    20:        0.000
B:
     0:        0.000        0.000        0.000        0.000        0.000
     5:        0.000        0.000        0.000        0.000        0.000
    10:        0.000        0.000     1000.000 300000000.00        0.000
    15:        0.000        0.000        0.000        0.000        0.000
    20:        0.000
C:
     0:        0.000       95.000        0.000      334.000      378.000
     5:     8664.500       47.030       38.000     1736.060       45.686
    10:      334.000       66.000        0.000        0.000        0.000
    15:        0.000        0.000        0.000        0.000        0.000
    20:        0.000
D:
     0:       21.550       28.100        7.460      129.770       54.930
     5:      136.500       17.890      117.210      222.250       50.480
    10:       10.470       20.630        6.660       18.840        4.940
    15:       74.550       13.660      220.480       29.480       22.210
    20:        4.880       14.170       84.990      163.820       74.780
    25:       42.030       20.330        4.170        5.170        1.700
    30:        1.530       26.820        5.920        5.320       12.100
    35:        2.140       11.100       47.030
E:
     0:       19.000       11.000       26.000       27.000        2.000
     5:        4.000       22.000       24.000       19.000        6.000
    10:        6.000        6.000        6.000        6.000        6.000
    15:       23.000        2.000        4.000       22.000       24.000
    20:       21.000       22.000       19.000        6.000        6.000
    25:        6.000        6.000        6.000       23.000        6.000
    30:        6.000        6.000        6.000        6.000        6.000
    35:       23.000        6.000        6.000        6.000        6.000
    40:        6.000        6.000       23.000       23.000       23.000
    45:       23.000       23.000        6.000       23.000       23.000
    50:       23.000       23.000       23.000       23.000       23.000
    55:       23.000       23.000       23.000       23.000       23.000
    60:       23.000       23.000        2.000        4.000       22.000
    65:       24.000        6.000       19.000        6.000        6.000
    70:        6.000        6.000        6.000        6.000        2.000
    75:        4.000       22.000       24.000       19.000        6.000
    80:        6.000        6.000        2.000        4.000       22.000
    85:       24.000       21.000       22.000       19.000        2.000
    90:        4.000       22.000       24.000       21.000       22.000
    95:       19.000        2.000        4.000       22.000       24.000
   100:       21.000       22.000       23.000       19.000        6.000
   105:        6.000        2.000        4.000       22.000       24.000
   110:       19.000        6.000        2.000        4.000       22.000
   115:       24.000       19.000        6.000        6.000       23.000
   120:        6.000        6.000        6.000        6.000        6.000
   125:        6.000        6.000        6.000        6.000        6.000
   130:        6.000        6.000        6.000        6.000        6.000
   135:        6.000        6.000        6.000        6.000        6.000
   140:        6.000        6.000        6.000        6.000        6.000
   145:        6.000        6.000        6.000        6.000        6.000
   150:        6.000        6.000        6.000        6.000        6.000
   155:        6.000        6.000        6.000        6.000        6.000
   160:        6.000        6.000        6.000        6.000        6.000
   165:        6.000        6.000        6.000        6.000        6.000
   170:        6.000        2.000        4.000       22.000       24.000
   175:       21.000       22.000       21.000       22.000       21.000
   180:       22.000       21.000       22.000       21.000       22.000
   185:       19.000        2.000        4.000       22.000       24.000
   190:       21.000       22.000       21.000       22.000       21.000
   195:       22.000       21.000       22.000       19.000       23.000
   200:        6.000        6.000        6.000       23.000       23.000
   205:       23.000       23.000       23.000       23.000       23.000
   210:       23.000       23.000        6.000        6.000        6.000
   215:        6.000        2.000        4.000       22.000       24.000
   220:       19.000       23.000        2.000        4.000       22.000
   225:       24.000       19.000       23.000       23.000        6.000
   230:        2.000        4.000       22.000       24.000       21.000
   235:       22.000       19.000        2.000        4.000       22.000
   240:       24.000       21.000       22.000       19.000        6.000
   245:        6.000        6.000        6.000        6.000        6.000
   250:        6.000        6.000        6.000        6.000        6.000
   255:        6.000        6.000        6.000        6.000       23.000
   260:       23.000        6.000        2.000        4.000       22.000
   265:       24.000       21.000       22.000       21.000       22.000
   270:       19.000        6.000        6.000        6.000        6.000
   275:        6.000        2.000        4.000       22.000       24.000
   280:       21.000       22.000       19.000        2.000        4.000
   285:       22.000       24.000       21.000       22.000       21.000
   290:       22.000       21.000       22.000       21.000       22.000
   295:       21.000       22.000       19.000        2.000        4.000
   300:       22.000       24.000       21.000       22.000       21.000
   305:       22.000       21.000       22.000       19.000        6.000
   310:        6.000        6.000        6.000        6.000        6.000
   315:        6.000        6.000       23.000       23.000       23.000
   320:       23.000       23.000       23.000        6.000        6.000
   325:        6.000        6.000        6.000        6.000        6.000
   330:        6.000        6.000        6.000        6.000        6.000
   335:       23.000        6.000        6.000        6.000        6.000
   340:        6.000        6.000        6.000        6.000        6.000
   345:        6.000        6.000        6.000        6.000        6.000
   350:        2.000        4.000       22.000       24.000       21.000
   355:       22.000       21.000       22.000       21.000       22.000
   360:       19.000        2.000        4.000       22.000       24.000
   365:       21.000       22.000        6.000       19.000        6.000
   370:        6.000        2.000        4.000       22.000       24.000
   375:       21.000       22.000       19.000        6.000        6.000
   380:        6.000        6.000       23.000       23.000        6.000
   385:        6.000        6.000        6.000       23.000        6.000
   390:        6.000        2.000        4.000       22.000       24.000
   395:        6.000        6.000        6.000        6.000        6.000
   400:        6.000       19.000        2.000        4.000       22.000
   405:       24.000       19.000        6.000        6.000        6.000
   410:        6.000        6.000        6.000        6.000        6.000
   415:        6.000        6.000        6.000        6.000        6.000
   420:        6.000        6.000        6.000        6.000        6.000
   425:        6.000        6.000        6.000        6.000        6.000
   430:        6.000        6.000        6.000        6.000        6.000
   435:        6.000        6.000        6.000        6.000        6.000
   440:        6.000        6.000        6.000        6.000        6.000
   445:        6.000        6.000        6.000        6.000        6.000
   450:        6.000        6.000        6.000        6.000        6.000
   455:        6.000        6.000        6.000        6.000        6.000
   460:        6.000        6.000        6.000        6.000        6.000
   465:        6.000        6.000        6.000        6.000        6.000
   470:        6.000        6.000        6.000        6.000        6.000
   475:        6.000        6.000        6.000        6.000        6.000
   480:        6.000        6.000        6.000        6.000        6.000
   485:        6.000        6.000        6.000        6.000        6.000
   490:        2.000        4.000       22.000       24.000       21.000
   495:       22.000       21.000       22.000       21.000       22.000
   500:       19.000        6.000        6.000       23.000        6.000
   505:       23.000       23.000       23.000       23.000        2.000
   510:        4.000       22.000       24.000       19.000       23.000
   515:        6.000        2.000        4.000       22.000       24.000
   520:       19.000        2.000        4.000       22.000       24.000
   525:       21.000       22.000       21.000       22.000       21.000
   530:       22.000       19.000        2.000        4.000       22.000
   535:       24.000       21.000       22.000       21.000       22.000
   540:       21.000       22.000       19.000        6.000        6.000
   545:        6.000        6.000        6.000        6.000       23.000
   550:        6.000        6.000        6.000        6.000        6.000
   555:        6.000        6.000        2.000        4.000       22.000
   560:       24.000       21.000       22.000       21.000       22.000
   565:       19.000        6.000        2.000        4.000       22.000
   570:       24.000       21.000       22.000       19.000        2.000
   575:        4.000       22.000       24.000        6.000       19.000
   580:        2.000        4.000       22.000       24.000       19.000
   585:       23.000        2.000        4.000       22.000       24.000
   590:       23.000       21.000       22.000       19.000        6.000
   595:        6.000        6.000        6.000        6.000       23.000
   600:        2.000        4.000       22.000       24.000       19.000
   605:        2.000        4.000       22.000       24.000       21.000
   610:       22.000       19.000        6.000        2.000        4.000
   615:       22.000       24.000       19.000        6.000        6.000
   620:        6.000        2.000        4.000       22.000       24.000
   625:       19.000        6.000        6.000        6.000        6.000
   630:        6.000        6.000        2.000        4.000       22.000
   635:       24.000       19.000        6.000        6.000        6.000
   640:        6.000        6.000        6.000        2.000        4.000
   645:       22.000       24.000       19.000        6.000        6.000
   650:        6.000        6.000        6.000        6.000        6.000
   655:        6.000        6.000        6.000        6.000        6.000
   660:        6.000        2.000        4.000       22.000       24.000
   665:       19.000       23.000        2.000        4.000       22.000
   670:       24.000       19.000        2.000        4.000       22.000
   675:       24.000       21.000       22.000       21.000       22.000
   680:       21.000       22.000       21.000       22.000       21.000
   685:       22.000       21.000       22.000       19.000        2.000
   690:        4.000       22.000       24.000       21.000       22.000
   695:       21.000       22.000       21.000       22.000       21.000
   700:       22.000       21.000       22.000       21.000       22.000
   705:       21.000       22.000       19.000        2.000        4.000
   710:       22.000       24.000       21.000       22.000       21.000
   715:       22.000       21.000       22.000       21.000       22.000
   720:       21.000       22.000       21.000       22.000       19.000
   725:        2.000        4.000       22.000       24.000       21.000
   730:       22.000       21.000       22.000       21.000       22.000
   735:       21.000       22.000       19.000        2.000        4.000
   740:       22.000       24.000       21.000       22.000       21.000
   745:       22.000       21.000       22.000       21.000       22.000
   750:       21.000       22.000       21.000       22.000       19.000
   755:        2.000        4.000       22.000       24.000       21.000
   760:       22.000       21.000       22.000       21.000       22.000
   765:       21.000       22.000       21.000       22.000       21.000
   770:       22.000       21.000       22.000       19.000        2.000
   775:        4.000       22.000       24.000       21.000       22.000
   780:       21.000       22.000       21.000       22.000       19.000
   785:        2.000        4.000       22.000       24.000       21.000
   790:       22.000       21.000       22.000       21.000       22.000
   795:       21.000       22.000       21.000       22.000       19.000
   800:        2.000        4.000       22.000       24.000       21.000
   805:       22.000       21.000       22.000       21.000       22.000
   810:       21.000       22.000       21.000       22.000       19.000
   815:        2.000        4.000       22.000       24.000       21.000
   820:       22.000       21.000       22.000       19.000        2.000
   825:        4.000       22.000       24.000       21.000       22.000
   830:       21.000       22.000       19.000        2.000        4.000
   835:       22.000       24.000       21.000       22.000       21.000
   840:       22.000       21.000       22.000       21.000       22.000
   845:       19.000        2.000        4.000       22.000       24.000
   850:       21.000       22.000       21.000       22.000       21.000
   855:       22.000       21.000       22.000       21.000       22.000
   860:       19.000        2.000        4.000       22.000       24.000
   865:       19.000        2.000        4.000       22.000       24.000
   870:       21.000       22.000       21.000       22.000       21.000
   875:       22.000       19.000        2.000        4.000       22.000
   880:       24.000       21.000       22.000       21.000       22.000
   885:       21.000       22.000       19.000        2.000        4.000
   890:       22.000       24.000       21.000       22.000       21.000
   895:       22.000       19.000        2.000        4.000       22.000
   900:       24.000        6.000       21.000       22.000       21.000
   905:       22.000       21.000       22.000       21.000       22.000
   910:       19.000        2.000        4.000       22.000       24.000
   915:       21.000       22.000       21.000       22.000       21.000
   920:       22.000       21.000       22.000       21.000       22.000
   925:       21.000       22.000       21.000       22.000       21.000
   930:       22.000       21.000       22.000       21.000       22.000
   935:       21.000       22.000       21.000       22.000       19.000
   940:        2.000        4.000       22.000       24.000       21.000
   945:       22.000       21.000       22.000       21.000       22.000
   950:       21.000       22.000       21.000       22.000       19.000
   955:        2.000        4.000       22.000       24.000       19.000
   960:        2.000        4.000       22.000       24.000       21.000
   965:       22.000       21.000       22.000       19.000        2.000
   970:        4.000       22.000       24.000       21.000       22.000
   975:       21.000       22.000       21.000       22.000       21.000
   980:       22.000       21.000       22.000       21.000       22.000
   985:       21.000       22.000       21.000       22.000       19.000
   990:        2.000        4.000       22.000       24.000       21.000
   995:       22.000       21.000       22.000        6.000        6.000
  1000:        6.000        6.000        6.000        6.000       19.000
  1005:        6.000        6.000        6.000        2.000        4.000
  1010:       22.000       24.000       21.000       22.000       21.000
  1015:       22.000       21.000       22.000       21.000       22.000
  1020:       19.000        2.000        4.000       22.000       24.000
  1025:       21.000       22.000       21.000       22.000       21.000
  1030:       22.000       19.000        2.000        4.000       22.000
  1035:       24.000       21.000       22.000       21.000       22.000
  1040:       21.000       22.000       21.000       22.000       19.000
  1045:        2.000        4.000       22.000       24.000        6.000
  1050:       19.000        2.000        4.000       22.000       24.000
  1055:        6.000       21.000       22.000       19.000        2.000
  1060:        4.000       22.000       24.000       21.000       22.000
  1065:       21.000       22.000       19.000        2.000        4.000
  1070:       22.000       24.000       19.000        6.000        6.000
  1075:       23.000        2.000        4.000       22.000       24.000
  1080:       19.000        2.000        4.000       22.000       24.000
  1085:       21.000       22.000       21.000       22.000       21.000
  1090:       22.000       21.000       22.000       21.000       22.000
  1095:       21.000       22.000        6.000        6.000        6.000
  1100:       21.000       22.000       19.000        2.000        4.000
  1105:       22.000       24.000       21.000       22.000       21.000
  1110:       22.000       21.000       22.000       21.000       22.000
  1115:        6.000        6.000        6.000        6.000       19.000
  1120:        6.000        6.000        6.000        6.000        6.000
  1125:        2.000        4.000       22.000       24.000       19.000
  1130:       23.000       23.000       23.000        2.000        4.000
  1135:       22.000       24.000       19.000        2.000        4.000
  1140:       22.000       24.000       21.000       22.000       21.000
  1145:       22.000       19.000        6.000        6.000        6.000
  1150:        6.000        2.000        4.000       22.000       24.000
  1155:       21.000       22.000       21.000       22.000       21.000
  1160:       22.000       21.000       22.000       19.000        2.000
  1165:        4.000       22.000       24.000       21.000       22.000
  1170:       21.000       22.000       21.000       22.000       21.000
  1175:       22.000       21.000       22.000       21.000       22.000
  1180:       19.000        2.000        4.000       22.000       24.000
  1185:       21.000       22.000       21.000       22.000       21.000
  1190:       22.000       21.000       22.000       21.000       22.000
  1195:       21.000       22.000       21.000       22.000       19.000
  1200:        2.000        4.000       22.000       24.000       19.000
  1205:       23.000       23.000        2.000        4.000       22.000
  1210:       24.000       21.000       22.000       21.000       22.000
  1215:       21.000       22.000       19.000        2.000        4.000
  1220:       22.000       24.000        6.000        6.000        6.000
  1225:       21.000       22.000       21.000       22.000       19.000
  1230:        2.000        4.000       22.000       24.000       21.000
  1235:       22.000       21.000       22.000       19.000        6.000
  1240:        6.000        6.000        6.000        6.000        2.000
  1245:        4.000       22.000       24.000       21.000       22.000
  1250:       21.000       22.000       21.000       22.000       19.000
  1255:        2.000        4.000       22.000       24.000       21.000
  1260:       22.000       21.000       22.000       21.000       22.000
  1265:       21.000       22.000       21.000       22.000       21.000
  1270:       22.000       21.000       22.000       19.000        2.000
  1275:        4.000       22.000       24.000       19.000        2.000
  1280:        4.000       22.000       24.000       21.000       22.000
  1285:       21.000       22.000       21.000       22.000       21.000
  1290:       22.000       21.000       22.000       21.000       22.000
  1295:       21.000       22.000       21.000       22.000       21.000
  1300:       22.000       21.000       22.000       21.000       22.000
  1305:       19.000        2.000        4.000       22.000       24.000
  1310:       21.000       22.000       21.000       22.000       21.000
  1315:       22.000       21.000       22.000       21.000       22.000
  1320:       21.000       22.000       21.000       22.000       21.000
  1325:       22.000       19.000        2.000        4.000       22.000
  1330:       24.000       21.000       22.000       21.000       22.000
  1335:       21.000       22.000       21.000       22.000       21.000
  1340:       22.000       19.000        2.000        4.000       22.000
  1345:       24.000       21.000       22.000       21.000       22.000
  1350:       21.000       22.000       19.000        2.000        4.000
  1355:       22.000       24.000       21.000       22.000       21.000
  1360:       22.000       21.000       22.000       21.000       22.000
  1365:       19.000        6.000        6.000        6.000        6.000
  1370:        6.000        6.000        6.000        6.000        6.000
  1375:        6.000        6.000        6.000        6.000        6.000
  1380:        6.000        6.000        6.000        6.000        6.000
  1385:        6.000        6.000        6.000        6.000        6.000
  1390:        6.000        6.000        6.000        6.000        6.000
  1395:        6.000        6.000        6.000      100.000
T:
     0:        0.000        0.000        0.000        0.000        0.830
     5:        0.830        0.830        0.840       10.830       22.390
    10:       40.840      104.210      106.460      106.940      108.100
    15:      128.920      244.740      244.740      244.740      244.750
    20:      246.340      246.340      254.740      272.850      272.900
    25:      272.910      273.340      297.660      322.550      384.980
    30:      386.240      386.560      391.600      422.790      424.710
    35:      529.050      557.680      557.820      557.970      571.530
    40:      581.650      622.880      638.230      639.530      641.400
    45:      642.020      644.290      648.570      659.840      667.260
    50:      670.290      674.450      676.040      678.730      680.280
    55:      685.660      685.810      691.640      693.010      693.990
    60:      698.340      699.220      708.190      708.190      708.190
    65:      708.200      715.660      718.190      738.920      739.410
    70:      741.590      743.150      747.330      750.070      769.810
    75:      769.810      769.810      769.820      779.810      899.590
    80:      901.330      901.850      905.570      905.570      905.570
    85:      905.580      905.860      905.860      915.570     1137.130
    90:     1137.130     1137.130     1137.140     1138.060     1138.060
    95:     1147.130     1179.130     1179.130     1179.130     1179.140
   100:     1182.420     1182.420     1187.340     1189.130     1234.070
   105:     1234.160     1246.220     1246.220     1246.220     1246.230
   110:     1256.220     1382.730     1414.290     1414.290     1414.290
   115:     1414.300     1424.290     1432.190     1445.310     1530.260
   120:     1652.330     1654.450     1654.690     1655.110     1657.900
   125:     1658.530     1658.630     1658.890     1659.000     1659.070
   130:     1659.120     1659.610     1661.400     1663.000     1664.510
   135:     1665.920     1668.170     1668.950     1675.540     1676.180
   140:     1676.990     1678.210     1679.430     1682.700     1684.510
   145:     1692.540     1694.030     1694.260     1694.280     1703.270
   150:     1707.610     1711.660     1716.680     1717.610     1717.850
   155:     1720.600     1721.900     1724.900     1724.970     1725.350
   160:     1725.710     1725.730     1725.970     1726.030     1726.880
   165:     1735.220     1737.090     1737.740     1739.300     1739.360
   170:     1739.430     1746.420     1746.420     1746.420     1746.430
   175:     1746.780     1746.780     1748.960     1748.960     1751.900
   180:     1751.900     1755.950     1755.950     1756.300     1756.300
   185:     1756.420     1757.010     1757.010     1757.010     1757.020
   190:     1757.200     1757.200     1761.280     1761.280     1761.740
   195:     1761.740     1765.070     1765.070     1767.010     1834.040
   200:     1874.230     1890.670     1953.810     2034.990     2094.090
   205:     2097.080     2111.260     2114.200     2115.990     2118.270
   210:     2142.770     2145.690     2181.850     2182.110     2185.040
   215:     2192.150     2340.950     2340.950     2340.950     2340.960
   220:     2350.950     2411.590     2515.090     2515.090     2515.090
   225:     2515.100     2525.090     2717.800     2722.030     2737.350
   230:     2739.240     2739.240     2739.240     2739.250     2739.600
   235:     2739.600     2749.240     2763.780     2763.780     2763.780
   240:     2763.790     2766.490     2766.490     2773.780     2814.270
   245:     2814.380     2814.490     2814.580     2814.920     2841.910
   250:     2841.930     2843.180     2843.700     2847.180     2847.520
   255:     2847.570     2848.020     2848.440     2849.970     2855.880
   260:     2855.990     2876.360     2881.970     2881.970     2881.970
   265:     2881.980     2882.170     2882.170     2884.640     2884.640
   270:     2891.970     2892.450     2901.860     2902.650     2904.540
   275:     2961.780     3156.240     3156.240     3156.240     3156.250
   280:     3156.840     3156.840     3166.240     3234.370     3234.370
   285:     3234.370     3234.380     3235.270     3235.270     3237.240
   290:     3237.240     3238.060     3238.060     3240.230     3240.230
   295:     3242.400     3242.400     3244.370     3253.290     3253.290
   300:     3253.290     3253.300     3254.420     3254.420     3257.210
   305:     3257.210     3260.840     3260.840     3263.290     3273.930
   310:     3274.100     3274.740     3274.830     3274.870     3280.040
   315:     3280.140     3280.160     3330.570     3331.200     3386.300
   320:     3491.400     3495.900     3505.390     3626.110     3626.760
   325:     3628.350     3630.200     3630.500     3630.820     3631.430
   330:     3632.070     3632.090     3656.490     3656.590     3657.030
   335:     3688.880     3733.960     3742.720     3742.760     3742.770
   340:     3742.820     3742.940     3743.240     3743.290     3743.380
   345:     3762.780     3763.620     3767.630     3774.750     3774.800
   350:     3783.430     3783.430     3783.430     3783.440     3784.210
   355:     3784.210     3785.300     3785.300     3786.500     3786.500
   360:     3793.430     3811.120     3811.120     3811.120     3811.130
   365:     3813.820     3813.820     3817.790     3821.120     3824.330
   370:     3871.700     3875.140     3875.140     3875.140     3875.150
   375:     3878.760     3878.760     3885.140     3893.990     3894.060
   380:     3894.920     3894.950     3909.450     3977.400     4070.090
   385:     4071.060     4071.200     4074.240     4128.600     4142.200
   390:     4142.570     4145.950     4145.950     4145.950     4145.960
   395:     4150.900     4151.280     4151.350     4151.730     4153.010
   400:     4153.520     4155.950     4159.960     4159.960     4159.960
   405:     4159.970     4169.960     4234.520     4257.840     4257.940
   410:     4258.210     4258.670     4377.320     4382.320     4385.410
   415:     4389.040     4392.490     4392.790     4393.020     4393.730
   420:     4393.820     4397.970     4398.030     4398.960     4404.740
   425:     4405.040     4406.260     4406.320     4413.970     4414.300
   430:     4415.250     4416.340     4417.640     4420.070     4421.340
   435:     4421.580     4422.080     4422.190     4422.330     4422.970
   440:     4423.120     4423.560     4424.050     4428.630     4430.290
   445:     4431.210     4435.720     4437.940     4442.950     4443.450
   450:     4443.540     4443.610     4444.910     4446.090     4448.180
   455:     4448.280     4448.390     4448.930     4448.960     4452.580
   460:     4457.430     4460.380     4461.340     4465.000     4469.230
   465:     4469.890     4470.940     4471.030     4471.060     4471.230
   470:     4483.900     4484.210     4486.130     4486.420     4486.850
   475:     4487.100     4490.430     4490.770     4491.000     4491.250
   480:     4493.840     4495.820     4497.210     4497.410     4498.790
   485:     4505.810     4510.970     4511.010     4511.100     4511.470
   490:     4560.320     4560.320     4560.320     4560.330     4560.710
   495:     4560.710     4562.550     4562.550     4563.120     4563.120
   500:     4570.320     4573.990     4582.710     4704.890     4842.470
   505:     4907.130     4958.270     5099.900     5101.570     5112.920
   510:     5112.920     5112.920     5112.930     5122.920     5309.670
   515:     5333.410     5506.410     5506.410     5506.410     5506.420
   520:     5516.410     5522.570     5522.570     5522.570     5522.580
   525:     5524.020     5524.020     5526.590     5526.590     5530.930
   530:     5530.930     5532.570     5534.510     5534.510     5534.510
   535:     5534.520     5538.240     5538.240     5541.180     5541.180
   540:     5542.030     5542.030     5544.510     5564.000     5564.110
   545:     5573.230     5573.510     5577.100     5577.210     5678.560
   550:     5740.830     5771.990     5777.340     5777.410     5778.950
   555:     5791.570     5812.560     5846.550     5846.550     5846.550
   560:     5846.560     5847.930     5847.930     5849.790     5849.790
   565:     5856.550     5868.770     5871.090     5871.090     5871.090
   570:     5871.100     5875.430     5875.430     5881.090     5881.800
   575:     5881.800     5881.800     5881.810     5886.690     5891.800
   580:     5955.860     5955.860     5955.860     5955.870     5965.860
   585:     5983.630     6000.980     6000.980     6000.980     6000.990
   590:     6004.390     6010.800     6010.800     6010.980     6015.160
   595:     6025.920     6026.270     6031.580     6031.660     6038.850
   600:     6062.020     6062.020     6062.020     6062.030     6072.020
   605:     6089.090     6089.090     6089.090     6089.100     6091.050
   610:     6091.050     6099.090     6174.090     6185.480     6185.480
   615:     6185.480     6185.490     6195.480     6349.310     6349.320
   620:     6351.170     6382.210     6382.210     6382.210     6382.220
   625:     6392.210     6457.000     6457.310     6457.380     6457.440
   630:     6457.540     6531.130     6539.230     6539.230     6539.230
   635:     6539.240     6549.230     6581.270     6581.290     6876.190
   640:     6876.360     6878.260     6883.780     6907.690     6907.690
   645:     6907.690     6907.700     6917.690     6928.030     6928.160
   650:     6928.920     6928.970     6929.020     6929.220     6929.330
   655:     6930.220     6932.570     6934.550     6946.220     6946.410
   660:     6949.320     6952.560     6952.560     6952.560     6952.570
   665:     6962.560     7014.870     7028.940     7028.940     7028.940
   670:     7028.950     7038.940     7085.390     7085.390     7085.390
   675:     7085.400     7086.930     7086.930     7092.280     7092.280
   680:     7093.160     7093.160     7093.880     7093.880     7094.040
   685:     7094.040     7095.280     7095.280     7095.390     7095.410
   690:     7095.410     7095.410     7095.420     7096.140     7096.140
   695:     7097.050     7097.050     7098.600     7098.600     7102.300
   700:     7102.300     7102.690     7102.690     7104.000     7104.000
   705:     7104.140     7104.140     7105.410     7106.140     7106.140
   710:     7106.140     7106.150     7108.880     7108.880     7109.190
   715:     7109.190     7111.830     7111.830     7112.980     7112.980
   720:     7113.690     7113.690     7115.920     7115.920     7116.140
   725:     7116.230     7116.230     7116.230     7116.240     7116.560
   730:     7116.560     7118.520     7118.520     7120.660     7120.660
   735:     7121.790     7121.790     7126.230     7174.750     7174.750
   740:     7174.750     7174.760     7176.240     7176.240     7177.410
   745:     7177.410     7178.930     7178.930     7182.360     7182.360
   750:     7182.410     7182.410     7184.120     7184.120     7184.750
   755:     7190.010     7190.010     7190.010     7190.020     7193.810
   760:     7193.810     7195.340     7195.340     7196.680     7196.680
   765:     7196.830     7196.830     7197.690     7197.690     7198.870
   770:     7198.870     7199.520     7199.520     7200.010     7200.150
   775:     7200.150     7200.150     7200.160     7202.830     7202.830
   780:     7205.650     7205.650     7206.240     7206.240     7210.150
   785:     7210.380     7210.380     7210.380     7210.390     7211.330
   790:     7211.330     7214.340     7214.340     7216.770     7216.770
   795:     7220.130     7220.130     7220.350     7220.350     7220.380
   800:     7222.810     7222.810     7222.810     7222.820     7226.590
   805:     7226.590     7227.830     7227.830     7230.810     7230.810
   810:     7231.250     7231.250     7232.320     7232.320     7232.810
   815:     7235.980     7235.980     7235.980     7235.990     7239.820
   820:     7239.820     7245.780     7245.780     7245.980     7246.510
   825:     7246.510     7246.510     7246.520     7249.240     7249.240
   830:     7250.100     7250.100     7256.510     7265.380     7265.380
   835:     7265.380     7265.390     7265.880     7265.880     7267.320
   840:     7267.320     7269.210     7269.210     7271.410     7271.410
   845:     7275.380     7276.150     7276.150     7276.150     7276.160
   850:     7278.670     7278.670     7279.740     7279.740     7283.230
   855:     7283.230     7284.490     7284.490     7285.250     7285.250
   860:     7286.150     7293.400     7293.400     7293.400     7293.410
   865:     7303.400     7422.100     7422.100     7422.100     7422.110
   870:     7424.450     7424.450     7427.000     7427.000     7428.900
   875:     7428.900     7432.100     7433.900     7433.900     7433.900
   880:     7433.910     7436.480     7436.480     7437.540     7437.540
   885:     7442.510     7442.510     7443.900     7445.850     7445.850
   890:     7445.850     7445.860     7447.310     7447.310     7450.670
   895:     7450.670     7455.850     7461.130     7461.130     7461.130
   900:     7461.140     7465.310     7466.850     7466.850     7467.740
   905:     7467.740     7468.960     7468.960     7470.410     7470.410
   910:     7471.130     7472.050     7472.050     7472.050     7472.060
   915:     7474.230     7474.230     7475.050     7475.050     7475.540
   920:     7475.540     7475.710     7475.710     7475.900     7475.900
   925:     7476.070     7476.070     7476.180     7476.180     7477.230
   930:     7477.230     7478.510     7478.510     7478.980     7478.980
   935:     7479.660     7479.660     7481.710     7481.710     7482.050
   940:     7483.200     7483.200     7483.200     7483.210     7483.900
   945:     7483.900     7485.180     7485.180     7486.330     7486.330
   950:     7488.490     7488.490     7489.030     7489.030     7493.200
   955:     7504.490     7504.490     7504.490     7504.500     7514.490
   960:     7541.440     7541.440     7541.440     7541.450     7542.600
   965:     7542.600     7544.360     7544.360     7551.440     7560.810
   970:     7560.810     7560.810     7560.820     7561.830     7561.830
   975:     7562.230     7562.230     7562.750     7562.750     7564.620
   980:     7564.620     7565.470     7565.470     7565.970     7565.970
   985:     7566.770     7566.770     7568.640     7568.640     7570.810
   990:     7571.970     7571.970     7571.970     7571.980     7573.710
   995:     7573.710     7575.780     7575.780     7577.150     7577.620
  1000:     7578.000     7578.800     7578.820     7581.790     7581.970
  1005:     7582.490     7582.920     7584.220     7585.500     7585.500
  1010:     7585.500     7585.510     7586.690     7586.690     7588.460
  1015:     7588.460     7588.590     7588.590     7590.340     7590.340
  1020:     7595.500     7599.640     7599.640     7599.640     7599.650
  1025:     7601.240     7601.240     7601.390     7601.390     7605.300
  1030:     7605.300     7609.640     7616.500     7616.500     7616.500
  1035:     7616.510     7616.860     7616.860     7617.470     7617.470
  1040:     7623.210     7623.210     7625.330     7625.330     7626.500
  1045:     7628.760     7628.760     7628.760     7628.770     7630.470
  1050:     7638.760     7645.190     7645.190     7645.190     7645.200
  1055:     7646.730     7648.440     7648.440     7655.190     7657.730
  1060:     7657.730     7657.730     7657.740     7658.060     7658.060
  1065:     7659.930     7659.930     7667.730     7669.870     7669.870
  1070:     7669.870     7669.880     7679.870     7696.700     7696.800
  1075:     7702.320     7758.480     7758.480     7758.480     7758.490
  1080:     7768.480     7773.270     7773.270     7773.270     7773.280
  1085:     7774.820     7774.820     7775.350     7775.350     7775.800
  1090:     7775.800     7776.130     7776.130     7777.330     7777.330
  1095:     7777.700     7777.700     7779.200     7779.980     7780.030
  1100:     7783.180     7783.180     7783.270     7783.460     7783.460
  1105:     7783.460     7783.470     7783.920     7783.920     7785.180
  1110:     7785.180     7785.280     7785.280     7785.750     7785.750
  1115:     7788.790     7789.340     7789.410     7789.570     7793.460
  1120:     7795.510     7798.080     7805.390     7805.520     7806.270
  1125:     8069.590     8069.590     8069.590     8069.600     8079.590
  1130:     8121.060     8124.530     8125.760     8136.180     8136.180
  1135:     8136.180     8136.190     8146.180     8154.040     8154.040
  1140:     8154.040     8154.050     8155.200     8155.200     8155.770
  1145:     8155.770     8164.040     8166.150     8166.610     8166.800
  1150:     8166.980     8196.350     8196.350     8196.350     8196.360
  1155:     8199.710     8199.710     8202.340     8202.340     8203.900
  1160:     8203.900     8206.230     8206.230     8206.350     8208.490
  1165:     8208.490     8208.490     8208.500     8210.410     8210.410
  1170:     8212.200     8212.200     8213.680     8213.680     8216.180
  1175:     8216.180     8216.870     8216.870     8217.710     8217.710
  1180:     8218.490     8219.470     8219.470     8219.470     8219.480
  1185:     8221.890     8221.890     8224.280     8224.280     8225.110
  1190:     8225.110     8226.750     8226.750     8227.600     8227.600
  1195:     8228.370     8228.370     8228.670     8228.670     8229.470
  1200:     8229.900     8229.900     8229.900     8229.910     8239.900
  1205:     8260.250     8330.800     8390.210     8390.210     8390.210
  1210:     8390.220     8392.080     8392.080     8393.800     8393.800
  1215:     8396.310     8396.310     8400.210     8428.190     8428.190
  1220:     8428.190     8428.200     8430.340     8430.350     8430.380
  1225:     8436.000     8436.000     8437.240     8437.240     8438.190
  1230:     8438.580     8438.580     8438.580     8438.590     8438.800
  1235:     8438.800     8440.070     8440.070     8448.580     8449.690
  1240:     8449.890     8450.130     8450.170     8452.630     8539.600
  1245:     8539.600     8539.600     8539.610     8540.080     8540.080
  1250:     8540.370     8540.370     8543.010     8543.010     8549.600
  1255:     8596.800     8596.800     8596.800     8596.810     8597.300
  1260:     8597.300     8598.030     8598.030     8599.570     8599.570
  1265:     8599.710     8599.710     8600.810     8600.810     8603.070
  1270:     8603.070     8605.460     8605.460     8606.800     8607.590
  1275:     8607.590     8607.590     8607.600     8617.590     8619.340
  1280:     8619.340     8619.340     8619.350     8620.460     8620.460
  1285:     8621.250     8621.250     8622.560     8622.560     8622.670
  1290:     8622.670     8623.050     8623.050     8624.100     8624.100
  1295:     8625.350     8625.350     8626.390     8626.390     8628.290
  1300:     8628.290     8628.360     8628.360     8628.690     8628.690
  1305:     8629.340     8630.410     8630.410     8630.410     8630.420
  1310:     8632.230     8632.230     8634.440     8634.440     8634.680
  1315:     8634.680     8635.170     8635.170     8635.850     8635.850
  1320:     8637.570     8637.570     8637.800     8637.800     8637.990
  1325:     8637.990     8640.410     8640.770     8640.770     8640.770
  1330:     8640.780     8642.080     8642.080     8645.450     8645.450
  1335:     8645.800     8645.800     8648.290     8648.290     8649.420
  1340:     8649.420     8650.770     8653.430     8653.430     8653.430
  1345:     8653.440     8654.800     8654.800     8656.700     8656.700
  1350:     8658.650     8658.650     8663.430     8664.490     8664.490
  1355:     8664.490     8664.500     8666.090     8666.090     8668.010
  1360:     8668.010     8670.120     8670.120     8670.690     8670.690
  1365:     8674.490     8711.530     8711.620     8711.660     8727.260
  1370:     8727.510     8727.570     8728.240     8728.870     9120.830
  1375:     9120.980     9311.250     9311.390     9337.060     9347.950
  1380:     9360.420     9364.090     9379.030     9397.140     9397.790
  1385:     9397.840     9398.000     9398.880     9398.980     9399.090
  1390:     9399.200     9402.070     9452.510    10695.900    10698.160
  1395:    10752.550    10762.330    10762.710    10800.010
