File: C:\MED-PC IV\DATA\!2025-08-21_15h54m.Subject T25



Start Date: 08/21/25
End Date: 08/21/25
Subject: T25
Experiment: OralFentSA
Group: One
Box: 7
Start Time: 15:54:48
End Time: 18:54:54
MSN: Golden_Liq_SelfAdmin_LIT
F:       0.000
G:    1838.000
H:   10800.010
I:       0.000
J:       0.000
K:       0.000
L:       0.000
M:       0.000
N:       0.000
O:       0.000
P:       0.000
Q:       0.000
R:       0.000
S:       0.000
U:       0.000
V:       0.000
W:       0.000
X:       0.000
Y:       0.000
Z:       0.000
A:
     0:        0.000        0.000      180.000        4.000        0.000
     5:        5.000        0.000        5.000        0.000        0.000
    10:        1.000        0.000       10.000     2400.000       20.000
    15:        4.000      320.000        0.000        0.000        0.000
    20:        0.000
B:
     0:        0.000        0.000        0.000      400.000        0.000
     5:      500.000        0.000      500.000        0.000        0.000
    10:        0.000        0.000     1000.000   240000.000        0.000
    15:        0.000        0.000        0.000        0.000        0.000
    20:        0.000
C:
     0:       13.000       14.000        0.000       14.000     1676.000
     5:    10631.110        4.270       13.000      111.240        8.557
    10:       14.000        0.000        9.000        0.000        0.000
    15:        0.000        0.000        0.000        0.000        0.000
    20:        0.000
D:
     0:       11.890        0.160        2.510       17.920       15.120
     5:       12.010        4.940        2.310        2.530        9.400
    10:       14.550       13.630        4.270
E:
     0:       19.000       11.000       26.000       27.000        6.000
     5:        6.000        6.000        6.000        6.000        6.000
    10:        6.000        6.000        6.000        6.000        6.000
    15:        6.000        6.000        6.000        6.000        6.000
    20:        6.000        6.000        6.000        6.000        6.000
    25:        6.000        6.000        6.000        6.000        6.000
    30:        6.000        6.000        6.000        6.000        6.000
    35:        6.000        6.000        6.000        6.000        6.000
    40:        6.000        6.000        6.000        6.000        6.000
    45:        6.000        6.000        6.000        6.000        6.000
    50:        6.000        6.000        6.000        6.000        6.000
    55:        6.000        6.000        6.000        6.000        6.000
    60:        6.000        6.000        6.000        6.000        6.000
    65:        6.000        6.000        6.000        6.000        6.000
    70:        6.000        6.000        6.000        6.000        6.000
    75:        6.000        6.000        6.000        6.000        6.000
    80:        6.000        6.000        6.000        6.000        6.000
    85:        6.000        6.000        6.000        6.000        6.000
    90:        6.000        6.000        6.000        6.000        6.000
    95:        6.000        6.000        6.000        6.000        6.000
   100:        6.000        6.000        6.000        6.000        6.000
   105:        6.000        6.000        6.000        6.000        6.000
   110:        6.000        6.000        6.000        6.000        6.000
   115:        6.000        6.000        6.000        6.000        6.000
   120:        6.000        6.000        6.000        6.000        6.000
   125:        6.000        6.000        6.000        6.000        6.000
   130:        6.000        6.000        6.000        6.000        6.000
   135:        6.000        6.000        6.000        6.000        6.000
   140:        6.000        6.000        6.000        6.000        6.000
   145:        6.000        6.000        6.000        6.000        6.000
   150:        6.000        6.000        6.000        6.000        6.000
   155:        6.000        6.000        6.000        6.000        6.000
   160:        6.000        6.000        6.000        6.000        6.000
   165:        6.000        6.000        6.000        6.000        6.000
   170:        6.000        6.000        6.000        6.000        6.000
   175:        6.000        6.000        6.000        6.000        6.000
   180:        6.000        6.000        6.000        6.000        6.000
   185:        6.000        6.000        6.000        6.000        6.000
   190:        6.000        6.000        6.000        6.000        6.000
   195:        6.000        6.000        6.000        6.000        6.000
   200:        6.000        6.000        6.000        6.000        6.000
   205:        6.000        6.000        6.000        6.000        6.000
   210:        6.000        6.000        6.000        6.000        6.000
   215:        6.000        6.000        6.000        6.000        6.000
   220:        6.000        6.000        6.000        6.000        6.000
   225:        6.000        6.000        6.000        6.000        6.000
   230:        6.000        6.000        6.000        6.000        6.000
   235:        6.000        6.000        6.000        6.000        6.000
   240:        6.000        6.000        6.000        6.000        6.000
   245:        6.000        6.000        6.000        6.000        6.000
   250:        6.000        6.000        6.000        6.000        6.000
   255:        6.000        6.000        6.000        6.000        6.000
   260:        6.000        6.000        6.000        6.000        6.000
   265:        6.000        6.000        6.000        6.000        6.000
   270:        6.000        6.000        6.000        6.000        6.000
   275:        6.000        6.000        6.000        6.000        6.000
   280:        6.000        6.000        6.000        6.000        6.000
   285:        6.000        6.000        6.000        6.000        6.000
   290:        6.000        6.000        6.000        6.000        6.000
   295:        6.000        6.000        6.000        6.000        6.000
   300:        6.000        6.000        6.000        6.000        6.000
   305:        6.000        6.000        6.000        6.000        6.000
   310:        6.000        6.000        6.000        6.000        6.000
   315:        6.000        6.000        6.000        6.000        6.000
   320:        6.000        6.000        6.000        6.000        6.000
   325:        6.000        6.000        6.000        6.000        6.000
   330:        6.000        6.000        6.000        6.000        6.000
   335:        6.000        6.000        6.000        6.000        6.000
   340:        6.000        6.000        6.000        6.000        6.000
   345:        6.000        6.000        6.000        6.000        6.000
   350:        6.000        6.000        6.000        6.000        6.000
   355:        6.000        6.000        6.000        6.000        6.000
   360:        6.000        6.000        6.000        6.000        6.000
   365:        6.000        6.000        6.000        6.000        6.000
   370:        6.000        6.000        6.000        6.000        6.000
   375:        6.000        6.000        6.000        6.000        6.000
   380:        6.000        6.000        6.000        6.000        6.000
   385:        6.000        6.000        6.000        6.000        6.000
   390:        6.000        6.000        6.000        6.000        6.000
   395:        6.000        6.000        6.000        6.000        6.000
   400:        6.000        6.000        6.000        6.000        6.000
   405:        6.000        6.000        6.000        6.000        6.000
   410:        6.000        6.000        6.000        6.000        6.000
   415:        6.000        6.000        6.000        6.000        6.000
   420:        6.000        6.000        6.000        6.000        6.000
   425:        6.000        6.000        6.000        6.000        6.000
   430:        6.000        6.000        6.000        6.000        6.000
   435:        6.000        6.000        6.000        6.000        6.000
   440:        6.000        6.000        6.000        6.000        6.000
   445:        6.000        6.000        6.000        6.000        6.000
   450:        6.000        6.000        6.000        6.000        6.000
   455:        6.000        6.000        6.000        6.000        6.000
   460:        6.000        6.000        6.000        6.000        6.000
   465:        6.000        6.000        6.000        6.000        6.000
   470:        6.000        6.000        6.000        6.000        6.000
   475:        6.000        6.000        6.000        6.000        6.000
   480:        6.000        6.000        6.000        6.000        6.000
   485:        6.000        6.000        6.000        6.000        6.000
   490:        6.000        6.000        6.000        6.000        6.000
   495:        6.000        6.000        6.000        6.000        6.000
   500:        6.000        6.000        6.000        6.000        6.000
   505:        6.000        6.000        6.000        6.000       25.000
   510:       24.000       13.000        8.000        5.000       17.000
   515:       18.000       14.000       10.000       19.000        6.000
   520:        6.000        6.000        6.000        6.000        6.000
   525:        6.000        6.000        6.000        6.000        6.000
   530:        6.000        6.000        6.000        6.000        6.000
   535:        6.000        6.000        6.000        6.000        6.000
   540:        6.000        6.000        6.000        6.000        6.000
   545:        6.000        6.000        6.000        6.000        6.000
   550:        6.000        6.000        6.000        6.000        6.000
   555:        6.000        6.000        6.000        6.000        6.000
   560:        6.000        6.000        6.000        6.000        6.000
   565:        6.000        6.000        6.000        6.000        6.000
   570:        6.000        6.000        6.000        6.000        6.000
   575:        6.000        6.000        6.000        6.000        6.000
   580:        6.000        6.000        6.000        6.000        6.000
   585:        6.000        6.000        6.000        6.000        6.000
   590:        6.000        6.000        6.000        6.000        6.000
   595:        6.000        6.000        6.000        6.000        6.000
   600:        6.000        6.000        6.000        6.000        6.000
   605:        6.000        6.000        6.000        6.000        6.000
   610:        6.000        6.000        6.000        6.000        6.000
   615:        6.000        6.000        6.000        6.000        6.000
   620:        6.000        6.000        6.000        6.000        6.000
   625:        6.000        6.000        6.000        6.000        6.000
   630:        6.000        6.000        6.000        6.000        6.000
   635:        6.000        6.000        6.000        6.000        6.000
   640:        6.000        6.000        6.000        6.000        6.000
   645:        6.000        6.000        6.000        6.000        6.000
   650:        6.000        6.000        6.000        6.000        6.000
   655:        6.000        6.000        6.000        6.000        6.000
   660:        6.000        6.000        6.000        6.000        6.000
   665:        6.000        6.000        6.000        6.000        6.000
   670:        6.000        6.000        6.000        6.000        6.000
   675:        6.000        6.000        6.000        6.000        6.000
   680:        6.000        6.000        6.000        6.000        6.000
   685:        6.000        6.000        6.000        6.000        6.000
   690:        6.000        6.000        6.000        6.000        6.000
   695:        6.000        6.000        6.000        6.000        6.000
   700:        6.000        6.000        6.000        6.000        6.000
   705:        6.000        6.000        6.000        6.000        6.000
   710:        6.000        6.000        6.000        6.000        6.000
   715:        6.000        6.000        6.000        6.000        6.000
   720:        6.000        6.000        6.000        6.000        6.000
   725:        6.000        6.000        6.000        6.000        6.000
   730:        6.000        6.000        6.000        6.000        6.000
   735:        6.000        6.000        6.000        6.000        6.000
   740:        6.000        6.000        6.000        6.000        6.000
   745:        6.000        6.000        6.000        6.000        6.000
   750:        6.000        6.000        6.000        6.000        6.000
   755:        6.000        6.000        6.000        6.000        6.000
   760:        6.000        6.000        6.000        6.000        6.000
   765:        6.000        6.000        6.000        6.000        6.000
   770:        6.000        6.000        6.000        6.000        6.000
   775:        6.000        6.000        6.000        6.000        6.000
   780:        6.000        6.000        6.000        6.000        6.000
   785:        6.000        6.000        6.000        6.000        6.000
   790:        6.000        6.000        6.000        6.000        6.000
   795:        6.000        6.000        6.000        6.000        6.000
   800:        6.000        6.000        6.000        6.000        6.000
   805:        6.000        6.000        6.000        6.000        6.000
   810:        6.000        6.000        6.000        6.000        6.000
   815:        6.000        6.000        6.000        6.000        6.000
   820:        6.000        6.000        6.000        6.000        6.000
   825:        6.000        6.000        6.000        6.000        6.000
   830:        6.000        6.000        6.000        6.000        6.000
   835:        6.000        6.000        6.000        6.000        6.000
   840:        6.000        6.000        6.000        6.000        6.000
   845:        6.000        6.000        6.000        6.000        6.000
   850:        6.000        6.000        6.000        6.000        6.000
   855:        6.000        6.000        6.000        6.000        6.000
   860:        6.000        6.000        6.000        6.000        6.000
   865:        6.000        6.000        6.000        6.000        6.000
   870:        6.000        6.000        6.000        6.000        6.000
   875:        6.000        6.000        6.000        6.000        6.000
   880:        6.000        6.000        6.000        6.000        6.000
   885:        6.000        6.000       25.000       24.000       13.000
   890:        8.000        5.000       17.000        6.000        6.000
   895:       18.000       14.000       10.000       19.000        6.000
   900:        6.000        6.000        6.000        6.000        6.000
   905:        6.000        6.000        6.000        6.000        6.000
   910:        6.000        6.000        6.000        6.000        6.000
   915:        6.000        6.000        6.000        6.000        6.000
   920:        6.000        6.000        6.000        6.000        6.000
   925:        6.000        6.000        6.000        6.000        6.000
   930:        6.000        6.000        6.000        6.000        6.000
   935:        6.000        6.000        6.000        6.000        6.000
   940:        6.000        6.000        6.000        6.000        6.000
   945:        6.000        6.000        6.000        6.000        6.000
   950:        6.000        6.000        6.000        6.000        6.000
   955:        6.000        6.000        6.000        6.000        6.000
   960:        6.000        6.000        6.000        6.000        6.000
   965:        6.000        6.000        6.000        6.000        6.000
   970:        6.000        6.000        6.000        6.000        6.000
   975:        6.000        6.000       30.000       24.000       13.000
   980:        8.000        5.000       17.000        6.000        6.000
   985:       18.000       14.000       10.000       19.000        6.000
   990:        6.000        6.000        6.000        6.000        6.000
   995:        6.000        6.000       30.000       24.000       13.000
  1000:        8.000        5.000       17.000       18.000       14.000
  1005:       10.000       19.000        6.000       30.000       24.000
  1010:       13.000        8.000        5.000       17.000       18.000
  1015:       14.000       10.000       19.000        6.000        6.000
  1020:        6.000        6.000        6.000        6.000        6.000
  1025:        6.000        6.000        6.000        6.000        6.000
  1030:        6.000        6.000        6.000        6.000        6.000
  1035:        6.000        6.000        6.000        6.000        6.000
  1040:        6.000        6.000        6.000        6.000        6.000
  1045:        6.000        6.000        6.000        6.000        6.000
  1050:        6.000        6.000        6.000        6.000        6.000
  1055:        6.000        6.000        6.000        6.000        6.000
  1060:        6.000        6.000        6.000        6.000        6.000
  1065:        6.000        6.000        6.000        6.000        6.000
  1070:        6.000        6.000        6.000        6.000        6.000
  1075:        6.000        6.000        6.000        6.000        6.000
  1080:        6.000        6.000        6.000        6.000        6.000
  1085:        6.000        6.000        6.000        6.000        6.000
  1090:        6.000        6.000        6.000        6.000        6.000
  1095:        6.000        6.000        6.000        6.000        6.000
  1100:        6.000        2.000        4.000       22.000       24.000
  1105:       13.000        8.000        5.000       17.000       21.000
  1110:       22.000       21.000       22.000       18.000       14.000
  1115:       10.000       21.000       22.000       21.000       22.000
  1120:       21.000       22.000       21.000       22.000       19.000
  1125:        6.000        2.000        4.000       22.000       24.000
  1130:       13.000        8.000        5.000       17.000       18.000
  1135:        6.000       14.000       10.000        6.000       21.000
  1140:       22.000       19.000        2.000        4.000       22.000
  1145:       24.000       13.000        8.000        5.000       17.000
  1150:       21.000       22.000       21.000       22.000       21.000
  1155:       22.000        6.000        6.000        6.000        6.000
  1160:       18.000       14.000       10.000       19.000        2.000
  1165:        4.000       22.000       24.000       13.000        8.000
  1170:        5.000       17.000        6.000       18.000       14.000
  1175:       10.000        6.000        6.000       19.000        6.000
  1180:        6.000        6.000        6.000        6.000        6.000
  1185:        6.000        6.000        6.000        6.000        6.000
  1190:        6.000        6.000        6.000        6.000        6.000
  1195:        6.000        6.000        6.000        6.000        6.000
  1200:        6.000       30.000       24.000       13.000        8.000
  1205:        5.000       17.000       18.000       14.000       10.000
  1210:        6.000       19.000        6.000        6.000        6.000
  1215:        6.000        6.000       30.000       24.000       13.000
  1220:        8.000        5.000       17.000       18.000       14.000
  1225:       10.000       19.000        6.000        6.000        6.000
  1230:        6.000        6.000        6.000        6.000        6.000
  1235:        6.000        6.000        6.000        6.000        6.000
  1240:        6.000        6.000        6.000        6.000        6.000
  1245:        6.000        6.000        6.000        6.000        6.000
  1250:        6.000        6.000        6.000        6.000        6.000
  1255:        6.000        6.000        6.000        6.000        6.000
  1260:        6.000        6.000        6.000        6.000        6.000
  1265:        6.000        6.000        6.000        6.000        6.000
  1270:        6.000        6.000        6.000        6.000        6.000
  1275:        6.000        6.000        6.000        6.000        6.000
  1280:        6.000        6.000        6.000        6.000        6.000
  1285:        6.000        6.000        6.000        6.000        6.000
  1290:        6.000        6.000        6.000        6.000        6.000
  1295:        6.000        6.000        6.000        6.000        6.000
  1300:        6.000        6.000        6.000        6.000        6.000
  1305:        6.000        6.000        6.000        6.000        6.000
  1310:        6.000        6.000        6.000        6.000        6.000
  1315:        6.000        6.000        6.000        6.000        6.000
  1320:        6.000        6.000        6.000        6.000        6.000
  1325:        6.000        6.000        6.000        6.000        6.000
  1330:        6.000        6.000        6.000        6.000        6.000
  1335:        6.000        6.000        6.000        6.000        6.000
  1340:        6.000        6.000        6.000        6.000        6.000
  1345:        6.000        6.000        6.000        6.000        6.000
  1350:        6.000        6.000        6.000        6.000        6.000
  1355:        6.000        6.000        6.000        6.000        6.000
  1360:        6.000        6.000        6.000        6.000        6.000
  1365:        6.000        6.000        6.000        6.000        6.000
  1370:        6.000        6.000        6.000        6.000        6.000
  1375:        6.000        6.000        6.000        6.000        6.000
  1380:        6.000        6.000        6.000        6.000        6.000
  1385:        6.000        6.000        6.000        6.000        6.000
  1390:        6.000        6.000        6.000        6.000        6.000
  1395:        6.000        6.000        6.000        6.000        6.000
  1400:        6.000        6.000        6.000        6.000        6.000
  1405:        6.000        6.000        6.000        6.000        6.000
  1410:        6.000        6.000        6.000        6.000        6.000
  1415:        6.000        6.000        6.000        6.000        6.000
  1420:        6.000        6.000        6.000        6.000        6.000
  1425:        6.000        6.000        6.000        6.000        6.000
  1430:        6.000        6.000        6.000        6.000        6.000
  1435:        6.000        6.000        6.000        6.000        6.000
  1440:        6.000        6.000        6.000        6.000        6.000
  1445:        6.000        6.000        6.000        6.000        6.000
  1450:        6.000        6.000        6.000        6.000        6.000
  1455:        6.000        6.000        6.000        6.000        6.000
  1460:        6.000        6.000        6.000        6.000        6.000
  1465:        6.000        6.000        6.000        6.000        6.000
  1470:        6.000        6.000        6.000        6.000        6.000
  1475:        6.000        6.000        6.000        6.000        6.000
  1480:        6.000        6.000        6.000        6.000        6.000
  1485:        6.000        6.000        6.000        6.000        6.000
  1490:        6.000        6.000        6.000        6.000        6.000
  1495:        6.000        6.000        6.000        6.000        6.000
  1500:        6.000        6.000        6.000        6.000        6.000
  1505:        6.000        6.000        6.000        6.000        6.000
  1510:        6.000        6.000        6.000        6.000        6.000
  1515:        6.000        6.000        6.000        6.000        6.000
  1520:        6.000        6.000        6.000        6.000        6.000
  1525:        6.000        6.000        6.000        6.000        6.000
  1530:        6.000        6.000        6.000        6.000        6.000
  1535:        6.000        6.000        6.000        6.000        6.000
  1540:        6.000        6.000        6.000        6.000        6.000
  1545:        6.000        6.000        6.000        6.000        6.000
  1550:        6.000        6.000        6.000        6.000        6.000
  1555:        6.000        6.000        6.000        6.000        6.000
  1560:        6.000        6.000        6.000        6.000        6.000
  1565:        6.000        6.000        6.000        6.000        6.000
  1570:        6.000        6.000        6.000        6.000        6.000
  1575:        6.000        6.000        6.000        6.000        6.000
  1580:        6.000        6.000        6.000        6.000        6.000
  1585:        6.000        6.000        6.000        6.000        6.000
  1590:        6.000        6.000        6.000        6.000        6.000
  1595:        6.000        6.000        6.000        6.000        6.000
  1600:        6.000        6.000        6.000        6.000        6.000
  1605:        6.000        6.000        6.000        6.000        6.000
  1610:        6.000        6.000        6.000        6.000        6.000
  1615:        6.000        6.000        6.000        6.000        6.000
  1620:        6.000        6.000        6.000        6.000        6.000
  1625:        6.000        6.000        6.000        6.000        6.000
  1630:        6.000        6.000        6.000        6.000        6.000
  1635:        6.000        6.000        6.000        6.000        6.000
  1640:        6.000        6.000        6.000        6.000        6.000
  1645:        6.000        6.000        6.000        6.000       25.000
  1650:       24.000       13.000        8.000        5.000       17.000
  1655:       18.000       14.000       10.000       19.000        6.000
  1660:        6.000        6.000        6.000        6.000        6.000
  1665:        6.000        6.000        6.000        6.000        6.000
  1670:        6.000        6.000        6.000        6.000        6.000
  1675:        6.000        6.000        6.000        6.000        6.000
  1680:        6.000        6.000        6.000        6.000        6.000
  1685:        6.000        6.000        6.000        6.000        6.000
  1690:        6.000        6.000        6.000        6.000        6.000
  1695:        6.000        6.000        6.000        6.000        6.000
  1700:        6.000        6.000        6.000        6.000        6.000
  1705:        6.000        6.000        6.000        6.000        6.000
  1710:        6.000        6.000        6.000        6.000        6.000
  1715:        6.000        6.000        6.000        6.000        6.000
  1720:        6.000        6.000        6.000        6.000        6.000
  1725:        6.000        6.000        6.000        6.000        6.000
  1730:        6.000        6.000        6.000        6.000        6.000
  1735:        6.000        6.000        6.000        6.000        6.000
  1740:        6.000        6.000        6.000        6.000        6.000
  1745:        6.000        6.000        6.000        6.000        6.000
  1750:        6.000        6.000        6.000        6.000        6.000
  1755:        6.000        6.000        6.000        6.000        6.000
  1760:        6.000        6.000        6.000        6.000        6.000
  1765:        6.000        6.000        6.000        6.000        6.000
  1770:        6.000        6.000        6.000        6.000        6.000
  1775:        6.000        6.000        6.000        6.000        6.000
  1780:        6.000        6.000        6.000        6.000        6.000
  1785:        6.000        6.000        6.000        6.000        6.000
  1790:        6.000        6.000        6.000        6.000        6.000
  1795:        6.000        6.000        6.000        6.000        6.000
  1800:        6.000        6.000        6.000        6.000       25.000
  1805:       24.000       13.000        8.000        5.000       17.000
  1810:       18.000        6.000       14.000       10.000       19.000
  1815:        6.000        6.000        6.000        6.000        6.000
  1820:        6.000        6.000        6.000        6.000        6.000
  1825:        6.000        6.000        6.000        6.000        6.000
  1830:        6.000        6.000        6.000        6.000        6.000
  1835:        6.000        6.000        6.000      100.000
T:
     0:        0.000        0.000        0.000        0.000        5.740
     5:       24.730       40.300       41.330       53.870       84.440
    10:       97.080       98.800       99.670      104.720      105.160
    15:      133.860      135.510      137.370      176.960      177.000
    20:      177.780      179.190      180.850      182.290      184.730
    25:      185.710      188.760      188.830      189.770      191.190
    30:      200.960      221.150      222.380      222.660      230.250
    35:      231.210      231.520      247.420      247.470      247.620
    40:      248.350      257.620      258.170      258.550      258.870
    45:      259.060      261.350      261.880      269.900      276.600
    50:      277.560      278.170      278.210      281.220      293.080
    55:      293.340      293.400      293.660      293.910      299.240
    60:      299.810      307.730      321.900      321.920      334.430
    65:      334.980      352.420      360.250      360.900      360.980
    70:      363.220      374.650      385.560      391.730      437.330
    75:      443.390      448.940      449.050      457.840      458.500
    80:      478.210      487.220      495.120      495.700      501.500
    85:      501.740      513.270      513.320      513.920      519.260
    90:      523.790      523.810      535.660      539.730      553.900
    95:      562.090      567.100      572.860      590.970      596.350
   100:      596.400      596.550      612.420      615.810      616.860
   105:      625.690      626.640      626.680      651.800      651.910
   110:      664.140      671.980      672.140      674.490      677.260
   115:      702.200      704.960      704.990      705.050      726.280
   120:      726.540      732.600      732.860      739.190      744.700
   125:      744.950      745.070      747.950      748.160      763.220
   130:      763.410      771.500      772.040      774.580      783.840
   135:      786.460      802.020      809.440      818.590      818.610
   140:      827.640      827.660      848.840      855.080      855.370
   145:      865.070      870.260      873.270      873.360      877.110
   150:      880.360      881.050      882.120      894.450      899.460
   155:      901.470      901.610      904.240      915.230      915.310
   160:      917.640      918.200      923.780      926.380      926.500
   165:      929.260      930.430      938.050      940.850      946.640
   170:      949.630      949.780      952.640      952.950      963.400
   175:      964.060      972.100      972.820      984.170      986.540
   180:      986.800      987.220      988.210      988.340     1006.610
   185:     1009.460     1010.040     1010.190     1014.630     1014.830
   190:     1014.880     1023.700     1023.970     1027.070     1028.440
   195:     1037.890     1038.640     1046.200     1046.780     1053.220
   200:     1053.410     1055.930     1056.220     1061.730     1061.780
   205:     1068.240     1068.330     1068.490     1075.650     1083.570
   210:     1092.810     1107.460     1118.960     1121.300     1126.800
   215:     1126.950     1127.630     1135.130     1137.570     1140.460
   220:     1142.470     1146.820     1147.470     1152.590     1152.820
   225:     1155.520     1155.960     1156.380     1161.080     1161.260
   230:     1166.440     1166.600     1169.270     1169.520     1170.010
   235:     1177.610     1177.800     1178.030     1178.080     1180.450
   240:     1181.610     1183.190     1183.210     1187.500     1189.030
   245:     1189.060     1189.240     1191.770     1192.010     1192.250
   250:     1192.280     1193.860     1196.820     1196.940     1197.090
   255:     1197.350     1203.270     1213.980     1214.670     1221.780
   260:     1222.110     1222.140     1222.550     1222.630     1223.190
   265:     1224.160     1228.530     1238.410     1238.910     1239.600
   270:     1242.600     1243.200     1250.400     1250.450     1255.380
   275:     1255.410     1255.430     1255.530     1255.550     1262.830
   280:     1263.030     1263.100     1270.990     1271.480     1271.660
   285:     1274.550     1274.570     1274.800     1278.270     1286.100
   290:     1286.580     1286.880     1291.060     1293.290     1293.460
   295:     1301.770     1310.270     1326.680     1331.060     1331.270
   300:     1336.400     1336.700     1340.710     1345.640     1353.410
   305:     1356.690     1363.560     1367.320     1370.130     1370.320
   310:     1377.520     1381.110     1384.850     1388.790     1395.250
   315:     1401.570     1409.180     1413.160     1413.370     1434.020
   320:     1434.200     1437.710     1437.840     1438.110     1438.280
   325:     1438.740     1438.780     1445.900     1450.450     1462.360
   330:     1462.600     1477.490     1477.710     1480.550     1483.490
   335:     1490.890     1491.080     1493.860     1493.880     1501.780
   340:     1502.440     1506.010     1514.340     1514.690     1521.670
   345:     1529.840     1530.170     1530.630     1533.880     1538.550
   350:     1538.750     1539.090     1539.100     1539.700     1543.760
   355:     1546.530     1546.920     1547.230     1552.140     1552.350
   360:     1558.750     1559.140     1559.150     1562.180     1562.370
   365:     1566.900     1567.050     1578.450     1585.860     1590.190
   370:     1593.340     1597.090     1601.060     1613.190     1621.330
   375:     1621.340     1633.310     1637.770     1642.930     1646.190
   380:     1646.380     1663.800     1674.390     1677.880     1678.440
   385:     1678.470     1686.970     1698.470     1702.230     1707.050
   390:     1707.270     1707.310     1711.710     1720.940     1721.390
   395:     1721.710     1721.820     1722.110     1742.650     1747.060
   400:     1751.340     1751.760     1786.280     1793.480     1797.200
   405:     1797.260     1801.130     1804.350     1807.350     1807.640
   410:     1828.040     1842.130     1847.270     1847.280     1856.190
   415:     1869.440     1876.910     1881.540     1886.130     1886.150
   420:     1898.360     1898.670     1898.730     1905.130     1945.340
   425:     1950.340     1983.820     1984.120     1984.130     1991.510
   430:     1998.010     2006.620     2025.740     2033.190     2036.870
   435:     2037.140     2070.990     2081.510     2081.620     2086.230
   440:     2098.520     2118.970     2119.010     2123.260     2123.310
   445:     2127.590     2138.430     2142.910     2147.960     2148.300
   450:     2148.490     2153.110     2157.740     2172.680     2179.780
   455:     2179.930     2180.030     2180.310     2180.540     2180.580
   460:     2180.630     2189.320     2189.330     2208.700     2208.960
   465:     2213.250     2213.490     2220.680     2224.860     2225.160
   470:     2225.230     2229.480     2229.690     2229.880     2230.010
   475:     2236.560     2237.070     2237.140     2244.770     2245.310
   480:     2245.530     2248.070     2248.540     2248.870     2253.580
   485:     2253.900     2257.520     2261.060     2261.180     2265.670
   490:     2273.170     2284.180     2284.710     2288.550     2290.990
   495:     2297.440     2309.460     2311.980     2333.080     2333.300
   500:     2333.570     2342.310     2371.850     2388.580     2388.730
   505:     2389.230     2389.550     2392.940     2393.280     2399.990
   510:     2400.000     2400.000     2400.000     2400.000     2400.000
   515:     2404.000     2405.000     2405.000     2409.990     2411.890
   520:     2412.160     2420.950     2426.450     2427.460     2436.410
   525:     2436.730     2439.580     2445.710     2446.700     2451.570
   530:     2451.800     2452.600     2452.720     2458.630     2459.080
   535:     2462.160     2466.590     2466.640     2469.690     2469.770
   540:     2472.470     2473.320     2473.770     2477.460     2477.850
   545:     2484.740     2496.060     2496.360     2502.790     2514.430
   550:     2514.760     2520.440     2520.780     2530.060     2530.230
   555:     2535.920     2545.500     2550.110     2552.880     2552.990
   560:     2553.020     2554.790     2559.470     2559.940     2565.810
   565:     2566.080     2570.710     2574.230     2574.680     2582.520
   570:     2585.980     2595.240     2595.610     2595.730     2595.780
   575:     2642.840     2651.170     2651.660     2680.010     2698.890
   580:     2705.140     2705.210     2706.130     2716.330     2716.440
   585:     2716.490     2716.860     2733.180     2733.830     2738.330
   590:     2738.480     2743.880     2749.260     2749.420     2749.430
   595:     2749.670     2765.390     2774.230     2781.880     2782.070
   600:     2794.320     2794.590     2794.720     2807.640     2807.990
   605:     2811.460     2822.200     2827.200     2835.140     2842.610
   610:     2854.290     2863.190     2863.350     2863.670     2864.100
   615:     2875.350     2876.070     2879.000     2879.310     2887.900
   620:     2888.290     2891.510     2891.950     2901.670     2907.130
   625:     2907.430     2907.660     2912.950     2915.430     2915.600
   630:     2920.850     2921.230     2921.470     2927.950     2935.660
   635:     2938.100     2938.680     2939.330     2947.780     2948.090
   640:     2948.320     2953.510     2953.990     2955.070     2957.520
   645:     2960.160     2963.790     2963.800     2963.900     2963.940
   650:     2971.960     2976.450     2979.310     2979.440     2979.490
   655:     2988.330     2992.180     2992.190     2995.960     2996.350
   660:     2996.770     2999.370     2999.880     3000.100     3003.560
   665:     3003.590     3004.090     3006.790     3006.860     3009.540
   670:     3009.720     3010.040     3010.490     3010.850     3011.070
   675:     3014.910     3015.590     3020.810     3025.430     3046.970
   680:     3047.260     3056.800     3056.880     3057.320     3062.530
   685:     3078.910     3079.210     3082.470     3082.680     3098.450
   690:     3108.710     3108.720     3112.030     3116.680     3122.410
   695:     3134.450     3134.620     3141.000     3141.140     3156.330
   700:     3156.480     3156.570     3177.280     3180.710     3194.740
   705:     3197.640     3236.730     3236.750     3236.940     3236.950
   710:     3236.990     3239.750     3301.770     3303.920     3314.930
   715:     3331.690     3367.080     3377.530     3377.760     3382.530
   720:     3391.080     3401.000     3401.190     3412.590     3436.810
   725:     3441.920     3442.120     3442.130     3446.910     3469.660
   730:     3469.920     3473.760     3480.750     3480.980     3480.990
   735:     3484.720     3485.000     3512.150     3512.600     3516.430
   740:     3522.000     3526.410     3540.010     3542.810     3553.420
   745:     3589.540     3594.840     3606.670     3609.740     3617.000
   750:     3625.580     3625.850     3626.000     3639.310     3639.430
   755:     3639.530     3639.550     3639.590     3639.630     3639.800
   760:     3644.930     3647.890     3655.140     3662.070     3662.340
   765:     3671.570     3683.190     3685.610     3685.810     3693.310
   770:     3700.670     3705.790     3708.450     3708.530     3716.870
   775:     3717.150     3724.710     3725.040     3725.050     3730.360
   780:     3730.490     3743.330     3755.540     3755.620     3781.370
   785:     3781.610     3786.870     3789.820     3797.130     3807.150
   790:     3827.780     3839.980     3845.380     3845.420     3845.510
   795:     3848.200     3848.360     3874.490     3876.970     3885.940
   800:     3886.430     3887.000     3887.190     3892.580     3892.610
   805:     3892.630     3914.240     3925.260     3984.100     3995.340
   810:     4010.360     4011.660     4011.840     4080.700     4090.600
   815:     4091.080     4093.770     4093.940     4094.030     4097.180
   820:     4117.430     4117.600     4122.080     4122.180     4129.510
   825:     4129.790     4130.240     4137.070     4137.220     4137.590
   830:     4141.120     4141.360     4142.860     4143.070     4144.160
   835:     4144.210     4144.270     4144.350     4147.380     4147.670
   840:     4147.840     4164.690     4173.240     4173.260     4173.560
   845:     4176.110     4176.290     4176.390     4176.620     4182.480
   850:     4276.530     4276.700     4287.110     4294.090     4301.390
   855:     4301.580     4301.620     4312.340     4323.100     4325.460
   860:     4325.650     4325.720     4325.840     4325.870     4325.960
   865:     4336.650     4349.790     4352.270     4352.630     4434.310
   870:     4441.370     4444.300     4488.880     4572.640     4673.470
   875:     4692.640     4701.390     4705.120     4724.990     4737.100
   880:     4740.650     4756.720     4760.190     4789.530     4792.530
   885:     4806.870     4809.930     4809.990     4810.000     4810.000
   890:     4810.000     4810.000     4810.000     4810.160     4813.210
   895:     4814.000     4815.000     4815.000     4819.990     4833.660
   900:     4857.250     4860.170     4860.440     4878.260     4888.860
   905:     4892.810     4899.920     4900.140     4930.650     4930.900
   910:     4931.120     4935.090     4935.330     4941.380     4941.510
   915:     4941.550     4949.850     4949.910     4950.060     4950.400
   920:     4954.750     4955.030     4957.900     4960.100     4967.710
   925:     4971.820     4982.430     4991.800     4995.960     4999.970
   930:     5000.150     5000.310     5003.620     5011.980     5014.360
   935:     5021.970     5025.450     5025.490     5025.660     5027.380
   940:     5027.410     5034.860     5035.690     5040.890     5049.520
   945:     5049.740     5054.770     5055.020     5055.400     5062.430
   950:     5065.320     5065.560     5075.480     5093.320     5093.530
   955:     5096.260     5107.650     5110.520     5121.350     5128.080
   960:     5131.380     5132.260     5215.210     5219.560     5222.490
   965:     5222.820     5228.580     5260.870     5274.840     5275.040
   970:     5289.860     5301.330     5301.590     5301.680     5317.150
   975:     5317.270     5342.170     5344.560     5344.560     5344.560
   980:     5344.560     5344.560     5344.560     5347.070     5347.230
   985:     5348.560     5349.560     5349.560     5354.550     5361.110
   990:     5367.890     5368.350     5375.040     5388.170     5388.620
   995:     5388.660     5393.190     5395.350     5395.350     5395.350
  1000:     5395.350     5395.350     5395.350     5399.350     5400.350
  1005:     5400.350     5405.340     5413.270     5416.510     5416.510
  1010:     5416.510     5416.510     5416.510     5416.510     5420.510
  1015:     5421.510     5421.510     5426.500     5431.630     5442.100
  1020:     5443.290     5451.120     5454.550     5455.960     5456.650
  1025:     5461.110     5464.650     5465.600     5472.580     5474.690
  1030:     5478.000     5478.110     5479.250     5485.870     5489.910
  1035:     5496.570     5497.450     5497.480     5497.520     5498.140
  1040:     5503.230     5504.170     5504.260     5505.220     5508.600
  1045:     5511.350     5514.490     5515.120     5515.450     5516.220
  1050:     5516.520     5520.140     5521.380     5521.500     5527.250
  1055:     5527.650     5532.370     5532.630     5550.760     5550.870
  1060:     5551.410     5551.470     5551.580     5552.000     5557.570
  1065:     5561.080     5561.150     5564.120     5571.430     5572.100
  1070:     5580.080     5580.220     5582.610     5582.970     5593.370
  1075:     5603.390     5607.020     5613.310     5613.560     5620.990
  1080:     5648.600     5656.960     5657.390     5661.050     5661.110
  1085:     5661.200     5669.680     5691.190     5697.070     5699.840
  1090:     5703.390     5707.350     5712.000     5721.170     5732.300
  1095:     5734.610     5737.070     5740.450     5752.440     5755.240
  1100:     5761.580     5770.740     5770.740     5770.740     5770.750
  1105:     5770.750     5770.750     5770.750     5770.750     5771.290
  1110:     5771.290     5771.660     5771.660     5774.750     5775.750
  1115:     5775.750     5779.580     5779.580     5779.830     5779.830
  1120:     5780.100     5780.100     5780.540     5780.540     5780.740
  1125:     5782.760     5783.360     5783.360     5783.360     5783.370
  1130:     5783.370     5783.370     5783.370     5783.370     5787.370
  1135:     5788.310     5788.370     5788.370     5791.640     5792.510
  1140:     5792.510     5793.360     5798.420     5798.420     5798.420
  1145:     5798.430     5798.430     5798.430     5798.430     5798.430
  1150:     5798.990     5798.990     5799.200     5799.200     5799.420
  1155:     5799.420     5800.740     5800.910     5800.990     5801.120
  1160:     5802.430     5803.430     5803.430     5808.420     5811.100
  1165:     5811.100     5811.100     5811.110     5811.110     5811.110
  1170:     5811.110     5811.110     5813.640     5815.110     5816.110
  1175:     5816.110     5820.210     5820.380     5821.100     5839.340
  1180:     5839.510     5848.560     5848.620     5851.950     5880.150
  1185:     5880.300     5906.420     5907.210     5910.630     5916.120
  1190:     5921.800     5922.060     5982.820     6006.230     6006.430
  1195:     6014.940     6024.750     6033.810     6054.720     6063.390
  1200:     6101.410     6104.070     6104.070     6104.070     6104.070
  1205:     6104.070     6104.070     6108.070     6109.070     6109.070
  1210:     6113.470     6114.060     6117.460     6120.470     6121.030
  1215:     6121.040     6121.690     6122.790     6122.790     6122.790
  1220:     6122.790     6122.790     6122.790     6126.790     6127.790
  1225:     6127.790     6132.780     6137.340     6137.470     6143.680
  1230:     6150.900     6151.110     6154.380     6157.560     6166.100
  1235:     6166.160     6174.570     6178.560     6181.570     6184.490
  1240:     6209.320     6255.480     6265.220     6265.280     6265.310
  1245:     6267.840     6271.170     6271.270     6274.140     6274.460
  1250:     6274.900     6277.390     6283.530     6288.910     6298.070
  1255:     6307.580     6311.750     6330.290     6330.470     6330.750
  1260:     6333.290     6358.260     6399.410     6399.460     6399.540
  1265:     6404.560     6404.840     6429.570     6435.150     6435.450
  1270:     6438.030     6444.460     6453.410     6453.520     6459.590
  1275:     6462.910     6465.360     6468.350     6471.550     6477.320
  1280:     6477.430     6489.710     6492.580     6492.780     6496.130
  1285:     6510.830     6511.980     6514.530     6518.920     6519.070
  1290:     6525.120     6532.600     6532.730     6540.710     6540.810
  1295:     6549.020     6549.230     6552.040     6557.540     6558.400
  1300:     6560.630     6567.070     6567.180     6567.570     6569.610
  1305:     6573.860     6576.780     6579.450     6579.570     6582.980
  1310:     6588.050     6588.360     6591.070     6594.160     6597.150
  1315:     6602.780     6605.470     6614.490     6619.950     6623.350
  1320:     6623.490     6632.090     6638.050     6641.060     6641.120
  1325:     6647.420     6659.460     6662.580     6672.890     6673.170
  1330:     6687.160     6690.260     6705.010     6713.400     6720.110
  1335:     6723.060     6730.060     6750.800     6753.610     6756.580
  1340:     6759.150     6759.160     6762.320     6768.120     6771.960
  1345:     6772.450     6781.450     6781.600     6781.680     6785.450
  1350:     6796.740     6796.850     6801.190     6807.380     6809.640
  1355:     6819.010     6822.380     6825.160     6834.260     6834.380
  1360:     6838.510     6841.920     6844.320     6844.380     6852.130
  1365:     6852.260     6860.150     6868.570     6870.910     6871.530
  1370:     6874.250     6877.100     6877.110     6877.330     6877.580
  1375:     6880.950     6881.090     6881.190     6881.360     6884.350
  1380:     6884.520     6884.810     6884.920     6891.010     6891.220
  1385:     6896.900     6897.970     6904.720     6905.010     6907.880
  1390:     6912.380     6915.210     6918.000     6918.320     6920.560
  1395:     6926.110     6926.330     6926.800     6929.720     6935.370
  1400:     6938.390     6941.650     6941.810     6941.900     6942.260
  1405:     6945.630     6949.120     6952.540     6952.780     6955.220
  1410:     6970.670     6973.330     6973.480     6976.830     6977.200
  1415:     6983.790     6984.010     6986.540     6996.290     6996.500
  1420:     7004.880     7005.300     7008.520     7014.420     7014.580
  1425:     7018.660     7021.450     7024.420     7027.590     7027.700
  1430:     7030.300     7033.770     7036.440     7039.510     7039.800
  1435:     7042.560     7048.350     7054.590     7057.570     7057.740
  1440:     7060.390     7064.490     7067.180     7073.410     7076.450
  1445:     7079.030     7079.170     7082.400     7101.510     7101.620
  1450:     7110.170     7119.800     7125.590     7125.840     7137.060
  1455:     7139.980     7142.890     7145.790     7154.340     7160.290
  1460:     7163.210     7163.750     7169.220     7181.540     7184.720
  1465:     7185.230     7188.240     7194.500     7197.700     7206.670
  1470:     7209.200     7209.580     7216.000     7230.920     7231.140
  1475:     7234.270     7245.100     7245.150     7251.410     7262.810
  1480:     7266.130     7274.320     7274.880     7284.180     7287.060
  1485:     7290.100     7292.780     7293.120     7296.040     7306.880
  1490:     7312.890     7321.860     7330.520     7336.340     7337.400
  1495:     7340.050     7340.160     7340.180     7340.220     7340.360
  1500:     7344.750     7347.610     7347.800     7351.970     7368.930
  1505:     7369.500     7379.000     7382.190     7389.250     7400.620
  1510:     7407.020     7409.690     7410.150     7418.540     7421.580
  1515:     7422.110     7425.660     7425.770     7442.780     7446.870
  1520:     7449.580     7456.800     7468.550     7468.610     7469.150
  1525:     7469.180     7482.730     7492.530     7493.040     7493.210
  1530:     7495.970     7496.270     7499.510     7499.710     7531.140
  1535:     7531.180     7535.450     7543.720     7546.660     7555.090
  1540:     7555.190     7555.450     7573.450     7578.110     7582.490
  1545:     7585.950     7589.720     7592.540     7592.660     7599.220
  1550:     7602.410     7602.870     7605.960     7612.960     7631.690
  1555:     7631.940     7639.870     7643.160     7646.190     7649.150
  1560:     7657.060     7665.130     7686.470     7689.450     7689.650
  1565:     7689.730     7693.640     7694.100     7695.440     7708.410
  1570:     7723.780     7732.510     7739.710     7739.930     7743.110
  1575:     7746.180     7756.120     7764.540     7767.690     7770.600
  1580:     7776.190     7779.080     7782.010     7785.420     7804.080
  1585:     7804.530     7808.120     7808.190     7824.300     7827.760
  1590:     7831.330     7834.530     7837.510     7840.290     7840.380
  1595:     7846.980     7856.580     7859.490     7860.050     7860.410
  1600:     7871.530     7880.680     7880.960     7884.680     7897.180
  1605:     7897.670     7901.410     7904.750     7905.030     7920.130
  1610:     7920.380     7926.360     7929.890     7930.100     7936.670
  1615:     7939.570     7953.440     7953.660     7956.610     7975.600
  1620:     7979.780     7986.650     7997.160     8001.920     8004.970
  1625:     8009.680     8020.000     8023.380     8024.320     8029.030
  1630:     8043.660     8048.040     8051.540     8085.620     8085.810
  1635:     8089.660     8101.100     8105.920     8108.950     8111.830
  1640:     8112.020     8119.920     8125.990     8129.800     8133.480
  1645:     8133.640     8140.040     8145.630     8192.500     8221.100
  1650:     8221.110     8221.110     8221.110     8221.110     8221.110
  1655:     8225.110     8226.110     8226.110     8231.100     8234.740
  1660:     8238.800     8246.430     8246.730     8249.450     8252.800
  1665:     8264.520     8272.640     8272.690     8275.780     8281.270
  1670:     8287.610     8290.610     8299.580     8303.010     8313.580
  1675:     8327.380     8330.860     8330.920     8331.350     8335.870
  1680:     8338.780     8349.430     8358.410     8358.740     8361.580
  1685:     8361.750     8364.910     8367.700     8374.090     8381.200
  1690:     8398.060     8436.730     8444.280     8447.260     8459.570
  1695:     8548.540     8548.710     8548.720     8594.620     8638.060
  1700:     8663.170     8667.300     8696.980     8704.480     8704.660
  1705:     8715.370     8718.590     8718.970     8743.070     8743.290
  1710:     8751.660     8755.790     8821.350     8823.860     8824.220
  1715:     9017.000     9043.400     9043.530     9043.660     9060.470
  1720:     9060.730     9065.540     9089.830     9119.540     9160.470
  1725:     9178.690     9183.530     9202.270     9202.410     9206.500
  1730:     9206.850     9224.160     9229.090     9232.080     9232.360
  1735:     9244.790     9250.050     9251.770     9259.250     9259.570
  1740:     9305.890     9320.000     9326.800     9333.250     9339.910
  1745:     9349.320     9361.670     9361.740     9378.030     9380.650
  1750:     9412.830     9416.950     9490.030     9492.590     9493.110
  1755:     9496.700     9497.170     9526.280     9526.380     9531.330
  1760:     9542.800     9547.530     9551.160     9556.860     9567.950
  1765:     9582.870     9583.510     9603.880     9621.370     9639.500
  1770:     9639.690     9672.050     9673.010     9673.120     9698.120
  1775:     9709.960     9710.080     9861.230     9907.890     9922.900
  1780:     9940.130     9940.220     9943.850     9957.750     9968.740
  1785:     9982.420     9994.250    10002.150    10005.270    10087.590
  1790:    10171.290    10300.400    10430.340    10442.790    10462.650
  1795:    10495.080    10500.850    10503.850    10523.310    10523.400
  1800:    10550.480    10599.550    10606.550    10610.430    10631.100
  1805:    10631.110    10631.110    10631.110    10631.110    10631.110
  1810:    10635.110    10635.380    10636.110    10636.110    10641.100
  1815:    10643.830    10676.780    10685.640    10688.470    10709.500
  1820:    10709.710    10721.640    10722.000    10737.890    10743.650
  1825:    10750.930    10751.380    10756.860    10762.480    10762.600
  1830:    10766.190    10779.320    10779.510    10787.030    10787.090
  1835:    10791.960    10794.980    10798.670    10800.010
