File: C:\MED-PC IV\DATA\!2025-05-15_13h05m.Subject T8



Start Date: 05/15/25
End Date: 05/15/25
Subject: T8
Experiment: OralFentSA
Group: One
Box: 2
Start Time: 13:05:03
End Time: 16:05:24
MSN: Golden_Liq_SelfAdmin
F:       0.000
G:     901.000
H:   10800.010
I:       0.000
J:       0.000
K:       0.000
L:       0.000
M:       0.000
N:       0.000
O:       0.000
P:       0.000
Q:       0.000
R:       0.000
S:       0.000
U:       0.000
V:       0.000
W:       0.000
X:       0.000
Y:       0.000
Z:       0.000
A:
     0:        0.000        0.000      180.000        4.000        0.000
     5:        5.000        0.000        5.000        0.000        0.000
    10:        1.000        0.000       10.000     1800.000       20.000
    15:        3.000      640.000        0.000        0.000        0.000
    20:        0.000
B:
     0:        0.000        0.000        0.000      400.000        0.000
     5:      500.000        0.000      500.000        0.000        0.000
    10:        0.000        0.000     1000.000   180000.000        0.000
    15:        0.000        0.000        0.000        0.000        0.000
    20:        0.000
C:
     0:       17.000       17.000        0.000        1.000      664.000
     5:     9442.730       12.500       14.000      295.840       21.131
    10:        1.000        0.000       31.000        0.000        0.000
    15:        0.000        0.000        0.000        0.000        0.000
    20:        0.000
D:
     0:       52.080        7.670       15.710        8.310        5.970
     5:       14.520        7.900        6.300        1.340       13.210
    10:        2.210      131.290       16.830       12.500
E:
     0:       19.000       11.000       26.000       27.000        6.000
     5:        6.000        6.000        6.000        6.000        6.000
    10:        6.000        6.000        6.000        6.000        6.000
    15:        6.000        6.000        6.000        6.000        6.000
    20:        6.000        6.000        6.000        6.000        6.000
    25:        6.000        6.000        6.000        6.000        6.000
    30:        6.000        6.000        6.000        6.000        6.000
    35:        6.000        6.000        6.000        6.000        6.000
    40:        6.000        6.000        6.000        6.000        6.000
    45:        6.000        6.000        6.000        6.000        6.000
    50:        6.000        6.000        6.000        6.000        6.000
    55:        6.000        6.000        6.000        6.000        6.000
    60:        6.000        6.000        6.000        6.000        6.000
    65:        6.000        6.000        6.000        6.000        6.000
    70:        6.000        6.000        6.000        6.000        6.000
    75:        6.000        6.000        6.000        6.000        6.000
    80:        6.000        6.000        6.000        6.000        6.000
    85:        6.000        6.000        6.000        6.000        6.000
    90:        6.000        6.000        6.000        6.000        6.000
    95:        6.000        6.000        6.000        6.000        6.000
   100:        6.000        6.000        6.000        6.000        6.000
   105:        6.000        6.000        6.000        6.000        6.000
   110:        6.000        6.000        6.000        6.000        6.000
   115:        6.000        6.000        6.000        6.000        6.000
   120:        6.000        6.000        6.000        6.000        6.000
   125:        6.000        6.000        6.000        6.000        6.000
   130:        6.000        6.000        6.000        6.000        6.000
   135:        6.000        6.000        6.000        6.000        6.000
   140:        6.000        6.000        6.000        6.000        6.000
   145:        6.000        6.000        6.000        6.000        6.000
   150:        6.000        6.000        6.000        6.000        6.000
   155:        6.000        6.000        6.000        6.000        6.000
   160:        6.000        6.000       25.000       24.000       12.000
   165:       13.000        8.000        5.000       17.000       18.000
   170:       14.000       10.000       19.000       11.000        6.000
   175:        6.000        6.000        6.000        6.000        6.000
   180:        6.000        6.000        6.000        2.000        4.000
   185:       22.000       24.000       12.000       13.000        8.000
   190:        5.000       17.000       18.000       14.000       10.000
   195:        6.000       19.000       11.000        6.000        6.000
   200:        6.000        6.000        6.000        6.000        6.000
   205:        6.000        6.000        6.000        6.000        6.000
   210:        6.000        6.000        6.000        6.000        6.000
   215:        6.000        6.000        6.000        6.000        6.000
   220:        6.000        6.000        6.000        6.000        6.000
   225:        6.000        6.000        6.000        6.000       25.000
   230:       24.000       12.000       13.000        8.000        5.000
   235:       17.000       18.000       14.000       10.000       19.000
   240:       11.000        6.000        6.000        6.000        6.000
   245:        6.000        6.000        6.000        6.000        6.000
   250:        6.000        6.000        6.000        6.000        6.000
   255:        6.000        6.000        6.000        6.000        6.000
   260:        6.000        6.000        6.000        6.000        6.000
   265:        6.000        6.000        6.000        6.000        6.000
   270:        6.000        6.000        6.000        6.000        6.000
   275:        6.000        6.000        6.000        6.000        6.000
   280:        6.000        6.000        6.000        6.000       25.000
   285:       24.000       12.000       13.000        8.000        5.000
   290:       17.000       18.000       14.000       10.000        6.000
   295:        6.000       19.000       11.000        6.000        6.000
   300:        6.000        6.000        6.000        6.000        6.000
   305:        6.000        6.000        6.000        6.000        6.000
   310:        6.000        6.000        6.000        6.000        6.000
   315:        6.000        6.000        6.000        6.000        6.000
   320:        6.000        6.000        6.000        6.000        6.000
   325:        6.000        6.000        6.000        6.000        6.000
   330:        6.000        6.000        6.000        6.000        6.000
   335:        6.000        6.000        6.000        6.000        6.000
   340:        6.000        6.000        6.000        6.000        6.000
   345:        6.000        6.000        6.000        6.000        6.000
   350:        6.000        6.000        6.000        6.000        6.000
   355:        6.000        6.000        6.000        6.000        6.000
   360:        6.000        6.000        6.000        6.000        6.000
   365:        6.000        6.000        6.000        6.000        6.000
   370:        6.000        6.000        6.000        6.000        6.000
   375:        6.000        6.000        6.000        6.000        6.000
   380:        6.000        6.000        6.000        6.000        6.000
   385:        6.000        6.000        6.000        6.000        6.000
   390:        6.000        6.000        6.000        6.000        6.000
   395:        6.000        6.000        6.000        6.000       30.000
   400:       24.000       12.000       13.000        8.000        5.000
   405:       17.000       18.000       14.000       10.000        6.000
   410:       19.000       11.000        6.000        6.000        6.000
   415:        6.000        6.000        6.000        6.000        6.000
   420:        6.000        6.000        6.000        6.000        6.000
   425:        6.000        6.000        6.000        6.000        6.000
   430:        6.000        6.000       30.000       24.000       12.000
   435:       13.000        8.000        5.000       17.000       18.000
   440:       14.000       10.000       19.000       11.000        6.000
   445:        6.000        6.000        6.000        6.000        6.000
   450:        6.000        6.000        6.000        6.000        6.000
   455:        6.000        6.000        6.000        6.000        6.000
   460:        6.000        6.000        6.000        6.000        6.000
   465:        6.000        6.000        6.000        6.000        6.000
   470:        6.000        6.000        6.000        6.000        6.000
   475:        6.000        6.000        6.000        6.000        6.000
   480:        6.000        6.000        6.000        6.000        6.000
   485:        6.000        6.000        6.000        6.000        6.000
   490:        6.000        6.000        6.000        6.000        6.000
   495:        6.000        6.000        6.000        6.000        6.000
   500:        6.000        6.000        6.000        6.000        6.000
   505:        6.000        6.000       30.000       24.000       12.000
   510:       13.000        8.000        5.000       17.000       18.000
   515:       14.000       10.000        6.000        6.000        6.000
   520:        6.000        6.000       19.000       11.000        6.000
   525:        6.000        6.000        6.000        6.000       30.000
   530:       24.000       12.000       13.000        8.000        5.000
   535:       17.000       18.000       14.000       10.000       30.000
   540:       12.000       13.000        8.000        5.000       17.000
   545:       19.000       11.000       18.000       14.000       10.000
   550:        6.000        6.000        6.000        6.000        6.000
   555:        6.000        6.000        6.000       30.000       24.000
   560:       12.000       13.000        8.000        5.000       17.000
   565:       18.000       14.000       10.000       19.000       11.000
   570:       30.000       24.000       12.000       13.000        8.000
   575:        5.000       17.000       30.000       12.000       30.000
   580:       12.000       30.000       12.000       30.000       12.000
   585:       30.000       12.000       30.000       12.000       30.000
   590:       12.000       18.000       14.000       10.000       19.000
   595:       11.000       30.000       24.000       12.000       13.000
   600:        8.000        5.000       17.000        6.000       18.000
   605:       14.000       10.000       19.000       11.000       30.000
   610:       24.000       12.000       13.000        8.000        5.000
   615:       17.000       18.000       14.000       10.000       19.000
   620:       11.000        6.000        6.000        6.000        6.000
   625:        6.000        6.000        6.000        6.000        6.000
   630:        6.000        6.000        6.000        6.000        6.000
   635:        6.000        6.000        6.000        6.000        6.000
   640:        6.000        6.000        6.000        6.000        6.000
   645:        6.000        6.000        6.000        6.000       30.000
   650:       24.000       12.000       13.000        8.000        5.000
   655:       17.000       30.000       12.000       30.000       12.000
   660:       30.000       12.000       30.000       12.000       30.000
   665:       12.000       30.000       12.000       30.000       12.000
   670:       30.000       12.000        6.000        6.000        6.000
   675:        6.000        6.000       18.000       14.000       10.000
   680:       19.000       11.000       30.000       24.000       12.000
   685:       13.000        8.000        5.000       17.000       18.000
   690:       14.000       10.000       19.000       11.000        6.000
   695:        6.000        6.000        6.000        6.000        6.000
   700:        6.000        6.000        6.000        6.000        6.000
   705:       25.000       24.000       12.000       13.000        8.000
   710:        5.000       17.000       18.000       14.000       10.000
   715:       19.000       11.000        6.000        6.000        6.000
   720:        6.000        6.000        6.000        6.000        6.000
   725:        6.000        6.000        6.000        6.000        6.000
   730:        6.000        6.000        6.000        6.000        6.000
   735:        6.000        6.000        6.000        6.000        6.000
   740:        6.000        6.000        6.000        6.000        6.000
   745:        6.000        6.000        6.000        6.000        6.000
   750:        6.000        6.000        6.000        6.000        6.000
   755:        6.000        6.000        6.000        6.000        6.000
   760:        6.000        6.000        6.000        6.000        6.000
   765:        6.000        6.000        6.000        6.000        6.000
   770:        6.000        6.000        6.000        6.000        6.000
   775:        6.000       25.000       24.000       12.000       13.000
   780:        8.000        5.000       17.000       18.000       14.000
   785:       10.000       19.000       11.000        6.000        6.000
   790:        6.000        6.000        6.000        6.000        6.000
   795:        6.000        6.000        6.000        6.000        6.000
   800:        6.000        6.000        6.000        6.000        6.000
   805:        6.000        6.000        6.000        6.000        6.000
   810:        6.000        6.000        6.000        6.000        6.000
   815:        6.000        6.000        6.000        6.000        6.000
   820:        6.000        6.000        6.000        6.000        6.000
   825:        6.000        6.000        6.000        6.000        6.000
   830:        6.000        6.000        6.000        6.000        6.000
   835:        6.000        6.000        6.000        6.000        6.000
   840:        6.000        6.000        6.000        6.000        6.000
   845:        6.000        6.000        6.000        6.000        6.000
   850:        6.000        6.000        6.000        6.000        6.000
   855:        6.000        6.000        6.000        6.000        6.000
   860:        6.000        6.000        6.000        6.000        6.000
   865:        6.000        6.000        6.000        6.000        6.000
   870:        6.000        6.000        6.000        6.000        6.000
   875:        6.000        6.000        6.000        6.000        6.000
   880:        6.000        6.000        6.000        6.000        6.000
   885:        6.000        6.000        6.000        6.000        6.000
   890:        6.000        6.000        6.000        6.000        6.000
   895:        6.000        6.000        6.000        6.000        6.000
   900:        6.000      100.000
T:
     0:        0.000        0.000        0.000        0.000        5.220
     5:       60.310       60.980       67.130       68.470       77.420
    10:       77.560       77.900       97.890      161.410      166.830
    15:      167.200      168.550      169.780      170.540      170.900
    20:      184.960      188.350      189.070      189.130      195.290
    25:      211.590      276.160      276.660      279.020      279.730
    30:      292.030      370.050      371.450      413.670      414.260
    35:      476.080      477.510      477.580      477.680      478.920
    40:      479.040      480.080      480.290      480.440      483.320
    45:      485.500      502.150      502.280      502.840      503.590
    50:      504.720      520.570      522.870      522.910      522.950
    55:      523.290      523.550      523.810      526.140      551.600
    60:      568.270      569.250      569.350      569.450      569.580
    65:      580.420      583.150      586.500      587.170      589.890
    70:      598.970      601.620      602.030      608.830      609.520
    75:      611.430      614.450      614.620      614.990      617.170
    80:      620.840      620.900      621.400      622.080      624.220
    85:      624.460      627.120      628.510      628.620      628.950
    90:      631.930      633.110      649.010      653.560      653.960
    95:      719.230      725.100      764.930      778.450      781.300
   100:      782.250      783.590      897.680      898.470      899.280
   105:      900.140      902.570      902.590      902.630      903.680
   110:      904.590      904.810      904.930      905.070      907.020
   115:      907.170      908.940      909.030      909.130      909.920
   120:      910.010      910.200      910.640      911.170      911.300
   125:      911.370      911.420      911.650      911.750      912.800
   130:      915.270      915.510      915.580      915.770      917.900
   135:      955.930      957.980      958.220      958.420      958.720
   140:     1017.520     1153.590     1154.110     1155.140     1176.680
   145:     1176.800     1177.450     1177.840     1211.630     1242.370
   150:     1274.840     1404.960     1412.980     1598.700     1599.240
   155:     1599.380     1599.770     1600.970     1609.310     1729.240
   160:     1733.240     1741.440     1799.990     1800.000     1800.000
   165:     1800.000     1800.000     1800.000     1800.000     1804.000
   170:     1805.000     1805.000     1809.990     1810.000     1852.080
   175:     1858.550     1858.650     1861.790     1861.970     2001.820
   180:     2014.280     2016.210     2018.010     2202.720     2202.720
   185:     2202.720     2202.730     2202.730     2202.730     2202.730
   190:     2202.730     2202.730     2206.730     2207.730     2207.730
   195:     2210.400     2212.720     2212.730     2434.030     2719.640
   200:     2720.060     2726.430     2777.960     2818.320     2819.290
   205:     2910.080     2918.020     2920.830     2995.930     3002.890
   210:     3003.280     3003.320     3004.130     3051.680     3051.930
   215:     3052.820     3064.370     3095.950     3097.280     3160.610
   220:     3160.880     3823.560     3829.420     3829.620     3842.490
   225:     3848.620     3848.860     3849.950     4008.430     4012.720
   230:     4012.730     4012.730     4012.730     4012.730     4012.730
   235:     4012.730     4016.730     4017.730     4017.730     4022.720
   240:     4022.730     4028.440     4072.310     4073.310     4076.810
   245:     4076.890     4167.960     4198.830     4199.160     4208.170
   250:     4208.420     4208.770     4305.500     4305.790     4306.560
   255:     4325.920     4327.140     4412.750     4413.250     4413.620
   260:     4413.830     4414.470     4417.070     4956.420     4996.170
   265:     4996.720     5044.970     5064.490     5168.920     5168.950
   270:     5170.240     5170.650     5170.870     5171.100     5172.790
   275:     5300.320     5454.440     5455.440     5462.860     5464.880
   280:     5472.430     5473.090     5573.410     5575.600     5822.720
   285:     5822.730     5822.730     5822.730     5822.730     5822.730
   290:     5822.730     5826.730     5827.730     5827.730     5831.040
   295:     5832.570     5832.720     5832.730     5931.860     5932.000
   300:     5932.840     5935.420     5935.610     5938.320     5938.400
   305:     5939.230     5959.360     5960.980     5969.460     5970.180
   310:     5991.160     5991.230     5998.860     6066.530     6067.190
   315:     6067.260     6071.200     6075.390     6075.460     6075.680
   320:     6095.970     6103.980     6104.580     6131.870     6131.890
   325:     6131.960     6131.990     6132.030     6132.060     6132.110
   330:     6132.240     6134.530     6135.020     6136.510     6139.190
   335:     6142.360     6146.040     6146.670     6147.870     6148.280
   340:     6149.560     6152.830     6152.910     6153.170     6153.250
   345:     6153.680     6155.820     6155.870     6155.930     6156.280
   350:     6156.630     6158.360     6158.710     6158.770     6159.080
   355:     6159.520     6159.700     6160.020     6160.950     6160.990
   360:     6161.120     6161.230     6175.330     6190.330     6210.670
   365:     6217.780     6220.210     6221.820     6221.840     6221.910
   370:     6222.860     6223.310     6223.520     6224.060     6224.710
   375:     6224.800     6225.310     6227.020     6228.130     6244.370
   380:     6245.160     6253.480     6253.750     6254.580     6255.860
   385:     6266.200     6269.090     6269.860     6270.270     6275.600
   390:     6277.440     6277.520     6277.560     6278.890     6283.010
   395:     6286.340     6286.540     6289.870     6290.130     6334.430
   400:     6334.430     6334.430     6334.430     6334.430     6334.430
   405:     6334.430     6338.430     6339.430     6339.430     6340.400
   410:     6344.420     6344.430     6357.740     6357.910     6368.470
   415:     6401.740     6403.400     6416.230     6416.380     6448.200
   420:     6454.150     6456.020     6469.200     6469.220     6471.120
   425:     6490.500     6492.180     6492.570     6493.310     6500.570
   430:     6500.800     6501.150     6506.870     6506.870     6506.870
   435:     6506.870     6506.870     6506.870     6506.870     6510.870
   440:     6511.870     6511.870     6516.860     6516.870     6521.390
   445:     6521.780     6523.810     6523.910     6530.600     6531.050
   450:     6531.070     6569.970     6592.460     6592.900     6594.270
   455:     6596.700     6608.080     6613.010     6628.750     6628.850
   460:     6631.160     6631.240     6631.340     6632.680     6633.280
   465:     6635.120     6635.160     6635.620     6635.720     6636.010
   470:     6636.070     6636.870     6637.230     6637.530     6637.860
   475:     6638.180     6639.840     6640.380     6647.950     6648.610
   480:     6648.630     6649.870     6650.980     6651.430     6655.770
   485:     6655.880     6656.050     6656.480     6656.490     6656.880
   490:     6658.070     6658.130     6658.260     6658.360     6662.380
   495:     6662.670     6662.900     6662.910     6663.260     6664.610
   500:     6667.340     6670.180     6670.220     6670.250     6670.630
   505:     6670.780     6689.650     6693.070     6693.070     6693.070
   510:     6693.070     6693.070     6693.070     6693.070     6697.070
   515:     6698.070     6698.070     6700.970     6701.090     6701.590
   520:     6702.030     6702.540     6703.060     6703.070     6707.130
   525:     6719.010     6722.480     6723.290     6724.790     6736.310
   530:     6736.310     6736.310     6736.310     6736.310     6736.310
   535:     6736.310     6740.310     6741.310     6741.310     6744.790
   540:     6744.790     6744.790     6744.790     6744.790     6744.790
   545:     6746.300     6746.310     6748.790     6749.790     6749.790
   550:     6751.090     6764.870     6765.820     6766.500     6772.980
   555:     6786.740     6787.170     6788.630     6819.550     6819.550
   560:     6819.550     6819.550     6819.550     6819.550     6819.550
   565:     6823.550     6824.550     6824.550     6829.540     6829.550
   570:     6845.410     6845.410     6845.410     6845.410     6845.410
   575:     6845.410     6845.410     6845.910     6845.910     6845.950
   580:     6845.950     6845.980     6845.980     6846.010     6846.010
   585:     6846.050     6846.050     6846.080     6846.080     6846.110
   590:     6846.110     6849.410     6850.410     6850.410     6855.400
   595:     6855.410     6869.820     6869.820     6869.820     6869.820
   600:     6869.820     6869.820     6869.820     6871.160     6873.820
   605:     6874.820     6874.820     6879.810     6879.820     6909.560
   610:     6909.560     6909.560     6909.560     6909.560     6909.560
   615:     6909.560     6913.560     6914.560     6914.560     6919.550
   620:     6919.560     6922.770     6922.950     6950.180     6950.230
   625:     6950.560     6950.610     6950.660     6951.020     6951.810
   630:     6951.890     6952.970     6954.170     6954.850     6959.950
   635:     6965.930     6971.020     6971.060     6972.510     6998.670
   640:     7024.920     7033.770     7034.470     7036.380     7036.410
   645:     7036.730     7036.870     7037.150     7037.170     7049.740
   650:     7049.740     7049.740     7049.740     7049.740     7049.740
   655:     7049.740     7050.230     7050.230     7050.280     7050.280
   660:     7050.300     7050.300     7050.330     7050.330     7050.380
   665:     7050.380     7050.400     7050.400     7050.430     7050.430
   670:     7050.480     7050.480     7052.690     7052.760     7052.920
   675:     7053.080     7053.090     7053.740     7054.740     7054.740
   680:     7059.730     7059.740     7071.220     7071.220     7071.220
   685:     7071.220     7071.220     7071.220     7071.220     7075.220
   690:     7076.220     7076.220     7081.210     7081.220     7202.510
   695:     7202.650     7202.750     7210.560     7216.060     7328.840
   700:     7329.320     7371.740     7373.040     7402.950     7465.910
   705:     7632.720     7632.730     7632.730     7632.730     7632.730
   710:     7632.730     7632.730     7636.730     7637.730     7637.730
   715:     7642.720     7642.730     7649.560     7665.510     7673.050
   720:     7683.940     7722.660     7775.340     7787.640     7792.300
   725:     7872.110     7872.340     7874.330     7874.360     7880.840
   730:     7986.950     7997.830     8197.810     8246.080     8273.270
   735:     8524.420     8530.170     8761.180     8763.870     8801.950
   740:     8813.530     8868.200     8903.060     8940.640     8960.540
   745:     8980.040     9253.120     9253.840     9253.870     9254.040
   750:     9254.090     9255.240     9255.740     9256.450     9256.500
   755:     9257.290     9257.410     9257.660     9258.350     9289.570
   760:     9299.920     9302.770     9303.550     9304.480     9313.690
   765:     9314.140     9314.300     9315.630     9315.850     9317.200
   770:     9317.270     9320.150     9323.680     9324.930     9357.200
   775:     9401.900     9442.720     9442.730     9442.730     9442.730
   780:     9442.730     9442.730     9442.730     9446.730     9447.730
   785:     9447.730     9452.720     9452.730     9455.230     9538.240
   790:    10019.940    10026.780    10028.320    10337.850    10337.910
   795:    10338.720    10339.090    10360.810    10403.310    10406.680
   800:    10406.900    10418.090    10431.300    10437.050    10443.730
   805:    10444.930    10445.360    10445.750    10446.210    10460.280
   810:    10461.290    10461.330    10478.130    10478.160    10478.490
   815:    10500.320    10500.580    10503.170    10503.340    10504.080
   820:    10515.000    10516.020    10517.840    10520.030    10520.270
   825:    10521.210    10544.980    10545.790    10570.160    10571.840
   830:    10572.020    10572.050    10572.250    10572.480    10572.570
   835:    10573.350    10573.910    10575.590    10608.650    10608.880
   840:    10608.930    10609.000    10609.100    10610.390    10611.070
   845:    10611.230    10611.820    10611.970    10612.410    10612.670
   850:    10613.000    10613.220    10613.470    10619.780    10621.540
   855:    10621.580    10621.900    10634.150    10634.660    10634.810
   860:    10638.050    10640.930    10644.450    10646.860    10648.390
   865:    10649.430    10650.280    10650.480    10654.280    10654.830
   870:    10655.170    10655.440    10655.560    10656.230    10656.330
   875:    10656.510    10656.550    10656.840    10656.890    10657.010
   880:    10657.610    10659.620    10659.720    10659.860    10660.330
   885:    10675.530    10677.330    10681.290    10681.810    10682.000
   890:    10682.910    10683.730    10684.850    10708.610    10709.430
   895:    10720.460    10735.970    10736.810    10792.470    10794.520
   900:    10796.690    10800.010
