File: C:\MED-PC IV\DATA\!2025-09-05_13h01m.Subject T15



Start Date: 09/05/25
End Date: 09/05/25
Subject: T15
Experiment: OralFentSA
Group: One
Box: 8
Start Time: 13:01:48
End Time: 16:01:49
MSN: Golden_Liq_SelfAdmin_LIT
F:       0.000
G:     606.000
H:   10800.010
I:       0.000
J:       0.000
K:       0.000
L:       0.000
M:       0.000
N:       0.000
O:       0.000
P:       0.000
Q:       0.000
R:       0.000
S:       0.000
U:       0.000
V:       0.000
W:       0.000
X:       0.000
Y:       0.000
Z:       0.000
A:
     0:        0.000        0.000      180.000        4.000        0.000
     5:        5.000        0.000        5.000        0.000        0.000
    10:        1.000        0.000       10.000 180000000.00       22.000
    15:       15.000      320.000        0.000        0.000        0.000
    20:        0.000
B:
     0:        0.000        0.000        0.000      400.000        0.000
     5:      500.000        0.000      500.000        0.000        0.000
    10:        0.000        0.000     1000.000 18000000000.        0.000
    15:        0.000        0.000        0.000        0.000        0.000
    20:        0.000
C:
     0:        9.000       10.000        0.000       16.000      449.000
     5:     9391.620        3.980        8.000      134.220       16.777
    10:       16.000       31.000        0.000        0.000        0.000
    15:        0.000        0.000        0.000        0.000        0.000
    20:        0.000
D:
     0:       64.520        3.430        6.630       19.850       26.310
     5:        5.370        4.130        3.980
E:
     0:       19.000       11.000       26.000       27.000        6.000
     5:        6.000       23.000        6.000        6.000        2.000
    10:        4.000       22.000       24.000       13.000        8.000
    15:        5.000       17.000       18.000       14.000       10.000
    20:       19.000        6.000        6.000        6.000        6.000
    25:        6.000        6.000        6.000        6.000        6.000
    30:        6.000        6.000        6.000        6.000        6.000
    35:        6.000        6.000       23.000       23.000       23.000
    40:       23.000        6.000        6.000        6.000        6.000
    45:        6.000        6.000       23.000        6.000        6.000
    50:        6.000        6.000        6.000        6.000        6.000
    55:        6.000        6.000        6.000        6.000        6.000
    60:        6.000        6.000        6.000        6.000        6.000
    65:        6.000        6.000        6.000        6.000        6.000
    70:        6.000        6.000        6.000        6.000        6.000
    75:        6.000        6.000        6.000        6.000       23.000
    80:       23.000       23.000       23.000       23.000       23.000
    85:       23.000        6.000        6.000        6.000        6.000
    90:        6.000        6.000        6.000        6.000        6.000
    95:        6.000        6.000        6.000        2.000        4.000
   100:       22.000       24.000       13.000        8.000        5.000
   105:       17.000        6.000       18.000       14.000       10.000
   110:       19.000        2.000        4.000       22.000       24.000
   115:       13.000        8.000        5.000       17.000       21.000
   120:       22.000       18.000       21.000       22.000       14.000
   125:       10.000       21.000       22.000       19.000        2.000
   130:        4.000       22.000       24.000       13.000        8.000
   135:        5.000       17.000       18.000       14.000       10.000
   140:        6.000       19.000        6.000        6.000        6.000
   145:        6.000        6.000        6.000        6.000        6.000
   150:        6.000        6.000        6.000        6.000        6.000
   155:        6.000        6.000       23.000        6.000        6.000
   160:        6.000        2.000        4.000       22.000       24.000
   165:       13.000        8.000        5.000       17.000       21.000
   170:       22.000       21.000       22.000       18.000       14.000
   175:       10.000       19.000        6.000        6.000        6.000
   180:        6.000        6.000        6.000        6.000        6.000
   185:        2.000        4.000       22.000       24.000       13.000
   190:        8.000        5.000       17.000       21.000       22.000
   195:       18.000       14.000       10.000       21.000       22.000
   200:       19.000        6.000       23.000       23.000       23.000
   205:       23.000       23.000       23.000        6.000        6.000
   210:        6.000        6.000        6.000        6.000        6.000
   215:        6.000        6.000        6.000        6.000        6.000
   220:        6.000        6.000        6.000        6.000        6.000
   225:        6.000        6.000        6.000        6.000        6.000
   230:        6.000        6.000        6.000        6.000        6.000
   235:        6.000        6.000        6.000        6.000        6.000
   240:        6.000        6.000        6.000        6.000        6.000
   245:        6.000        6.000        6.000        6.000        6.000
   250:        6.000        6.000        6.000        6.000        6.000
   255:        6.000        6.000        6.000        6.000        6.000
   260:        6.000        6.000        6.000        6.000        6.000
   265:        6.000        6.000        6.000        6.000        6.000
   270:        6.000        6.000        6.000        6.000        6.000
   275:        6.000        6.000        6.000        6.000        6.000
   280:        6.000        6.000        6.000        6.000        6.000
   285:        6.000        6.000        6.000        6.000        6.000
   290:        6.000        6.000        6.000        6.000        6.000
   295:        6.000        6.000        6.000        6.000        6.000
   300:        6.000        6.000        6.000        6.000        6.000
   305:        6.000        6.000        6.000        6.000        6.000
   310:        6.000        6.000        6.000        6.000        6.000
   315:        6.000        6.000        6.000        6.000        6.000
   320:        6.000        6.000        6.000        6.000        6.000
   325:        6.000        6.000        6.000        6.000        6.000
   330:        6.000        6.000        6.000        6.000        6.000
   335:        6.000        6.000        6.000        6.000        2.000
   340:        4.000       22.000       24.000       13.000        8.000
   345:        5.000       17.000       18.000       14.000       10.000
   350:        6.000       19.000        6.000        6.000        6.000
   355:        6.000        6.000        6.000        6.000        6.000
   360:        6.000        2.000        4.000       22.000       24.000
   365:       13.000        8.000        5.000       17.000       18.000
   370:        6.000       14.000       10.000       19.000        6.000
   375:        6.000        6.000        6.000        6.000        6.000
   380:        6.000        6.000        6.000        6.000        6.000
   385:        6.000        6.000        6.000        6.000        6.000
   390:        6.000        6.000        6.000        6.000        6.000
   395:        6.000        6.000        6.000        6.000        6.000
   400:        6.000        6.000        6.000        6.000        6.000
   405:        6.000        6.000        6.000        6.000        6.000
   410:        6.000        6.000        6.000        6.000        6.000
   415:        6.000        6.000        6.000        6.000        6.000
   420:        6.000        6.000        6.000        6.000        6.000
   425:        6.000        6.000        6.000        6.000        6.000
   430:        6.000        6.000        6.000        6.000        6.000
   435:        6.000        6.000        6.000        6.000        6.000
   440:        6.000        6.000        6.000        6.000        6.000
   445:        6.000        6.000       23.000       23.000        6.000
   450:       23.000        6.000        6.000        6.000        6.000
   455:        6.000        6.000        6.000        6.000        6.000
   460:        6.000        6.000        6.000        6.000        6.000
   465:        6.000        6.000        6.000        6.000        6.000
   470:        6.000        6.000        6.000        6.000        6.000
   475:        6.000        6.000        6.000        6.000        6.000
   480:        6.000        6.000        6.000        6.000        6.000
   485:        6.000       23.000       23.000       23.000        6.000
   490:        6.000        6.000        6.000        6.000        6.000
   495:        6.000        6.000        6.000        6.000        6.000
   500:        6.000        6.000        6.000        6.000        6.000
   505:        6.000        6.000        6.000        2.000        4.000
   510:       22.000       24.000       13.000        8.000        5.000
   515:       17.000        6.000       18.000       14.000       10.000
   520:       19.000        6.000        6.000        6.000        6.000
   525:        6.000        6.000        6.000        6.000        6.000
   530:        6.000        6.000        6.000        6.000        6.000
   535:        6.000        6.000        6.000        6.000        6.000
   540:        6.000        6.000        6.000        6.000        6.000
   545:        6.000        6.000        6.000        6.000        6.000
   550:        6.000        6.000        6.000        6.000        6.000
   555:        6.000        6.000        6.000        6.000        6.000
   560:        6.000        6.000        6.000        6.000        6.000
   565:        6.000        6.000        6.000        6.000        6.000
   570:        6.000        6.000        6.000        6.000        6.000
   575:        6.000        6.000        6.000        6.000        6.000
   580:        6.000        6.000        6.000        6.000        6.000
   585:        6.000        6.000        6.000        6.000        6.000
   590:        6.000        6.000        6.000        6.000        6.000
   595:        6.000       23.000       23.000       23.000       23.000
   600:        6.000        6.000       23.000        6.000        6.000
   605:        6.000      100.000
T:
     0:        0.000        0.000        0.000        0.000       20.720
     5:       22.410       55.480      118.870      150.030      153.670
    10:      153.670      153.670      153.680      153.680      153.680
    15:      153.680      153.680      157.680      158.680      158.680
    20:      163.670      218.200      218.460      218.900      219.010
    25:      219.030      219.080      219.820      220.190      221.460
    30:      222.730      222.820      228.470      228.560      230.210
    35:      230.280      230.330      250.920      252.530      253.850
    40:      259.410      277.780      295.430      335.750      335.760
    45:      336.470      395.350      417.760      437.070      437.130
    50:      466.280      471.990      473.400      474.680      629.340
    55:      631.340      631.490      634.110      635.210      761.470
    60:      765.760      765.820      766.270      766.290      767.780
    65:      773.010      932.290      937.450      937.640      938.140
    70:      939.050      939.350      943.670      944.240      946.060
    75:      947.770      947.850      950.610      983.660      994.400
    80:      995.910      996.190      996.660      999.290     1000.540
    85:     1004.670     1306.450     1306.950     1307.120     1307.170
    90:     1307.700     1310.310     1311.340     1314.940     1315.190
    95:     1320.310     1321.020     1325.920     1419.290     1419.290
   100:     1419.290     1419.300     1419.300     1419.300     1419.300
   105:     1419.300     1422.730     1423.300     1424.300     1424.300
   110:     1429.290     1431.930     1431.930     1431.930     1431.940
   115:     1431.940     1431.940     1431.940     1431.940     1434.330
   120:     1434.330     1435.940     1436.770     1436.770     1436.940
   125:     1436.940     1440.120     1440.120     1441.930     1443.030
   130:     1443.030     1443.030     1443.040     1443.040     1443.040
   135:     1443.040     1443.040     1447.040     1448.040     1448.040
   140:     1449.670     1453.030     1735.670     1736.170     1926.310
   145:     1926.620     1927.570     1931.030     1931.170     1932.400
   150:     1934.590     1934.840     1934.980     1935.030     1944.910
   155:     1948.650     1949.850     2031.410     2565.740     2565.900
   160:     2607.650     2674.130     2674.130     2674.130     2674.140
   165:     2674.140     2674.140     2674.140     2674.140     2676.130
   170:     2676.130     2677.920     2677.920     2678.140     2679.140
   175:     2679.140     2684.130     2693.990     2696.270     2706.910
   180:     2707.620     2767.450     2768.890     2781.560     2864.940
   185:     2871.440     2871.440     2871.440     2871.450     2871.450
   190:     2871.450     2871.450     2871.450     2872.880     2872.880
   195:     2875.450     2876.450     2876.450     2877.720     2877.720
   200:     2881.440     2897.760     3001.820     3017.080     3039.250
   205:     3040.580     3043.680     3047.850     3115.590     3117.570
   210:     3117.850     3119.700     3123.090     3123.230     3125.480
   215:     3128.520     3128.540     3128.630     3128.650     3128.890
   220:     3128.910     3128.980     3129.920     3130.050     3130.490
   225:     3130.660     3131.540     3132.690     3133.910     3134.400
   230:     3134.740     3136.210     3136.260     3136.670     3137.550
   235:     3138.080     3138.130     3138.150     3189.450     3193.750
   240:     3193.840     3193.940     3195.300     3196.100     3198.840
   245:     3204.620     3205.260     3205.590     3206.280     3206.580
   250:     3206.910     3207.860     3208.500     3209.770     3211.710
   255:     3211.940     3212.160     3212.370     3453.860     3454.460
   260:     3454.940     3455.230     3655.620     3656.080     3660.900
   265:     3699.520     3806.020     3806.650     3874.380     3877.000
   270:     3878.500     3882.610     3883.530     3886.770     3892.200
   275:     3897.310     3980.880     3980.940     4005.630     4005.660
   280:     4005.700     4030.330     4039.820     4039.890     4061.850
   285:     4062.840     4080.470     4080.550     4082.190     4243.030
   290:     4431.010     4432.840     4439.330     4439.680     4846.250
   295:     4846.810     4886.800     4887.660     4887.820     4888.040
   300:     4888.250     4917.570     4918.020     4918.190     4964.370
   305:     4965.690     4965.790     4965.800     4966.950     4968.010
   310:     5036.030     5105.320     5180.190     5180.640     5198.810
   315:     5198.960     5199.430     5199.530     5204.070     5676.000
   320:     5977.740     5978.340     5978.390     5979.060     5979.460
   325:     5980.220     5981.390     5982.610     5982.720     5983.950
   330:     5985.400     6048.140     6048.240     6053.600     6055.790
   335:     6057.230     6057.250     6057.310     6264.180     6272.140
   340:     6272.140     6272.140     6272.150     6272.150     6272.150
   345:     6272.150     6272.150     6276.150     6277.150     6277.150
   350:     6277.520     6282.140     6285.490     6286.840     6287.080
   355:     7030.760     7055.010     7063.700     7063.910     7092.900
   360:     7093.060     7111.450     7111.450     7111.450     7111.460
   365:     7111.460     7111.460     7111.460     7111.460     7115.460
   370:     7115.590     7116.460     7116.460     7121.450     7144.480
   375:     7145.680     7150.910     7151.200     7152.740     7154.900
   380:     7154.960     7155.460     7155.560     7157.730     7159.510
   385:     7160.530     7160.660     7193.640     7194.320     7199.730
   390:     7210.160     7210.450     7212.000     7214.340     7249.280
   395:     7249.590     7250.780     7255.790     7257.420     7381.360
   400:     7387.610     7681.780     7783.740     7783.960     7784.490
   405:     7785.090     7787.150     7793.160     7793.400     7793.480
   410:     7793.620     7828.160     7829.920     7842.210     7842.480
   415:     7849.850     7849.990     7853.990     7854.140     7854.300
   420:     7857.440     7898.010     7908.080     7927.130     7927.230
   425:     7927.440     7927.540     7941.150     7941.600     7941.840
   430:     7942.500     8131.600     8148.220     8189.200     8189.710
   435:     8424.000     8439.160     8442.220     8442.320     8443.300
   440:     8445.000     8547.110     8548.110     8614.010     8625.160
   445:     8650.780     8652.430     8684.240     8686.010     8768.830
   450:     8795.130     9128.930     9129.020     9129.160     9129.450
   455:     9136.540     9138.300     9140.400     9171.730     9171.840
   460:     9179.360     9184.890     9185.040     9185.360     9185.800
   465:     9187.680     9187.710     9188.720     9191.620     9191.680
   470:     9202.300     9203.280     9218.290     9220.640     9225.620
   475:     9226.540     9242.130     9248.950     9249.650     9270.260
   480:     9270.280     9271.190     9275.030     9276.140     9276.210
   485:     9276.410     9290.160     9291.560     9296.570     9304.680
   490:     9316.310     9347.370     9347.410     9347.490     9347.860
   495:     9348.010     9358.090     9361.130     9361.320     9378.610
   500:     9378.700     9378.940     9379.020     9379.080     9379.110
   505:     9379.180     9379.200     9379.280     9391.610     9391.610
   510:     9391.610     9391.620     9391.620     9391.620     9391.620
   515:     9391.620     9395.600     9395.620     9396.620     9396.620
   520:     9401.610     9412.040     9412.070     9449.190     9449.340
   525:     9450.070     9451.050     9460.870     9465.930     9469.250
   530:     9469.760     9469.810     9469.840     9470.420     9474.860
   535:     9475.110     9475.180     9475.590     9475.930     9504.180
   540:     9510.180     9512.250     9529.920     9540.540     9540.610
   545:     9540.670     9558.710     9558.920     9559.430     9583.820
   550:     9585.110     9585.430     9585.450     9585.540     9586.000
   555:     9586.080     9586.350     9590.060     9591.200     9592.830
   560:     9615.330     9619.620     9650.090     9738.080     9739.180
   565:     9739.280     9739.380     9741.810     9743.760     9743.810
   570:     9743.870     9743.900     9753.380     9754.030     9768.330
   575:     9768.370     9794.960     9869.180     9870.260     9896.560
   580:     9896.740     9897.540     9899.200    10097.160    10112.150
   585:    10112.350    10113.230    10162.950    10165.550    10310.700
   590:    10430.750    10480.610    10550.160    10550.550    10550.570
   595:    10550.610    10568.790    10572.420    10572.610    10573.150
   600:    10593.290    10596.750    10606.010    10626.310    10626.420
   605:    10626.660    10800.010
