File: C:\MED-PC IV\DATA\!2025-08-19_14h51m.Subject T22



Start Date: 08/19/25
End Date: 08/19/25
Subject: T22
Experiment: OralFentSA
Group: One
Box: 4
Start Time: 14:51:17
End Time: 17:51:26
MSN: Golden_Liq_SelfAdmin_LIT
F:       0.000
G:    1043.000
H:   10800.010
I:       0.000
J:       0.000
K:       0.000
L:       0.000
M:       0.000
N:       0.000
O:       0.000
P:       0.000
Q:       0.000
R:       0.000
S:       0.000
U:       0.000
V:       0.000
W:       0.000
X:       0.000
Y:       0.000
Z:       0.000
A:
     0:        0.000        0.000      180.000        4.000        0.000
     5:        5.000        0.000        5.000        0.000        0.000
    10:        1.000        0.000       10.000     1200.000       20.000
    15:        2.000      320.000        0.000        0.000        0.000
    20:        0.000
B:
     0:        0.000        0.000        0.000      400.000        0.000
     5:      500.000        0.000      500.000        0.000        0.000
    10:        0.000        0.000     1000.000   120000.000        0.000
    15:        0.000        0.000        0.000        0.000        0.000
    20:        0.000
C:
     0:       15.000       15.000        0.000        0.000      891.000
     5:     9766.370        0.830       14.000      576.700       41.193
    10:        0.000        0.000       15.000        0.000        0.000
    15:        0.000        0.000        0.000        0.000        0.000
    20:        0.000
D:
     0:        7.090        4.040       71.830       73.990      153.430
     5:        1.890       68.470        6.420        0.680        1.070
    10:      180.710        2.780        3.470        0.830
E:
     0:       19.000       11.000       26.000       27.000        6.000
     5:        6.000        6.000        6.000        6.000        6.000
    10:        6.000        6.000        6.000        6.000        6.000
    15:        6.000        6.000        6.000        6.000        6.000
    20:        6.000        6.000        6.000        6.000        6.000
    25:        6.000        6.000        6.000        6.000        6.000
    30:        6.000        6.000        6.000        6.000        6.000
    35:        6.000        6.000        6.000        6.000        6.000
    40:        6.000        6.000        6.000        6.000        6.000
    45:        6.000        6.000        6.000        6.000        6.000
    50:        6.000        6.000        6.000        6.000        6.000
    55:        6.000        6.000        6.000        6.000        6.000
    60:        6.000        6.000        6.000        6.000        6.000
    65:        6.000        6.000        6.000        6.000        6.000
    70:        6.000        6.000        6.000        6.000        6.000
    75:        6.000        6.000        6.000        6.000        6.000
    80:        6.000        6.000        6.000        6.000        6.000
    85:        6.000        6.000       25.000       24.000       13.000
    90:        8.000        5.000       17.000       18.000       14.000
    95:       10.000        6.000       19.000        6.000        6.000
   100:        6.000        6.000        6.000        6.000        6.000
   105:        6.000        6.000        6.000        6.000        6.000
   110:        6.000        6.000        6.000        6.000        6.000
   115:        6.000        6.000        6.000        6.000        6.000
   120:        6.000        6.000        6.000        6.000        6.000
   125:        6.000        6.000        6.000        6.000        6.000
   130:        6.000        6.000        6.000        6.000        6.000
   135:        6.000        6.000        6.000        6.000        6.000
   140:        6.000        6.000        6.000        6.000        6.000
   145:        6.000        6.000        6.000        6.000        6.000
   150:        6.000        6.000        6.000        6.000        6.000
   155:        6.000        6.000        6.000        6.000        6.000
   160:        6.000        6.000        6.000        6.000        6.000
   165:        6.000        6.000        6.000        6.000        6.000
   170:        6.000        6.000        6.000        6.000        6.000
   175:        6.000        6.000        6.000        6.000        6.000
   180:        6.000        6.000        6.000        6.000        6.000
   185:        6.000        6.000        6.000        6.000        6.000
   190:        6.000        6.000        6.000        6.000        6.000
   195:        6.000        6.000        6.000        6.000        6.000
   200:        6.000        6.000        6.000        6.000        6.000
   205:        6.000        6.000        6.000        6.000        6.000
   210:        6.000        6.000        6.000        6.000        6.000
   215:        6.000        6.000        6.000        6.000        6.000
   220:        6.000        6.000        6.000        6.000        6.000
   225:        6.000        6.000        6.000        6.000        6.000
   230:        6.000        6.000        6.000        6.000        6.000
   235:        6.000        6.000        6.000        6.000        6.000
   240:        6.000        6.000        6.000        6.000        6.000
   245:        6.000        6.000        6.000        6.000        6.000
   250:       25.000       24.000       13.000        8.000        5.000
   255:       17.000       18.000        6.000        6.000       14.000
   260:       10.000       19.000        6.000        6.000        6.000
   265:        6.000        6.000        6.000        6.000        6.000
   270:        6.000        6.000        6.000        6.000        6.000
   275:        6.000        6.000        6.000        6.000        6.000
   280:        6.000        6.000        6.000        6.000        6.000
   285:        6.000        6.000        6.000        6.000        6.000
   290:        6.000        6.000        6.000        6.000        6.000
   295:        6.000        6.000        6.000        6.000        6.000
   300:        6.000        6.000        6.000        6.000        6.000
   305:        6.000        6.000        6.000        6.000        6.000
   310:        6.000        6.000        6.000        6.000        6.000
   315:        6.000        6.000        6.000        6.000        6.000
   320:        6.000        6.000        6.000        6.000        6.000
   325:        6.000        6.000        6.000        6.000        6.000
   330:       25.000       24.000       13.000        8.000        5.000
   335:       17.000       18.000       14.000       10.000       19.000
   340:        6.000        6.000        6.000        6.000        6.000
   345:        6.000        6.000        6.000        6.000        6.000
   350:        6.000        6.000        6.000        6.000        6.000
   355:        6.000        6.000        6.000        6.000        6.000
   360:        6.000        6.000        6.000        6.000        6.000
   365:        6.000        6.000        6.000        6.000        6.000
   370:        6.000        6.000        6.000        6.000        6.000
   375:        6.000        6.000        6.000        6.000        6.000
   380:        6.000        6.000        6.000        6.000        6.000
   385:        6.000        6.000        6.000        6.000        6.000
   390:        6.000        6.000        6.000        6.000        6.000
   395:        6.000        6.000        6.000        6.000        6.000
   400:        6.000        6.000        6.000        6.000        6.000
   405:        6.000        6.000        6.000        6.000        6.000
   410:        6.000        6.000        6.000        6.000        6.000
   415:        6.000        6.000        6.000        6.000        6.000
   420:        6.000        6.000        6.000        6.000        6.000
   425:        6.000        6.000        6.000        6.000        6.000
   430:        6.000        6.000        6.000        6.000        6.000
   435:        6.000        6.000        6.000        6.000        6.000
   440:        6.000        6.000        6.000        6.000        6.000
   445:        6.000        6.000        6.000        6.000        6.000
   450:        6.000        6.000        6.000        6.000        6.000
   455:        6.000        6.000        6.000        6.000        6.000
   460:        6.000        6.000        6.000        6.000        6.000
   465:        6.000        6.000        6.000        6.000        6.000
   470:        6.000        6.000        6.000        6.000        6.000
   475:        6.000        6.000        6.000        6.000        6.000
   480:        6.000        6.000        6.000        6.000       25.000
   485:       24.000       13.000        8.000        5.000       17.000
   490:       18.000       14.000       10.000       19.000        6.000
   495:        6.000        6.000        6.000        6.000        6.000
   500:        6.000        6.000        6.000        6.000        6.000
   505:        6.000        6.000        6.000        6.000        6.000
   510:        6.000        6.000        6.000        6.000        6.000
   515:        6.000        6.000        6.000        6.000        6.000
   520:        6.000        6.000        6.000        6.000        6.000
   525:        6.000        6.000        6.000        6.000        6.000
   530:        6.000        6.000        6.000        6.000        6.000
   535:        6.000        6.000        6.000        6.000        6.000
   540:        6.000        6.000        6.000        6.000        6.000
   545:        6.000        6.000        6.000        6.000        6.000
   550:        6.000        6.000        6.000        6.000        6.000
   555:        6.000        6.000        6.000        6.000        6.000
   560:        6.000        6.000        6.000        6.000        6.000
   565:        6.000        6.000        6.000        6.000        6.000
   570:        6.000        6.000        6.000       25.000       24.000
   575:       13.000        8.000        5.000       17.000       18.000
   580:       14.000       10.000       19.000        6.000        6.000
   585:        6.000        6.000        6.000        6.000        6.000
   590:        6.000        6.000        6.000        6.000        6.000
   595:        6.000        6.000        6.000        6.000        6.000
   600:        6.000        6.000        6.000        6.000        6.000
   605:        6.000        6.000        6.000        6.000        6.000
   610:        6.000        6.000        6.000        6.000        6.000
   615:        6.000        6.000        6.000        6.000        6.000
   620:        6.000        6.000        6.000        6.000        6.000
   625:        6.000        6.000        6.000        6.000        6.000
   630:        6.000        6.000        6.000        6.000        6.000
   635:        6.000        6.000        6.000        6.000        6.000
   640:        6.000        6.000        6.000        6.000        6.000
   645:        6.000        6.000        6.000        6.000        6.000
   650:        6.000        6.000        6.000        6.000        6.000
   655:        6.000        6.000        6.000        6.000        6.000
   660:        6.000        6.000        6.000        6.000        6.000
   665:        6.000        6.000        6.000        6.000        6.000
   670:        6.000        6.000        6.000        6.000        6.000
   675:        6.000        6.000        6.000        6.000        6.000
   680:        6.000        6.000        6.000        6.000        6.000
   685:        6.000        6.000        6.000        6.000        6.000
   690:        6.000        6.000        6.000        6.000        6.000
   695:        6.000        6.000        6.000        6.000        6.000
   700:        6.000        6.000        6.000        6.000        6.000
   705:        6.000        6.000        6.000        6.000        6.000
   710:        6.000        6.000        6.000        6.000        6.000
   715:        6.000        6.000        6.000        6.000        6.000
   720:        6.000        6.000        6.000        6.000        6.000
   725:        6.000        6.000        6.000        6.000        6.000
   730:        6.000        6.000        6.000       25.000       24.000
   735:       13.000        8.000        5.000       17.000        6.000
   740:        6.000        6.000        6.000        6.000       18.000
   745:       14.000       10.000        6.000        6.000        6.000
   750:        6.000        6.000        6.000        6.000        6.000
   755:        6.000       19.000        6.000        6.000        6.000
   760:        6.000        6.000        6.000        6.000        6.000
   765:        6.000        6.000        6.000        6.000        6.000
   770:        6.000        6.000        6.000        6.000        6.000
   775:        6.000        6.000        6.000        6.000        6.000
   780:        6.000        6.000        6.000        6.000        6.000
   785:        6.000        6.000        6.000        6.000        6.000
   790:        6.000        6.000        6.000        6.000        6.000
   795:        6.000        6.000        6.000        6.000        6.000
   800:        6.000        6.000        6.000        6.000        6.000
   805:        6.000        6.000        6.000        6.000        6.000
   810:        6.000        6.000        6.000        6.000        6.000
   815:        6.000        6.000        6.000        6.000        6.000
   820:        6.000        6.000        6.000        6.000        6.000
   825:        6.000        6.000        6.000        6.000        6.000
   830:        6.000        6.000        6.000        6.000        6.000
   835:        6.000        6.000        6.000        6.000       25.000
   840:       24.000       13.000        8.000        5.000       17.000
   845:       18.000       14.000       10.000       19.000        6.000
   850:        6.000        6.000        6.000        6.000        6.000
   855:        6.000        6.000        6.000        6.000        6.000
   860:        6.000        6.000        6.000        6.000        6.000
   865:        6.000        6.000        6.000        6.000        6.000
   870:        6.000        6.000        6.000        6.000        6.000
   875:        6.000        6.000        6.000       30.000       24.000
   880:       13.000        8.000        5.000       17.000       18.000
   885:       14.000       10.000        6.000        6.000        6.000
   890:        6.000       19.000       30.000       24.000       13.000
   895:        8.000        5.000       17.000        6.000       18.000
   900:       14.000       10.000       19.000        6.000        6.000
   905:        6.000        6.000        6.000        6.000        6.000
   910:        6.000        6.000        6.000        6.000        6.000
   915:       30.000       24.000       13.000        8.000        5.000
   920:       17.000        6.000       18.000       14.000       10.000
   925:       19.000        6.000       30.000       24.000       13.000
   930:        8.000        5.000       17.000       18.000       14.000
   935:       10.000       19.000        6.000        6.000       25.000
   940:       24.000       13.000        8.000        5.000       17.000
   945:       18.000       14.000       10.000       19.000       30.000
   950:       24.000       13.000        8.000        5.000       17.000
   955:        6.000        6.000        6.000       18.000        6.000
   960:        6.000        6.000        6.000       14.000       10.000
   965:        6.000        6.000       19.000        6.000        6.000
   970:       30.000       24.000       13.000        8.000        5.000
   975:       17.000        6.000       18.000        6.000       14.000
   980:       10.000        6.000        6.000        6.000        6.000
   985:       30.000       13.000        8.000        5.000       17.000
   990:       19.000        6.000       18.000        6.000        6.000
   995:       14.000       10.000        6.000        6.000        6.000
  1000:        6.000        6.000        6.000        6.000        6.000
  1005:        6.000        6.000        6.000        6.000        6.000
  1010:        6.000        6.000        6.000        6.000        6.000
  1015:        6.000        6.000        6.000        6.000        6.000
  1020:        6.000        6.000        6.000        6.000        6.000
  1025:        6.000        6.000        6.000        6.000        6.000
  1030:        6.000        6.000        6.000        6.000        6.000
  1035:        6.000        6.000        6.000        6.000        6.000
  1040:        6.000        6.000        6.000      100.000
T:
     0:        0.000        0.000        0.000        0.000       34.380
     5:       34.490       34.970       36.120       36.520       36.620
    10:       36.790       69.680       70.850       76.960       98.580
    15:       98.840      110.110      110.270      110.650      128.780
    20:      202.620      235.160      239.230      301.190      301.500
    25:      354.960      355.000      358.220      359.200      359.740
    30:      359.780      409.560      429.390      429.940      687.640
    35:      689.140      689.910      690.090      690.140      692.100
    40:      692.330      695.200      695.350      695.370      695.760
    45:      695.890      697.570      698.370      708.800      712.230
    50:      715.990      716.670      716.730      717.190      717.520
    55:      719.160      719.700      720.060      722.210      722.720
    60:      724.000      728.970      730.630      731.970      777.810
    65:      787.280      787.430      787.870      788.220      796.900
    70:      797.040      797.890      797.930      798.500      798.740
    75:      828.130      842.140      842.330      842.640      886.280
    80:      886.500      897.070      898.310      898.610      898.640
    85:      898.740      898.880     1199.990     1200.000     1200.000
    90:     1200.000     1200.000     1200.000     1204.000     1205.000
    95:     1205.000     1207.090     1209.990     1210.290     1211.930
   100:     1218.500     1221.740     1227.040     1314.010     1315.060
   105:     1315.440     1324.160     1343.860     1344.020     1349.240
   110:     1355.480     1355.960     1361.530     1361.770     1573.590
   115:     1601.800     1602.020     1621.900     1633.630     1643.330
   120:     1644.460     1645.260     1660.650     1661.340     1661.500
   125:     1684.330     1684.440     1685.000     1717.080     1717.770
   130:     1718.210     1718.520     1730.300     1730.630     1730.760
   135:     1731.220     1731.780     1735.380     1738.360     1738.410
   140:     1738.670     1835.330     1842.170     1842.210     1842.230
   145:     1852.800     1856.150     1856.230     1863.000     1863.100
   150:     2077.070     2078.710     2079.540     2081.250     2081.880
   155:     2083.250     2083.610     2083.670     2084.070     2084.700
   160:     2084.870     2085.090     2085.550     2086.410     2086.670
   165:     2086.890     2088.400     2089.700     2089.720     2090.570
   170:     2090.650     2091.730     2095.110     2095.280     2095.480
   175:     2096.050     2096.130     2097.020     2097.040     2097.540
   180:     2098.370     2098.490     2098.610     2099.420     2099.780
   185:     2100.200     2100.700     2100.760     2100.830     2101.250
   190:     2101.890     2101.910     2103.110     2103.320     2104.180
   195:     2109.940     2134.680     2156.690     2157.060     2209.080
   200:     2209.840     2221.720     2221.940     2224.770     2225.020
   205:     2225.120     2225.190     2225.640     2225.690     2225.770
   210:     2226.540     2226.670     2226.910     2228.880     2229.730
   215:     2230.600     2232.540     2329.180     2329.840     2338.340
   220:     2338.790     2339.000     2339.070     2339.310     2339.690
   225:     2340.070     2340.930     2342.630     2344.910     2344.970
   230:     2360.520     2361.460     2361.560     2361.720     2363.110
   235:     2363.320     2364.400     2364.720     2365.300     2365.370
   240:     2366.410     2366.880     2372.210     2372.730     2372.890
   245:     2372.960     2373.330     2373.860     2382.730     2391.260
   250:     2409.990     2410.000     2410.000     2410.000     2410.000
   255:     2410.000     2414.000     2414.040     2414.600     2415.000
   260:     2415.000     2419.990     2442.650     2445.760     2448.580
   265:     2475.060     2475.260     2475.370     2475.930     2555.990
   270:     2556.370     2561.140     2587.590     2587.690     2587.840
   275:     2587.900     2588.500     2590.030     2590.580     2817.770
   280:     3177.620     3177.830     3253.580     3257.100     3257.880
   285:     3277.410     3278.210     3336.530     3338.560     3338.630
   290:     3349.830     3351.240     3351.770     3401.750     3402.050
   295:     3402.490     3404.660     3404.840     3416.220     3416.730
   300:     3416.760     3461.620     3461.820     3462.450     3503.840
   305:     3504.190     3519.490     3519.720     3519.990     3520.710
   310:     3578.420     3592.880     3593.010     3593.210     3605.530
   315:     3605.970     3607.330     3607.720     3607.920     3609.170
   320:     3609.240     3609.320     3610.200     3610.240     3610.270
   325:     3612.100     3612.150     3612.810     3612.850     3615.370
   330:     3619.990     3620.000     3620.000     3620.000     3620.000
   335:     3620.000     3624.000     3625.000     3625.000     3629.990
   340:     3691.830     3692.010     3753.460     3753.480     3753.600
   345:     3754.810     3755.650     3775.440     3777.360     3780.180
   350:     3781.230     3781.360     3782.340     3782.390     3783.060
   355:     3783.160     3783.180     3783.550     3783.600     3783.700
   360:     3785.360     3785.710     3786.310     3786.360     3786.630
   365:     3786.750     3786.810     3786.970     3787.050     3787.620
   370:     3788.590     3789.150     3789.180     3789.680     3790.680
   375:     3792.230     3792.690     3792.940     3793.030     3793.380
   380:     3794.460     3794.520     3795.700     3796.600     3797.230
   385:     3797.800     3798.780     3798.950     3799.070     3800.170
   390:     3800.390     3800.490     3800.730     3801.690     3802.500
   395:     3803.560     3804.690     3806.080     3806.200     3806.530
   400:     3806.840     3808.030     3809.320     3817.670     3818.850
   405:     3818.940     3818.990     3819.150     3819.240     3820.350
   410:     3821.930     3822.350     3822.800     3823.950     3824.110
   415:     3824.950     3825.020     3825.120     3825.170     3825.220
   420:     3825.230     3825.280     3825.450     3825.840     3831.440
   425:     3833.320     3834.700     3835.670     3836.380     3836.650
   430:     3836.760     3840.050     3840.280     3841.110     3841.360
   435:     3843.750     3845.400     3847.200     3847.260     3848.280
   440:     3848.300     3850.880     3851.560     3851.710     3852.920
   445:     3865.040     3865.130     3867.100     3867.430     3869.440
   450:     3870.020     3870.140     3870.210     3870.720     3872.870
   455:     3875.140     3875.440     3876.750     3877.650     3878.300
   460:     3879.270     3880.140     3907.570     3907.750     3908.340
   465:     3909.280     3932.660     3932.850     4019.210     4019.360
   470:     4019.520     4020.720     4021.130     4021.190     4332.500
   475:     4411.960     4412.010     4414.470     4414.810     4415.930
   480:     4781.620     4782.070     4782.670     4782.770     4829.990
   485:     4830.000     4830.000     4830.000     4830.000     4830.000
   490:     4834.000     4835.000     4835.000     4839.990     4903.990
   495:     4904.230     4928.310     4930.650     4953.460     4953.690
   500:     5086.750     5087.000     5110.740     5111.280     5196.470
   505:     5197.860     5197.870     5198.040     5198.180     5198.970
   510:     5270.450     5270.590     5270.670     5270.830     5314.170
   515:     5315.790     5315.800     5395.400     5397.410     5433.680
   520:     5436.690     5440.820     5440.910     5441.430     5444.660
   525:     5469.220     5469.570     5469.610     5471.590     5473.820
   530:     5481.100     5482.800     5488.460     5488.630     5488.970
   535:     5510.250     5512.190     5520.670     5522.120     5524.390
   540:     5524.420     5524.530     5524.830     5524.950     5525.080
   545:     5525.180     5525.270     5525.300     5543.150     5545.760
   550:     5546.600     5546.740     5546.750     5548.480     5548.710
   555:     5549.240     5549.730     5551.560     5551.600     5551.870
   560:     5552.280     5552.440     5555.040     5560.640     5560.850
   565:     5561.290     5562.450     5562.490     5563.050     5563.350
   570:     5563.450     5564.100     5922.860     6039.990     6040.000
   575:     6040.000     6040.000     6040.000     6040.000     6044.000
   580:     6045.000     6045.000     6049.990     6193.430     6196.120
   585:     6203.040     6206.670     6239.620     6366.870     6366.900
   590:     6403.730     6450.420     6450.610     6507.190     6516.590
   595:     6578.670     6578.780     6648.950     6653.800     6654.470
   600:     6655.830     6752.370     6773.470     6775.640     6776.130
   605:     6776.560     6776.680     6777.010     6777.780     6788.690
   610:     6790.440     6847.490     6873.760     6887.190     6887.720
   615:     6888.020     6888.050     6888.800     6893.060     6898.610
   620:     6899.010     6899.110     6901.700     6901.900     6913.150
   625:     6924.220     6944.300     6944.490     6945.540     6984.130
   630:     6990.400     6990.880     6991.650     7004.370     7004.820
   635:     7005.260     7005.750     7005.990     7006.640     7007.440
   640:     7007.650     7007.720     7008.590     7010.060     7010.150
   645:     7012.530     7013.320     7013.500     7014.370     7014.990
   650:     7016.290     7016.880     7018.400     7018.460     7019.010
   655:     7019.040     7019.060     7020.870     7021.090     7022.290
   660:     7022.840     7023.050     7023.770     7023.800     7023.840
   665:     7024.290     7025.010     7025.400     7025.440     7027.330
   670:     7031.930     7032.960     7034.360     7034.800     7035.440
   675:     7035.460     7053.560     7054.760     7060.640     7060.860
   680:     7060.930     7061.040     7061.110     7061.810     7062.770
   685:     7063.360     7065.230     7065.510     7066.630     7067.420
   690:     7068.050     7068.100     7069.270     7069.460     7070.250
   695:     7071.300     7072.170     7072.860     7072.980     7073.150
   700:     7076.070     7077.580     7077.870     7077.940     7077.980
   705:     7078.330     7206.720     7211.590     7211.970     7212.000
   710:     7212.610     7212.660     7212.710     7212.740     7213.290
   715:     7213.530     7213.750     7214.090     7214.930     7215.180
   720:     7216.180     7216.380     7227.460     7229.860     7229.910
   725:     7230.150     7231.120     7232.140     7232.330     7233.600
   730:     7234.680     7235.340     7235.660     7249.990     7250.000
   735:     7250.000     7250.000     7250.000     7250.000     7251.890
   740:     7253.140     7253.220     7253.320     7253.690     7254.000
   745:     7255.000     7255.000     7255.380     7255.710     7255.970
   750:     7256.330     7257.580     7257.630     7257.640     7257.800
   755:     7257.850     7259.990     7261.300     7261.430     7264.630
   760:     7266.310     7268.890     7270.250     7341.360     7341.700
   765:     7342.040     7342.920     7348.990     7349.190     7377.340
   770:     7377.380     7377.730     7378.460     7391.280     7392.450
   775:     7392.850     7442.240     7446.630     7447.960     7448.060
   780:     7472.420     7472.610     7472.860     7474.310     7537.200
   785:     7538.070     7538.160     7538.230     7538.890     7539.050
   790:     7990.880     8005.190     8007.170     8007.510     8008.160
   795:     8008.320     8025.470     8027.860     8028.310     8030.460
   800:     8030.480     8030.950     8031.050     8071.740     8074.340
   805:     8074.750     8085.040     8085.420     8089.360     8091.150
   810:     8094.280     8096.770     8108.650     8109.540     8135.850
   815:     8135.880     8135.950     8136.030     8136.100     8136.120
   820:     8136.160     8136.230     8136.330     8136.360     8136.760
   825:     8137.180     8137.190     8137.530     8156.090     8156.780
   830:     8176.330     8205.640     8242.320     8307.100     8428.350
   835:     8428.700     8457.130     8457.530     8458.090     8459.990
   840:     8460.000     8460.000     8460.000     8460.000     8460.000
   845:     8464.000     8465.000     8465.000     8469.990     8528.470
   850:     8531.100     8532.710     8581.230     8625.450     8666.270
   855:     8671.070     8680.040     8680.280     8707.100     8715.920
   860:     8715.990     8730.350     8730.510     8733.140     8734.390
   865:     8737.120     8751.350     8752.400     8754.880     8755.970
   870:     8756.380     8763.730     8765.800     8765.890     8766.000
   875:     8766.060     8766.110     8766.450     8771.040     8771.040
   880:     8771.040     8771.040     8771.040     8771.040     8775.040
   885:     8776.040     8776.040     8777.460     8777.610     8779.550
   890:     8779.970     8781.030     8883.150     8883.150     8883.150
   895:     8883.150     8883.150     8883.150     8883.830     8887.150
   900:     8888.150     8888.150     8893.140     8967.380     8977.830
   905:     8981.350     9004.480     9007.830     9025.640     9026.720
   910:     9086.900     9094.480     9094.710     9095.130     9204.060
   915:     9204.250     9204.250     9204.250     9204.250     9204.250
   920:     9204.250     9205.320     9208.250     9209.250     9209.250
   925:     9214.240     9272.630     9462.570     9462.570     9462.570
   930:     9462.570     9462.570     9462.570     9466.570     9467.570
   935:     9467.570     9472.560     9643.280     9643.370     9669.990
   940:     9670.000     9670.000     9670.000     9670.000     9670.000
   945:     9674.000     9675.000     9675.000     9679.990     9693.060
   950:     9693.060     9693.060     9693.060     9693.060     9693.060
   955:     9695.840     9696.040     9696.180     9697.060     9697.090
   960:     9697.660     9697.750     9697.870     9698.060     9698.060
   965:     9699.920     9700.190     9703.050     9703.500     9706.120
   970:     9756.440     9756.440     9756.440     9756.440     9756.440
   975:     9756.440     9759.910     9760.440     9760.590     9761.440
   980:     9761.440     9762.520     9762.850     9763.140     9763.200
   985:     9766.370     9766.370     9766.370     9766.370     9766.370
   990:     9766.430     9767.200     9770.370     9771.070     9771.160
   995:     9771.370     9771.370     9772.380     9790.370     9793.430
  1000:     9793.560     9793.660     9794.520     9807.860     9807.900
  1005:     9807.950     9808.170     9808.200     9811.450     9851.170
  1010:     9863.100     9863.150     9887.960     9892.790     9909.290
  1015:     9909.420     9909.690     9919.480     9919.720     9920.150
  1020:     9920.430     9925.780    10134.450    10138.840    10171.900
  1025:    10173.140    10179.160    10179.700    10180.050    10192.140
  1030:    10192.730    10244.500    10244.580    10258.730    10263.340
  1035:    10319.270    10320.600    10394.540    10434.430    10548.670
  1040:    10604.080    10729.170    10737.380    10800.010
