File: C:\MED-PC IV\DATA\!2025-08-25_17h28m.Subject T23



Start Date: 08/25/25
End Date: 08/25/25
Subject: T23
Experiment: OralFentSA
Group: One
Box: 5
Start Time: 17:28:16
End Time: 20:28:39
MSN: Golden_Liq_SelfAdmin_LIT
F:       0.000
G:    1833.000
H:   10800.010
I:       0.000
J:       0.000
K:       0.000
L:       0.000
M:       0.000
N:       0.000
O:       0.000
P:       0.000
Q:       0.000
R:       0.000
S:       0.000
U:       0.000
V:       0.000
W:       0.000
X:       0.000
Y:       0.000
Z:       0.000
A:
     0:        0.000        0.000      180.000        4.000        0.000
     5:        5.000        0.000        5.000        0.000        0.000
    10:        1.000        0.000       10.000 30000000.000       20.000
    15:        6.000      320.000        0.000        0.000        0.000
    20:        0.000
B:
     0:        0.000        0.000        0.000      400.000        0.000
     5:      500.000        0.000      500.000        0.000        0.000
    10:        0.000        0.000     1000.000 3000000000.0        0.000
    15:        0.000        0.000        0.000        0.000        0.000
    20:        0.000
C:
     0:        8.000        9.000        0.000        8.000     1678.000
     5:     9137.670        3.190        8.000      134.400       16.800
    10:        8.000       55.000        0.000        0.000        0.000
    15:        0.000        0.000        0.000        0.000        0.000
    20:        0.000
D:
     0:       90.650        1.340        3.340        1.220        6.840
     5:       21.850        5.970        3.190
E:
     0:       19.000       11.000       26.000       27.000        6.000
     5:        6.000        6.000        6.000        6.000        6.000
    10:        6.000        6.000        6.000        6.000        6.000
    15:        6.000        6.000        6.000        6.000        6.000
    20:        6.000        6.000        6.000        6.000        6.000
    25:        6.000        6.000        6.000        6.000        6.000
    30:        6.000        6.000        6.000        6.000        6.000
    35:        6.000        6.000        6.000        6.000        6.000
    40:        6.000        6.000        6.000        6.000        6.000
    45:        6.000        6.000        6.000        6.000        6.000
    50:        6.000       23.000        6.000        6.000        6.000
    55:        2.000        4.000       22.000       24.000       13.000
    60:        8.000        5.000       17.000       18.000       14.000
    65:       10.000       19.000       23.000        6.000        6.000
    70:        6.000        6.000        6.000        6.000        6.000
    75:        6.000        6.000        6.000        6.000        6.000
    80:        6.000        6.000        6.000        6.000        6.000
    85:        6.000        6.000        6.000        6.000        6.000
    90:        6.000        6.000        6.000        6.000        6.000
    95:        6.000        6.000        6.000        6.000        6.000
   100:        6.000        6.000        6.000        6.000        6.000
   105:        6.000        6.000        6.000        6.000        6.000
   110:        6.000        6.000        6.000        6.000        6.000
   115:        6.000        6.000        6.000        6.000        6.000
   120:        6.000        6.000       23.000        6.000        6.000
   125:        6.000        6.000        6.000        6.000       23.000
   130:        6.000        6.000        6.000        6.000        6.000
   135:        6.000        6.000        2.000        4.000       22.000
   140:       24.000       13.000        8.000        5.000       17.000
   145:        6.000        6.000        6.000       18.000        6.000
   150:        6.000       14.000       10.000        6.000        6.000
   155:       19.000        6.000        6.000        6.000        6.000
   160:        6.000        6.000        6.000        6.000        6.000
   165:        6.000        6.000        6.000        6.000        6.000
   170:        6.000        6.000        6.000        6.000        6.000
   175:        6.000        6.000        6.000        6.000        6.000
   180:        6.000        6.000        6.000        6.000        6.000
   185:        6.000        6.000        6.000        6.000        6.000
   190:        6.000        6.000        6.000        6.000        6.000
   195:        6.000        6.000        6.000        6.000        6.000
   200:        6.000        6.000        6.000        6.000        6.000
   205:        6.000        6.000        6.000        6.000        6.000
   210:        6.000        6.000        6.000        6.000        6.000
   215:        6.000        6.000        6.000        6.000        6.000
   220:        6.000        6.000        6.000        6.000        6.000
   225:        6.000        6.000        6.000        6.000        6.000
   230:        6.000        6.000        6.000        6.000        6.000
   235:        6.000        6.000        6.000        6.000        6.000
   240:        6.000        6.000        6.000        6.000        6.000
   245:        6.000        6.000        6.000        6.000        6.000
   250:        6.000        6.000        6.000        6.000        6.000
   255:        6.000        6.000        6.000        6.000        6.000
   260:        6.000        6.000        6.000        6.000        6.000
   265:        6.000        6.000        6.000        6.000        6.000
   270:        6.000        6.000        6.000        6.000        6.000
   275:        6.000        6.000        6.000        6.000       23.000
   280:        6.000        6.000        6.000        6.000        6.000
   285:        6.000        6.000        6.000        6.000        6.000
   290:        6.000        6.000        6.000        6.000        6.000
   295:        6.000        6.000        6.000        6.000        6.000
   300:        6.000        6.000        6.000        6.000        6.000
   305:        6.000        6.000        6.000        6.000        6.000
   310:        6.000        6.000        6.000        6.000        6.000
   315:        6.000        6.000        6.000        6.000        6.000
   320:        6.000        6.000        6.000        6.000        6.000
   325:        6.000        6.000        6.000        6.000        6.000
   330:        6.000        6.000        6.000        6.000        6.000
   335:        6.000        6.000        6.000        6.000        6.000
   340:        6.000        6.000        6.000        6.000        6.000
   345:        6.000        6.000        6.000        6.000        6.000
   350:        6.000        6.000        6.000        6.000        6.000
   355:        6.000        6.000        6.000        6.000        6.000
   360:        6.000        6.000        6.000        6.000        6.000
   365:        6.000        6.000        6.000        6.000        6.000
   370:        6.000        6.000       23.000        6.000        6.000
   375:        6.000        6.000        6.000        6.000        6.000
   380:        6.000        6.000        6.000        6.000        6.000
   385:        6.000        6.000        6.000        6.000        6.000
   390:        6.000        6.000        6.000        6.000        6.000
   395:        6.000        6.000        6.000        6.000        6.000
   400:        6.000        6.000        6.000        6.000        6.000
   405:        6.000        6.000        6.000        6.000        6.000
   410:        6.000        6.000        6.000        6.000        6.000
   415:        6.000        6.000        6.000        6.000        6.000
   420:        6.000        6.000        6.000        6.000        6.000
   425:        6.000        6.000        6.000        6.000        6.000
   430:        6.000        6.000        6.000       23.000        6.000
   435:        6.000        6.000        6.000        6.000        6.000
   440:        6.000        6.000        6.000        6.000        6.000
   445:        6.000        6.000        6.000        6.000        6.000
   450:        6.000        6.000        6.000        6.000        6.000
   455:        6.000        6.000        6.000        6.000        6.000
   460:        6.000        6.000        6.000        6.000        6.000
   465:        6.000        6.000        6.000        6.000        6.000
   470:        6.000        6.000        6.000        6.000        6.000
   475:        6.000        6.000        6.000        6.000        6.000
   480:        6.000        6.000        6.000        6.000        6.000
   485:        6.000        6.000        6.000        6.000        6.000
   490:        6.000        6.000        6.000        6.000        6.000
   495:        6.000        6.000        6.000        6.000        6.000
   500:        6.000        6.000        6.000        6.000        6.000
   505:        6.000        6.000        6.000        6.000        6.000
   510:        6.000       23.000        6.000        6.000        6.000
   515:        6.000        6.000        6.000        6.000        6.000
   520:        6.000        6.000        6.000        6.000        6.000
   525:        6.000        6.000        6.000        6.000        6.000
   530:        6.000        6.000        6.000        6.000        6.000
   535:        6.000        6.000        6.000        6.000        6.000
   540:        6.000        6.000        6.000        6.000        6.000
   545:        6.000        6.000        6.000        6.000        6.000
   550:        6.000        6.000        6.000        6.000        6.000
   555:        6.000        6.000        6.000        6.000       23.000
   560:        6.000        6.000        6.000        6.000        6.000
   565:        6.000        6.000        6.000        6.000        6.000
   570:        6.000        6.000        6.000        6.000        6.000
   575:        6.000        6.000        6.000        6.000        6.000
   580:        6.000        6.000        6.000        6.000       23.000
   585:        6.000        6.000        6.000        6.000        6.000
   590:        6.000        6.000        6.000        6.000        6.000
   595:        6.000        6.000        6.000        6.000        6.000
   600:        6.000        6.000        6.000        6.000        6.000
   605:        6.000        6.000        6.000        6.000        6.000
   610:        6.000        6.000        6.000        6.000        6.000
   615:        6.000        6.000        6.000        6.000       23.000
   620:       23.000        6.000        6.000        6.000        6.000
   625:        6.000        6.000        6.000        6.000        6.000
   630:        6.000        6.000        6.000        6.000        6.000
   635:        6.000        6.000        6.000        6.000        6.000
   640:        6.000        6.000        6.000        6.000        6.000
   645:        6.000        6.000        6.000        6.000        6.000
   650:        6.000        6.000        6.000        6.000        6.000
   655:        6.000        6.000        6.000        6.000        6.000
   660:        6.000        6.000       23.000        6.000        6.000
   665:        6.000        6.000        6.000        6.000       23.000
   670:        6.000        6.000        6.000        6.000        6.000
   675:        6.000        6.000        6.000        6.000        6.000
   680:        6.000        6.000        6.000        6.000        6.000
   685:        6.000        6.000        6.000       23.000       23.000
   690:        6.000        6.000        6.000        6.000        6.000
   695:        6.000        6.000        6.000        6.000        6.000
   700:        6.000        6.000        6.000        6.000        6.000
   705:        6.000        6.000        6.000        6.000        6.000
   710:        6.000        6.000       23.000       23.000       23.000
   715:       23.000        6.000        6.000        6.000        6.000
   720:        6.000        6.000        6.000        6.000        6.000
   725:        6.000        6.000        6.000        6.000        6.000
   730:        6.000        6.000        6.000        6.000        6.000
   735:        6.000        6.000        6.000        6.000        6.000
   740:        6.000        6.000        6.000       23.000        2.000
   745:        4.000       22.000       24.000       13.000        8.000
   750:        5.000       17.000        6.000       18.000       14.000
   755:       10.000        6.000        6.000        6.000        6.000
   760:        6.000       19.000        6.000        6.000        6.000
   765:        6.000        6.000        6.000        6.000        6.000
   770:        6.000        6.000        6.000        6.000        6.000
   775:        6.000        6.000        6.000        6.000        6.000
   780:        6.000        6.000        6.000        6.000        6.000
   785:        6.000        6.000        6.000        6.000        6.000
   790:        6.000        6.000        6.000        6.000        6.000
   795:        6.000        6.000        6.000        6.000        6.000
   800:        6.000        6.000        6.000        6.000        6.000
   805:        6.000        6.000        6.000        6.000        6.000
   810:        6.000        6.000        6.000        6.000        6.000
   815:        6.000        6.000        6.000        6.000        6.000
   820:        6.000        6.000        6.000        6.000        6.000
   825:        6.000        6.000        6.000        6.000        6.000
   830:        6.000        6.000        6.000        6.000        6.000
   835:        6.000        6.000        6.000        6.000        6.000
   840:        6.000        6.000        6.000        6.000        6.000
   845:       23.000       23.000        6.000        6.000        6.000
   850:        6.000        6.000        6.000        6.000        6.000
   855:        6.000        6.000        6.000        6.000        6.000
   860:        6.000        6.000        6.000        6.000        6.000
   865:        6.000        6.000        6.000        6.000        6.000
   870:        6.000        6.000        6.000        6.000        6.000
   875:        6.000        6.000        6.000        6.000        6.000
   880:        6.000        6.000        6.000        6.000        6.000
   885:        6.000        6.000        6.000        6.000        6.000
   890:        6.000        6.000        6.000        6.000        6.000
   895:        6.000        6.000        6.000        6.000        6.000
   900:        6.000        6.000        6.000        6.000        6.000
   905:        6.000        6.000        6.000        6.000        6.000
   910:        6.000        6.000        6.000        6.000        6.000
   915:        6.000        6.000        6.000        6.000        6.000
   920:        6.000        6.000        6.000        6.000        6.000
   925:        6.000        6.000        6.000        6.000        6.000
   930:        6.000        6.000        6.000        6.000        6.000
   935:        6.000        6.000        6.000        6.000        6.000
   940:        6.000        6.000        6.000        2.000        4.000
   945:       22.000       24.000       13.000        8.000        5.000
   950:       17.000        6.000        6.000       18.000       14.000
   955:       10.000        6.000       19.000        6.000        6.000
   960:        6.000        6.000        6.000        6.000        6.000
   965:        6.000        6.000       23.000       23.000        6.000
   970:        6.000        6.000        6.000        6.000        6.000
   975:        2.000        4.000       22.000       24.000       13.000
   980:        8.000        5.000       17.000       18.000       14.000
   985:       10.000        6.000        6.000        6.000        6.000
   990:       19.000        6.000        6.000        6.000        6.000
   995:        6.000       23.000       23.000       23.000        6.000
  1000:        6.000       23.000        6.000        6.000        6.000
  1005:        6.000        6.000        6.000        6.000        6.000
  1010:        6.000        6.000        6.000        6.000        6.000
  1015:        6.000        6.000        6.000        6.000        6.000
  1020:        6.000        6.000        6.000        6.000       23.000
  1025:       23.000        6.000        6.000        6.000        6.000
  1030:        6.000        6.000        6.000        6.000        6.000
  1035:        6.000        6.000        6.000        6.000        6.000
  1040:        6.000        6.000        6.000        6.000        6.000
  1045:        6.000        6.000        6.000        6.000        6.000
  1050:        6.000        6.000        6.000        6.000        6.000
  1055:        6.000        6.000        6.000        6.000        6.000
  1060:        6.000        6.000        6.000        6.000        6.000
  1065:        6.000        6.000        6.000        6.000        6.000
  1070:        6.000        6.000        6.000        6.000        6.000
  1075:        6.000        6.000        6.000       23.000        6.000
  1080:        6.000        6.000        6.000       23.000        6.000
  1085:        6.000        6.000        6.000        6.000        6.000
  1090:        6.000        6.000        6.000        6.000        6.000
  1095:        6.000        6.000        6.000        6.000        6.000
  1100:        6.000        6.000        6.000        6.000        6.000
  1105:        6.000        6.000        6.000        6.000        6.000
  1110:        6.000        6.000        6.000        6.000        6.000
  1115:        6.000        6.000        6.000        6.000        6.000
  1120:        6.000        6.000        6.000        6.000        6.000
  1125:        6.000        6.000        6.000        6.000        6.000
  1130:        6.000        6.000        6.000        6.000        6.000
  1135:        6.000        6.000        6.000        6.000        6.000
  1140:        6.000        6.000        6.000        6.000        6.000
  1145:        6.000        6.000        6.000        6.000        6.000
  1150:        6.000        6.000        6.000        6.000        6.000
  1155:        6.000        6.000        6.000        6.000        6.000
  1160:        6.000        6.000        6.000        6.000        6.000
  1165:        6.000        6.000        6.000        6.000        6.000
  1170:        6.000        6.000        6.000        6.000        6.000
  1175:        6.000        6.000        6.000        6.000        6.000
  1180:       23.000       23.000        6.000        6.000        6.000
  1185:        6.000        6.000        6.000        6.000        6.000
  1190:        6.000        6.000        6.000        6.000        6.000
  1195:        6.000        6.000        6.000        6.000        6.000
  1200:        6.000        6.000        6.000        6.000        6.000
  1205:        6.000        6.000        6.000        6.000        6.000
  1210:        6.000        6.000        6.000        6.000        6.000
  1215:        6.000        6.000        6.000        6.000        6.000
  1220:        6.000        6.000        6.000        6.000        6.000
  1225:        6.000        6.000        6.000        6.000        6.000
  1230:        6.000        6.000        6.000        6.000       23.000
  1235:        6.000        6.000        6.000        6.000        6.000
  1240:        6.000        6.000        6.000        6.000        6.000
  1245:        6.000        6.000        6.000        6.000        6.000
  1250:        6.000        6.000        6.000        6.000        6.000
  1255:        6.000        6.000        6.000        6.000        6.000
  1260:        6.000        6.000        6.000        6.000        6.000
  1265:        6.000        6.000        6.000        6.000        6.000
  1270:        6.000        6.000        6.000        6.000        6.000
  1275:        6.000        6.000        6.000        6.000        6.000
  1280:        2.000        4.000       22.000       24.000       13.000
  1285:        8.000        5.000       17.000       18.000       14.000
  1290:       10.000       19.000        6.000        6.000        6.000
  1295:        6.000        6.000        6.000        6.000        6.000
  1300:        6.000        6.000        6.000        6.000        6.000
  1305:        6.000        6.000        6.000        6.000        6.000
  1310:        6.000        6.000        6.000        6.000        6.000
  1315:        6.000       23.000        6.000        6.000        6.000
  1320:        6.000        6.000        6.000        6.000        6.000
  1325:        2.000        4.000       22.000       24.000       13.000
  1330:        8.000        5.000       17.000       18.000       14.000
  1335:       10.000        6.000       19.000        6.000        6.000
  1340:        6.000        6.000        6.000        6.000        6.000
  1345:        6.000        6.000        6.000        6.000        6.000
  1350:        6.000        6.000        6.000        6.000        6.000
  1355:        6.000        6.000        6.000        6.000        6.000
  1360:        6.000        6.000        6.000        6.000        6.000
  1365:        6.000        6.000        6.000        6.000        6.000
  1370:        6.000        6.000        6.000        6.000        6.000
  1375:        6.000        6.000        6.000        6.000        6.000
  1380:        6.000        6.000        6.000        6.000        6.000
  1385:        6.000        6.000        6.000        6.000        6.000
  1390:        6.000        6.000        6.000        6.000        6.000
  1395:        6.000        6.000        6.000        6.000        6.000
  1400:        6.000        6.000        6.000        6.000        6.000
  1405:        6.000        6.000        6.000        6.000        6.000
  1410:        6.000        6.000        6.000        6.000        6.000
  1415:        6.000        6.000        6.000        6.000        6.000
  1420:        6.000        6.000        6.000        6.000        6.000
  1425:        6.000        6.000        6.000        6.000        6.000
  1430:        6.000        6.000        6.000        6.000        6.000
  1435:        6.000        6.000        6.000        6.000        6.000
  1440:        6.000        6.000        6.000        6.000        6.000
  1445:        6.000        6.000        6.000        6.000        6.000
  1450:        6.000        6.000        6.000        6.000        6.000
  1455:        6.000        6.000        6.000        6.000        6.000
  1460:        6.000        6.000        6.000        6.000        6.000
  1465:        6.000        6.000        6.000        6.000        6.000
  1470:        6.000        6.000        6.000        6.000        6.000
  1475:        6.000        6.000        6.000        6.000        6.000
  1480:        6.000        6.000        6.000        6.000        6.000
  1485:        6.000        6.000        6.000        6.000        6.000
  1490:        6.000        6.000        6.000        6.000        6.000
  1495:       23.000        6.000        6.000        6.000        6.000
  1500:        6.000        6.000        6.000        6.000        6.000
  1505:        6.000        6.000        6.000        6.000        6.000
  1510:        6.000        6.000        6.000        6.000        6.000
  1515:        6.000        6.000        6.000        6.000        6.000
  1520:        6.000        6.000        6.000       23.000        6.000
  1525:        6.000        6.000       23.000        6.000       23.000
  1530:        6.000        6.000        6.000        6.000        6.000
  1535:        6.000        6.000        6.000       23.000       23.000
  1540:       23.000       23.000       23.000        6.000       23.000
  1545:        6.000        6.000        6.000        6.000        6.000
  1550:        6.000        6.000        6.000        6.000        6.000
  1555:        6.000        6.000        6.000        6.000        6.000
  1560:        6.000        6.000        6.000        6.000        6.000
  1565:        6.000        6.000        6.000        6.000        6.000
  1570:        6.000        6.000        6.000        6.000        6.000
  1575:        6.000        6.000        6.000        6.000        6.000
  1580:        6.000        6.000        6.000        6.000        6.000
  1585:        6.000        6.000        6.000        6.000        6.000
  1590:        6.000        6.000        6.000        6.000        6.000
  1595:        6.000        6.000        6.000        6.000        6.000
  1600:        6.000       23.000        6.000        6.000        6.000
  1605:        6.000        6.000        6.000        6.000        6.000
  1610:        6.000        2.000        4.000       22.000       24.000
  1615:       13.000        8.000        5.000       17.000        6.000
  1620:       18.000       14.000       10.000        6.000        6.000
  1625:       19.000        6.000        6.000        6.000        6.000
  1630:        6.000        6.000        6.000        6.000        6.000
  1635:        6.000        6.000        6.000        6.000        6.000
  1640:        6.000        6.000        6.000        6.000        6.000
  1645:        6.000        6.000        6.000        6.000        6.000
  1650:        6.000        6.000        6.000        6.000        6.000
  1655:        6.000        6.000        6.000        6.000        6.000
  1660:        6.000        6.000        6.000        6.000        6.000
  1665:        6.000        6.000        6.000        6.000        6.000
  1670:        6.000        6.000        6.000        6.000        6.000
  1675:        6.000        6.000        6.000        6.000        6.000
  1680:        6.000        6.000        6.000        6.000        6.000
  1685:        6.000        6.000        6.000        6.000        6.000
  1690:        6.000        6.000        6.000        6.000        6.000
  1695:        6.000        6.000        6.000        6.000        6.000
  1700:        6.000        6.000        6.000        6.000        6.000
  1705:        6.000        6.000        6.000        6.000        6.000
  1710:        6.000        6.000        6.000        6.000        6.000
  1715:        6.000        6.000        6.000        6.000        6.000
  1720:        6.000        6.000        6.000        6.000        6.000
  1725:        6.000        6.000        6.000        6.000        6.000
  1730:        6.000        6.000        6.000        6.000        6.000
  1735:        6.000        6.000        6.000        6.000        6.000
  1740:        6.000        6.000        6.000        6.000        6.000
  1745:        6.000        6.000        6.000        6.000        6.000
  1750:        6.000        6.000        6.000        6.000        6.000
  1755:        6.000        6.000        6.000        6.000        6.000
  1760:        6.000        6.000        6.000        6.000        6.000
  1765:        6.000        6.000        6.000        6.000        6.000
  1770:        6.000       23.000       23.000        6.000        6.000
  1775:        6.000        6.000        6.000        6.000        6.000
  1780:        6.000        6.000        6.000        6.000        6.000
  1785:        6.000        6.000        6.000        6.000        6.000
  1790:        6.000        6.000        6.000        6.000        6.000
  1795:        6.000        6.000        6.000        6.000        6.000
  1800:       23.000        6.000        6.000        6.000        6.000
  1805:        6.000        6.000       23.000        6.000        6.000
  1810:        6.000       23.000       23.000       23.000        6.000
  1815:        6.000        6.000        6.000        6.000        6.000
  1820:        6.000        6.000        6.000        6.000        6.000
  1825:        6.000        6.000        6.000        6.000        6.000
  1830:        6.000        6.000        6.000      100.000
T:
     0:        0.000        0.000        0.000        0.000       14.970
     5:       96.350       99.500      100.250      101.850      101.890
    10:      102.060      102.100      103.570      104.180      104.640
    15:      107.500      110.210      110.820      111.050      111.130
    20:      111.180      117.070      120.040      120.090      134.400
    25:      134.510      134.990      137.070      138.110      139.520
    30:      139.880      141.440      155.260      156.270      176.780
    35:      178.510      179.270      179.350      180.000      180.100
    40:      180.470      184.010      184.500      184.600      185.560
    45:      189.320      190.180      190.390      191.940      198.860
    50:      199.270      221.650      253.630      254.120      254.900
    55:      257.730      257.730      257.730      257.740      257.740
    60:      257.740      257.740      257.740      261.740      262.740
    65:      262.740      267.730      297.480      348.390      352.070
    70:      354.500      354.580      354.970      355.000      355.320
    75:      355.450      355.640      355.720      355.780      397.910
    80:      398.200      401.570      401.630      401.780      401.840
    85:      402.100      402.520      402.530      410.060      410.250
    90:      410.310      410.740      411.030      411.580      411.670
    95:      413.860      414.690      415.140      415.210      418.780
   100:      419.250      419.310      461.070      461.460      461.710
   105:      461.730      463.840      464.110      467.300      469.320
   110:      470.140      470.490      470.670      470.740      470.890
   115:      472.120      474.040      475.360      475.470      475.580
   120:      477.040      477.520      492.800      544.570      545.580
   125:      545.660      546.600      548.070      549.670      592.930
   130:      608.420      611.150      611.300      611.430      611.730
   135:      611.850      616.660      631.100      631.100      631.100
   140:      631.110      631.110      631.110      631.110      631.110
   145:      632.450      634.280      634.600      635.110      635.120
   150:      635.800      636.110      636.110      640.760      641.010
   155:      641.100      645.290      645.430      648.180      649.070
   160:      709.020      732.130      733.000      733.090      733.230
   165:      733.290      733.530      734.090      736.430      737.220
   170:      738.130      738.750      752.740      752.890      753.060
   175:      754.070      760.990      761.370      761.630      761.730
   180:      762.610      763.350      763.360      765.040      765.090
   185:      765.190      765.850      766.450      766.910      767.780
   190:      769.800      769.930      770.180      770.920      833.410
   195:      833.550      834.150      834.460      837.600      837.710
   200:      838.530      839.620      840.290      840.430      840.960
   205:      843.500      843.980      847.610      850.160      850.350
   210:      850.530      850.600      850.650      850.810      850.840
   215:      856.480      856.520      856.630      856.870      857.200
   220:      881.170      883.310      883.410      883.640      906.340
   225:      907.960      908.090      908.270      909.780      909.890
   230:      910.460      921.190      938.680      939.280      956.110
   235:      956.200      956.250      956.290      956.750      956.800
   240:      959.730      963.610      964.570      964.720      996.660
   245:      998.860     1001.200     1001.290     1005.550     1016.050
   250:     1016.740     1018.140     1019.020     1020.210     1031.060
   255:     1031.300     1031.380     1040.600     1043.060     1043.140
   260:     1078.670     1079.150     1085.980     1086.090     1089.170
   265:     1106.330     1107.300     1107.350     1121.210     1121.370
   270:     1122.420     1122.480     1123.150     1149.550     1149.710
   275:     1157.510     1157.750     1157.840     1157.930     1181.320
   280:     1192.320     1196.210     1197.940     1203.750     1203.920
   285:     1205.930     1208.250     1209.030     1221.210     1229.170
   290:     1229.690     1235.270     1235.310     1235.660     1236.910
   295:     1237.500     1237.610     1237.690     1238.010     1238.080
   300:     1267.170     1267.270     1268.170     1268.240     1268.550
   305:     1268.970     1269.400     1269.820     1269.920     1269.970
   310:     1270.030     1270.570     1271.220     1278.540     1278.740
   315:     1282.400     1282.620     1283.990     1288.890     1292.060
   320:     1293.460     1299.120     1303.730     1304.460     1304.510
   325:     1310.740     1312.250     1314.080     1314.300     1315.910
   330:     1317.810     1318.080     1318.400     1318.440     1325.260
   335:     1328.030     1328.640     1338.580     1354.820     1355.000
   340:     1355.390     1355.450     1363.940     1417.000     1417.910
   345:     1418.060     1420.040     1426.840     1427.030     1427.620
   350:     1436.780     1436.870     1437.120     1441.260     1467.090
   355:     1467.140     1467.190     1467.350     1467.660     1468.570
   360:     1486.580     1486.790     1487.000     1487.230     1487.920
   365:     1490.830     1492.060     1509.180     1509.250     1509.490
   370:     1519.240     1528.110     1573.880     1580.950     1581.640
   375:     1581.720     1610.230     1639.100     1639.270     1639.310
   380:     1639.340     1662.180     1678.800     1678.830     1720.470
   385:     1725.180     1725.440     1725.590     1730.430     1731.830
   390:     1751.920     1755.370     1758.670     1766.480     1766.940
   395:     1770.740     1771.730     1771.930     1772.050     1772.090
   400:     1774.790     1774.880     1775.220     1775.330     1779.270
   405:     1779.330     1779.380     1784.010     1784.150     1785.170
   410:     1792.510     1793.110     1794.470     1794.520     1800.390
   415:     1816.480     1816.680     1817.130     1829.650     1829.820
   420:     1842.350     1858.050     1858.090     1899.520     1899.760
   425:     1899.840     1947.450     1949.650     1949.820     1950.240
   430:     1971.010     2025.660     2026.240     2037.280     2072.550
   435:     2092.750     2093.310     2093.390     2096.810     2097.420
   440:     2098.240     2108.960     2108.970     2110.440     2110.520
   445:     2110.600     2110.640     2110.790     2111.410     2112.070
   450:     2112.110     2113.120     2113.710     2133.770     2134.840
   455:     2136.390     2137.260     2137.390     2142.150     2142.500
   460:     2144.130     2144.290     2144.320     2144.460     2145.170
   465:     2159.760     2159.890     2174.210     2175.970     2188.010
   470:     2189.990     2190.140     2190.240     2190.910     2257.880
   475:     2266.360     2266.540     2269.690     2291.450     2292.390
   480:     2292.850     2293.680     2351.100     2368.790     2369.400
   485:     2399.330     2400.210     2400.250     2400.320     2401.560
   490:     2443.850     2443.960     2494.390     2498.490     2498.670
   495:     2518.280     2518.670     2520.830     2526.790     2539.170
   500:     2540.510     2546.330     2547.510     2590.230     2593.690
   505:     2616.190     2623.690     2623.910     2624.610     2660.760
   510:     2661.310     2723.990     2735.120     2735.700     2735.770
   515:     2736.160     2750.290     2760.820     2777.260     2781.920
   520:     2781.970     2782.380     2784.460     2785.360     2788.020
   525:     2788.880     2798.360     2800.570     2800.970     2800.980
   530:     2801.400     2804.960     2805.160     2824.570     2826.040
   535:     2828.280     2837.460     2837.540     2837.700     2837.950
   540:     2860.830     2882.110     2884.090     2884.470     2884.510
   545:     2884.560     2884.620     2884.800     2885.500     2892.060
   550:     2892.300     2892.350     2892.420     2895.570     2902.080
   555:     2903.070     2903.400     2903.820     2908.840     2930.570
   560:     2960.880     2961.160     2962.250     2978.420     2982.310
   565:     2982.390     2986.880     2987.570     2987.750     2987.770
   570:     3004.670     3019.170     3019.210     3019.480     3021.580
   575:     3021.620     3021.700     3040.720     3040.810     3053.040
   580:     3053.240     3053.800     3053.840     3054.020     3068.320
   585:     3077.120     3099.090     3099.510     3100.210     3100.440
   590:     3136.220     3136.280     3149.060     3149.080     3162.670
   595:     3162.760     3163.020     3188.000     3188.340     3195.770
   600:     3198.220     3198.400     3227.970     3258.690     3258.740
   605:     3278.570     3287.990     3288.010     3288.080     3288.490
   610:     3315.000     3342.530     3342.640     3343.330     3347.440
   615:     3349.600     3349.630     3352.950     3353.030     3368.360
   620:     3371.120     3413.340     3415.960     3416.970     3417.160
   625:     3427.010     3431.810     3434.710     3445.270     3445.540
   630:     3445.810     3454.800     3454.960     3455.350     3455.980
   635:     3456.180     3456.240     3456.330     3456.630     3456.740
   640:     3462.100     3508.150     3508.240     3510.750     3511.550
   645:     3514.120     3514.230     3514.340     3516.260     3516.540
   650:     3516.770     3516.860     3526.700     3526.760     3537.900
   655:     3540.450     3540.860     3541.110     3541.350     3541.520
   660:     3561.400     3625.350     3637.490     3694.750     3694.820
   665:     3697.740     3698.050     3710.420     3717.280     3804.630
   670:     3816.550     3817.050     3817.080     3817.250     3819.880
   675:     3820.360     3822.360     3822.950     3823.100     3824.160
   680:     3824.570     3824.620     3824.900     3825.060     3825.320
   685:     3825.350     3826.230     3827.590     3865.710     3867.980
   690:     3927.680     3928.060     3930.840     3931.230     3931.270
   695:     3934.710     3935.250     3938.130     3941.320     3943.810
   700:     3944.120     3944.790     3944.870     3945.400     3945.490
   705:     3945.680     3946.010     3946.110     3946.820     3947.340
   710:     3947.390     3948.040     3963.330     3972.450     4007.560
   715:     4010.150     4055.180     4055.210     4055.390     4056.590
   720:     4107.190     4165.090     4168.540     4169.420     4169.660
   725:     4169.680     4169.720     4169.800     4169.960     4172.240
   730:     4172.350     4172.580     4174.300     4174.480     4174.620
   735:     4182.170     4182.260     4182.530     4190.820     4191.030
   740:     4191.480     4191.630     4191.730     4243.740     4260.640
   745:     4260.640     4260.640     4260.650     4260.650     4260.650
   750:     4260.650     4260.650     4263.990     4264.650     4265.650
   755:     4265.650     4265.690     4266.110     4266.220     4270.040
   760:     4270.400     4270.640     4271.490     4271.720     4272.800
   765:     4272.990     4273.750     4285.870     4285.880     4285.930
   770:     4286.890     4287.160     4287.220     4287.370     4296.130
   775:     4311.580     4312.020     4312.190     4312.340     4315.100
   780:     4315.230     4317.970     4318.090     4318.510     4353.660
   785:     4369.730     4369.810     4369.840     4369.890     4370.030
   790:     4370.150     4373.810     4373.930     4373.980     4374.180
   795:     4374.390     4375.870     4375.940     4376.090     4376.210
   800:     4382.710     4383.830     4384.050     4388.070     4395.990
   805:     4399.330     4399.440     4399.600     4399.740     4399.950
   810:     4400.000     4400.080     4432.190     4432.690     4432.870
   815:     4452.170     4452.280     4452.410     4452.620     4464.120
   820:     4464.730     4464.940     4469.260     4471.120     4471.320
   825:     4471.360     4481.950     4486.800     4489.910     4492.930
   830:     4493.900     4495.670     4495.770     4508.010     4521.450
   835:     4524.550     4524.740     4526.090     4527.170     4529.400
   840:     4530.060     4530.340     4534.790     4534.870     4535.270
   845:     4584.420     4611.540     4621.740     4624.450     4624.730
   850:     4625.410     4627.430     4627.450     4627.480     4627.560
   855:     4627.680     4639.520     4639.770     4650.150     4669.820
   860:     4669.840     4670.220     4670.300     4670.430     4670.510
   865:     4670.870     4675.290     4675.530     4698.570     4698.620
   870:     4703.900     4707.790     4708.040     4709.510     4709.630
   875:     4709.670     4710.460     4713.230     4713.380     4713.560
   880:     4734.420     4735.020     4740.580     4740.780     4754.970
   885:     4755.600     4755.760     4755.840     4756.110     4757.080
   890:     4757.570     4757.680     4757.790     4775.470     4776.940
   895:     4780.080     4780.460     4783.970     4793.820     4794.940
   900:     4795.170     4795.960     4805.820     4805.870     4806.340
   905:     4806.520     4807.220     4807.680     4807.740     4807.840
   910:     4808.120     4824.610     4824.670     4825.080     4825.860
   915:     4828.590     4828.880     4831.920     4832.370     4833.410
   920:     4843.940     4844.690     4844.940     4845.430     4845.620
   925:     4862.610     4890.240     4926.230     4926.320     4928.380
   930:     4928.490     4929.290     4929.360     4944.820     4945.000
   935:     4945.150     4945.690     4945.860     4946.560     4974.410
   940:     5007.600     5008.220     5008.300     5015.130     5015.130
   945:     5015.130     5015.140     5015.140     5015.140     5015.140
   950:     5015.140     5016.360     5018.750     5019.140     5020.140
   955:     5020.140     5021.080     5025.130     5037.230     5038.760
   960:     5039.600     5045.300     5045.820     5046.020     5046.040
   965:     5049.960     5050.040     5064.660     5077.870     5089.850
   970:     5090.930     5091.900     5092.560     5094.740     5094.920
   975:     5097.710     5097.710     5097.710     5097.720     5097.720
   980:     5097.720     5097.720     5097.720     5101.720     5102.720
   985:     5102.720     5104.560     5106.720     5106.870     5107.110
   990:     5107.710     5109.400     5109.970     5117.890     5118.220
   995:     5118.310     5128.420     5128.550     5145.210     5150.030
  1000:     5159.640     5186.740     5240.820     5249.490     5303.150
  1005:     5304.050     5305.790     5308.910     5311.550     5312.250
  1010:     5492.670     5492.900     5559.540     5559.780     5565.460
  1015:     5588.300     5601.170     5631.850     5632.210     5638.500
  1020:     5662.140     5701.910     5720.160     5728.990     5734.530
  1025:     5734.660     5737.150     5740.710     5745.000     5746.730
  1030:     5746.830     5746.910     5747.690     5747.850     5767.460
  1035:     5790.200     5790.540     5794.910     5795.420     5796.140
  1040:     5797.470     5797.910     5798.090     5798.910     5799.020
  1045:     5800.430     5800.490     5800.550     5801.120     5802.060
  1050:     5806.100     5810.100     5814.350     5814.410     5814.540
  1055:     5816.120     5821.200     5822.520     5822.650     5822.750
  1060:     5823.040     5823.670     5824.090     5824.900     5836.880
  1065:     5837.040     5842.180     5906.500     5927.440     6042.260
  1070:     6043.120     6051.960     6071.160     6080.530     6080.850
  1075:     6082.000     6082.180     6102.940     6108.490     6131.130
  1080:     6175.030     6181.610     6182.370     6207.570     6249.820
  1085:     6250.470     6250.570     6253.000     6253.370     6253.600
  1090:     6254.160     6256.010     6257.360     6261.850     6261.930
  1095:     6266.090     6266.160     6270.050     6271.950     6277.610
  1100:     6277.870     6278.440     6278.500     6303.680     6304.010
  1105:     6304.240     6309.360     6309.930     6310.800     6311.330
  1110:     6311.480     6311.550     6311.890     6311.940     6312.530
  1115:     6313.150     6313.320     6313.510     6313.610     6313.980
  1120:     6329.540     6330.770     6333.120     6333.260     6333.900
  1125:     6338.070     6338.930     6339.480     6339.560     6339.830
  1130:     6340.060     6341.090     6341.320     6344.380     6345.500
  1135:     6345.610     6345.780     6345.980     6346.070     6349.210
  1140:     6355.340     6370.550     6376.370     6376.420     6376.860
  1145:     6416.060     6416.290     6416.340     6416.370     6416.740
  1150:     6440.050     6470.520     6487.950     6488.360     6503.990
  1155:     6521.230     6523.010     6527.610     6528.170     6530.100
  1160:     6532.260     6574.710     6574.800     6722.010     6722.160
  1165:     6722.400     6724.270     6724.440     6724.540     6735.240
  1170:     6736.810     6736.860     6737.170     6777.790     6777.860
  1175:     6777.890     6778.330     6778.550     6778.580     6785.860
  1180:     6797.190     6797.780     6848.190     6849.030     6849.140
  1185:     6854.080     6865.740     6891.830     6891.920     6907.440
  1190:     6932.160     6932.420     6989.150     6989.540     6990.250
  1195:     6990.640     7013.440     7013.660     7016.420     7017.170
  1200:     7042.090     7063.670     7102.050     7106.900     7107.340
  1205:     7118.520     7119.020     7119.410     7120.110     7120.200
  1210:     7120.240     7120.390     7120.510     7121.770     7123.200
  1215:     7123.250     7123.280     7128.110     7128.160     7128.410
  1220:     7129.020     7129.450     7129.520     7130.320     7130.560
  1225:     7130.660     7132.100     7147.350     7148.420     7172.010
  1230:     7184.910     7217.040     7230.530     7230.560     7237.020
  1235:     7242.830     7270.350     7287.410     7296.950     7313.800
  1240:     7314.420     7336.910     7337.030     7337.070     7337.080
  1245:     7337.290     7351.770     7351.940     7352.110     7372.610
  1250:     7373.450     7374.050     7374.140     7374.210     7374.330
  1255:     7374.400     7374.750     7375.360     7447.510     7447.660
  1260:     7448.760     7449.400     7449.640     7461.630     7470.080
  1265:     7470.210     7474.510     7478.530     7478.580     7491.850
  1270:     7492.090     7492.700     7494.920     7495.250     7495.510
  1275:     7495.810     7496.180     7545.280     7562.650     7589.470
  1280:     7596.320     7596.320     7596.320     7596.330     7596.330
  1285:     7596.330     7596.330     7596.330     7600.330     7601.330
  1290:     7601.330     7606.320     7618.180     7618.410     7621.950
  1295:     7623.180     7623.670     7625.760     7627.460     7628.810
  1300:     7630.790     7631.250     7632.300     7632.400     7633.770
  1305:     7634.840     7634.990     7635.190     7635.270     7636.200
  1310:     7637.040     7637.520     7638.270     7638.300     7644.600
  1315:     7651.820     7662.160     7717.020     7720.670     7752.720
  1320:     7754.690     7777.810     7778.110     7806.790     7847.990
  1325:     7870.820     7870.820     7870.820     7870.830     7870.830
  1330:     7870.830     7870.830     7870.830     7874.830     7875.830
  1335:     7875.830     7876.800     7880.820     7881.900     7883.970
  1340:     7884.090     7884.440     7884.490     7884.550     7884.740
  1345:     7891.120     7891.160     7891.330     7892.840     7893.220
  1350:     7893.250     7894.200     7896.110     7896.790     7897.090
  1355:     7897.690     7902.550     7906.430     7906.460     7906.740
  1360:     7906.890     7907.200     7908.190     7908.750     7908.940
  1365:     7909.080     7909.120     7909.160     7909.760     7909.810
  1370:     7910.380     7912.680     7913.620     7914.300     7914.440
  1375:     7914.500     7914.560     7914.600     7914.900     7915.230
  1380:     7916.630     7916.680     7916.710     7916.800     7916.830
  1385:     7917.020     7917.150     7917.300     7919.230     7923.320
  1390:     7932.790     7936.810     7936.840     7937.370     7938.870
  1395:     7942.390     7946.360     7946.710     7946.870     7948.670
  1400:     7948.720     7948.940     7948.980     7953.570     7953.740
  1405:     7953.880     7954.890     7961.350     7969.050     7969.130
  1410:     7969.230     7970.800     8055.520     8081.810     8082.760
  1415:     8089.400     8090.120     8093.190     8093.480     8093.510
  1420:     8094.010     8094.760     8095.690     8097.520     8099.970
  1425:     8100.020     8100.060     8100.090     8100.260     8100.280
  1430:     8100.360     8100.570     8101.010     8101.250     8101.430
  1435:     8106.680     8108.900     8109.750     8112.280     8112.390
  1440:     8114.040     8114.090     8114.160     8114.220     8114.420
  1445:     8115.320     8115.400     8115.900     8116.960     8130.690
  1450:     8130.840     8133.340     8134.310     8134.590     8134.760
  1455:     8138.890     8139.120     8140.090     8140.170     8161.020
  1460:     8161.320     8161.440     8169.310     8169.360     8172.870
  1465:     8175.190     8175.230     8191.410     8191.470     8192.270
  1470:     8192.300     8204.180     8207.000     8211.220     8211.540
  1475:     8223.520     8233.260     8288.170     8288.940     8291.700
  1480:     8291.720     8291.870     8293.190     8293.360     8299.750
  1485:     8299.850     8305.260     8309.290     8309.410     8310.220
  1490:     8310.310     8311.550     8311.560     8311.640     8312.240
  1495:     8323.600     8327.110     8327.660     8327.670     8328.590
  1500:     8339.690     8341.650     8341.780     8348.180     8358.600
  1505:     8377.440     8377.540     8377.580     8389.820     8390.320
  1510:     8390.620     8390.670     8398.200     8398.430     8398.460
  1515:     8398.620     8410.060     8410.570     8411.710     8412.510
  1520:     8420.290     8420.650     8430.340     8456.790     8467.540
  1525:     8468.200     8468.290     8485.340     8493.750     8509.750
  1530:     8523.660     8523.870     8523.980     8524.400     8524.670
  1535:     8524.730     8551.690     8623.910     8632.780     8637.380
  1540:     8644.980     8650.380     8650.560     8654.910     8687.590
  1545:     8713.880     8714.060     8714.350     8715.180     8716.050
  1550:     8716.080     8734.340     8734.960     8735.480     8735.600
  1555:     8735.660     8736.120     8736.440     8737.680     8744.770
  1560:     8744.870     8744.950     8745.300     8764.710     8765.270
  1565:     8766.400     8772.600     8773.120     8773.350     8774.430
  1570:     8774.960     8774.970     8775.100     8775.150     8775.890
  1575:     8776.010     8776.790     8776.820     8784.830     8786.120
  1580:     8786.270     8786.380     8786.650     8803.040     8807.180
  1585:     8829.620     8831.140     8831.420     8831.880     8832.200
  1590:     8832.640     8840.210     8840.410     8840.920     8841.830
  1595:     8845.830     8846.590     8926.180     8926.230     8946.860
  1600:     8946.920     8982.040     8986.610     9033.240     9048.590
  1605:     9085.290     9085.450     9086.560     9116.500     9121.480
  1610:     9131.740     9137.660     9137.660     9137.660     9137.670
  1615:     9137.670     9137.670     9137.670     9137.670     9140.860
  1620:     9141.670     9142.670     9142.670     9143.740     9144.760
  1625:     9147.660     9178.310     9190.390     9191.550     9194.590
  1630:     9211.750     9212.710     9228.330     9229.430     9230.020
  1635:     9230.570     9232.240     9234.380     9236.480     9236.820
  1640:     9238.450     9238.940     9241.150     9241.770     9242.400
  1645:     9243.670     9252.740     9253.240     9253.300     9254.160
  1650:     9254.270     9254.420     9254.480     9254.520     9254.760
  1655:     9258.730     9259.750     9260.050     9262.380     9263.020
  1660:     9285.990     9287.040     9287.390     9288.380     9289.010
  1665:     9290.850     9290.960     9291.150     9291.220     9292.230
  1670:     9292.330     9293.310     9520.030     9521.260     9522.330
  1675:     9535.990     9536.250     9564.720     9564.830     9610.550
  1680:     9610.750     9737.810     9748.880     9752.310     9757.710
  1685:     9761.900     9762.900     9763.820     9767.590     9767.670
  1690:     9767.800     9783.360     9810.020     9832.220     9878.690
  1695:     9885.760     9920.680     9921.660     9972.150     9976.740
  1700:     9977.480     9977.570     9977.660     9984.250     9985.320
  1705:     9992.990    10003.530    10003.620    10003.710    10006.710
  1710:    10006.970    10007.200    10012.880    10013.490    10013.770
  1715:    10014.650    10024.230    10024.280    10024.460    10024.890
  1720:    10025.780    10026.250    10036.300    10036.830    10037.080
  1725:    10037.210    10041.470    10041.500    10041.590    10042.160
  1730:    10042.580    10044.970    10046.120    10062.330    10063.730
  1735:    10064.440    10065.640    10066.160    10066.270    10066.650
  1740:    10066.770    10066.860    10073.820    10091.040    10091.610
  1745:    10091.630    10091.960    10092.290    10092.390    10093.080
  1750:    10099.400    10101.700    10101.750    10102.090    10102.850
  1755:    10104.740    10163.860    10166.720    10167.390    10171.150
  1760:    10172.300    10177.300    10177.480    10182.430    10182.550
  1765:    10183.430    10188.630    10204.050    10204.370    10204.710
  1770:    10205.070    10207.930    10211.890    10219.570    10220.850
  1775:    10222.190    10222.650    10224.320    10225.410    10228.170
  1780:    10229.130    10229.240    10230.150    10231.270    10231.370
  1785:    10231.580    10231.820    10231.910    10231.990    10232.680
  1790:    10232.830    10233.000    10300.380    10314.190    10314.930
  1795:    10315.090    10315.470    10315.900    10317.740    10318.860
  1800:    10392.600    10402.710    10413.800    10439.410    10439.440
  1805:    10516.620    10517.530    10535.850    10556.720    10560.910
  1810:    10561.000    10572.940    10573.080    10578.070    10603.600
  1815:    10603.770    10604.410    10604.780    10604.960    10606.620
  1820:    10606.790    10607.140    10614.560    10614.600    10615.140
  1825:    10615.810    10626.180    10626.270    10691.810    10706.350
  1830:    10742.280    10786.770    10786.940    10800.010
