File: C:\MED-PC IV\DATA\!2025-05-20_10h30m.Subject T1



Start Date: 05/20/25
End Date: 05/20/25
Subject: T1
Experiment: OralFentSA
Group: One
Box: 1
Start Time: 10:30:16
End Time: 13:30:37
MSN: Golden_Liq_SelfAdmin
F:       0.000
G:     903.000
H:   10800.010
I:       0.000
J:       0.000
K:       0.000
L:       0.000
M:       0.000
N:       0.000
O:       0.000
P:       0.000
Q:       0.000
R:       0.000
S:       0.000
U:       0.000
V:       0.000
W:       0.000
X:       0.000
Y:       0.000
Z:       0.000
A:
     0:        0.000        0.000      180.000        4.000        0.000
     5:        5.000        0.000        5.000        0.000        0.000
    10:        1.000        0.000       10.000 3000000000.0       29.000
    15:        6.000      640.000        0.000        0.000        0.000
    20:        0.000
B:
     0:        0.000        0.000        0.000      400.000        0.000
     5:      500.000        0.000      500.000        0.000        0.000
    10:        0.000        0.000     1000.000 300000000000        0.000
    15:        0.000        0.000        0.000        0.000        0.000
    20:        0.000
C:
     0:       12.000       13.000        0.000       12.000      725.000
     5:     6948.000        8.960       12.000      152.350       12.696
    10:       12.000        6.000        0.000        0.000        0.000
    15:        0.000        0.000        0.000        0.000        0.000
    20:        0.000
D:
     0:        1.250       22.960        4.270       10.330       20.350
     5:        4.530       47.890        3.330       16.290        6.940
    10:        5.250        8.960
E:
     0:       19.000       11.000       26.000       27.000        6.000
     5:        6.000        6.000        6.000        6.000        6.000
    10:        6.000        6.000        6.000        6.000        6.000
    15:        6.000        6.000        6.000        6.000        6.000
    20:        6.000        6.000        6.000        6.000        6.000
    25:        6.000        6.000        6.000        6.000        6.000
    30:        6.000        6.000        6.000        6.000        6.000
    35:        6.000        6.000        6.000        6.000        6.000
    40:        6.000        6.000        6.000        6.000        6.000
    45:        6.000        6.000        6.000        6.000        6.000
    50:        6.000        6.000        6.000        6.000        6.000
    55:        6.000        6.000       23.000        6.000        6.000
    60:        6.000        6.000        6.000        6.000        6.000
    65:        6.000        6.000        6.000        6.000        6.000
    70:        6.000        6.000        6.000        6.000        6.000
    75:        6.000        6.000        6.000        6.000        6.000
    80:        6.000        6.000        6.000        6.000        6.000
    85:        6.000        6.000        6.000        6.000        6.000
    90:        6.000        6.000        6.000        6.000        6.000
    95:        6.000        6.000        6.000        6.000        6.000
   100:        6.000        6.000        6.000        6.000        6.000
   105:        6.000        6.000        6.000        6.000        6.000
   110:        6.000        6.000        6.000        6.000        6.000
   115:        6.000        6.000        6.000        6.000        6.000
   120:        6.000        6.000        6.000        6.000        6.000
   125:        6.000        6.000        6.000        6.000        6.000
   130:        6.000        6.000        6.000        6.000        6.000
   135:        6.000        6.000        6.000        6.000        6.000
   140:        6.000        6.000       23.000        6.000        6.000
   145:        6.000        6.000        6.000        6.000        6.000
   150:        6.000        6.000        6.000        6.000        6.000
   155:        6.000       23.000        6.000        6.000        6.000
   160:        6.000        6.000        6.000        6.000        6.000
   165:        6.000        6.000        6.000        6.000        6.000
   170:        6.000        6.000        6.000        6.000        6.000
   175:        6.000        6.000        6.000        6.000        6.000
   180:        6.000        6.000        6.000        6.000        6.000
   185:        6.000        6.000        6.000        6.000        6.000
   190:        6.000        6.000        6.000        6.000        2.000
   195:        4.000       22.000       24.000       12.000       13.000
   200:        8.000        5.000       17.000        6.000       18.000
   205:       14.000       10.000        6.000       19.000       11.000
   210:        6.000        6.000        6.000        6.000        6.000
   215:        6.000        6.000        6.000        6.000        6.000
   220:        6.000        6.000        6.000        6.000        6.000
   225:        6.000        6.000        6.000        2.000        4.000
   230:       22.000       24.000       12.000       13.000        8.000
   235:        5.000       17.000       18.000       14.000       10.000
   240:       19.000       11.000        6.000        6.000        6.000
   245:        6.000        6.000        6.000        6.000        6.000
   250:        6.000        6.000        2.000        4.000       22.000
   255:       24.000       12.000       13.000        8.000        5.000
   260:       17.000       18.000        6.000       14.000       10.000
   265:       19.000       11.000        6.000        6.000        6.000
   270:        6.000        6.000        6.000        6.000        6.000
   275:        6.000        6.000        6.000        6.000        6.000
   280:        6.000        6.000        6.000        6.000        6.000
   285:        2.000        4.000       22.000       24.000       12.000
   290:       13.000        8.000        5.000       17.000       18.000
   295:       14.000       10.000       19.000       11.000        6.000
   300:        6.000        6.000        6.000        6.000        6.000
   305:        6.000        6.000        6.000        6.000        6.000
   310:        6.000        6.000        6.000        6.000        6.000
   315:        6.000        6.000        6.000        6.000        6.000
   320:        6.000        6.000        6.000        6.000        6.000
   325:        6.000        6.000        6.000        6.000        6.000
   330:        6.000        6.000        6.000        6.000        6.000
   335:        6.000        6.000        6.000        6.000        6.000
   340:        6.000        6.000        6.000        6.000        6.000
   345:        6.000        2.000        4.000       22.000       24.000
   350:       12.000       13.000        8.000        5.000       17.000
   355:       18.000       14.000       10.000       19.000       11.000
   360:        6.000        6.000        6.000        6.000        6.000
   365:        6.000        2.000        4.000       22.000       24.000
   370:       12.000       13.000        8.000        5.000       17.000
   375:       18.000        6.000       14.000       10.000        6.000
   380:       19.000       11.000        6.000       23.000        6.000
   385:        6.000        6.000        6.000        6.000        6.000
   390:        6.000        6.000        6.000        6.000        6.000
   395:        6.000        6.000        6.000        6.000        6.000
   400:        6.000        6.000       23.000        6.000        6.000
   405:        6.000        6.000        6.000        6.000        6.000
   410:        6.000        6.000        6.000        6.000        6.000
   415:        6.000        6.000        6.000        6.000        6.000
   420:        6.000        6.000        6.000        6.000        6.000
   425:        6.000        6.000        6.000        6.000        6.000
   430:        6.000        6.000        6.000        6.000        6.000
   435:        6.000        6.000        6.000        6.000        6.000
   440:        6.000        6.000        6.000        6.000        6.000
   445:        6.000        6.000        6.000        6.000        6.000
   450:        6.000        6.000        6.000        6.000        6.000
   455:        6.000        6.000        6.000        6.000        6.000
   460:        6.000        6.000        6.000        6.000        6.000
   465:        6.000        6.000        6.000        6.000        6.000
   470:        6.000        6.000        6.000        6.000        6.000
   475:        6.000        6.000        6.000        6.000        6.000
   480:        6.000        6.000        6.000        6.000        6.000
   485:        6.000        6.000        6.000        6.000        6.000
   490:        6.000        6.000        6.000        6.000        6.000
   495:        6.000        6.000        6.000        6.000        6.000
   500:        6.000        6.000        6.000        6.000        6.000
   505:        6.000        6.000        6.000        6.000        6.000
   510:        6.000        6.000        6.000        6.000        6.000
   515:        2.000        4.000       22.000       24.000       12.000
   520:       13.000        8.000        5.000       17.000       18.000
   525:       14.000       10.000       19.000       11.000        6.000
   530:        6.000        6.000        6.000        6.000        6.000
   535:        6.000        6.000        6.000        6.000        6.000
   540:        6.000        6.000        6.000        6.000        6.000
   545:        6.000        6.000        6.000        6.000        6.000
   550:        6.000        6.000        6.000        6.000        6.000
   555:        6.000        6.000        6.000        6.000       23.000
   560:        6.000        6.000        6.000        6.000        2.000
   565:        4.000       22.000       24.000       12.000       13.000
   570:        8.000        5.000       17.000        6.000        6.000
   575:       18.000       14.000       10.000        6.000       19.000
   580:       11.000        6.000        6.000        6.000        6.000
   585:        6.000        2.000        4.000       22.000       24.000
   590:       12.000       13.000        8.000        5.000       17.000
   595:       18.000       14.000       10.000       19.000       11.000
   600:        6.000        6.000        6.000        6.000        6.000
   605:        6.000        6.000        6.000        6.000        6.000
   610:        6.000        6.000        6.000        6.000        6.000
   615:        6.000        6.000        6.000        6.000        6.000
   620:        6.000        6.000        6.000        6.000        6.000
   625:        6.000        6.000        6.000        6.000        6.000
   630:        6.000        6.000        6.000        6.000        6.000
   635:        6.000        6.000        6.000        6.000        6.000
   640:        6.000        6.000        6.000        6.000        6.000
   645:        6.000        2.000        4.000       22.000       24.000
   650:       12.000       13.000        8.000        5.000       17.000
   655:       18.000       14.000       10.000        6.000       19.000
   660:       11.000        6.000        6.000        6.000        6.000
   665:        6.000        6.000        6.000        6.000        6.000
   670:        6.000        6.000        6.000        2.000        4.000
   675:       22.000       24.000       12.000       13.000        8.000
   680:        5.000       17.000       18.000       14.000       10.000
   685:        6.000        6.000       19.000       11.000        6.000
   690:        2.000        4.000       22.000       24.000       12.000
   695:       13.000        8.000        5.000       17.000       18.000
   700:       14.000       10.000        6.000       19.000       11.000
   705:        6.000        6.000        6.000        6.000        6.000
   710:        6.000        6.000        6.000        6.000        6.000
   715:        6.000        6.000        6.000        6.000        6.000
   720:        6.000        6.000        6.000        6.000        6.000
   725:        6.000        6.000        6.000        6.000        6.000
   730:        6.000        6.000        6.000        6.000        6.000
   735:        6.000        6.000        6.000        6.000        6.000
   740:        6.000        6.000        6.000        6.000        6.000
   745:        6.000        6.000        6.000        6.000        6.000
   750:        6.000        6.000        6.000        6.000        6.000
   755:        6.000        6.000        6.000        6.000        6.000
   760:        6.000        6.000        6.000        6.000        6.000
   765:        6.000        6.000        6.000        6.000        6.000
   770:        6.000        6.000        6.000        6.000        6.000
   775:        6.000        6.000        6.000        6.000        6.000
   780:        6.000        6.000        6.000        6.000        6.000
   785:        6.000        6.000        6.000        6.000        6.000
   790:        6.000        6.000        6.000        6.000        6.000
   795:        6.000        6.000        6.000        6.000        6.000
   800:        6.000        6.000        6.000        6.000        6.000
   805:        6.000        6.000        6.000        6.000        6.000
   810:        6.000        6.000        6.000        6.000        6.000
   815:        6.000        6.000        6.000        6.000        6.000
   820:        6.000        6.000        6.000        6.000        6.000
   825:        6.000        6.000        6.000        6.000        6.000
   830:        6.000        6.000        6.000        6.000        6.000
   835:        6.000        6.000        6.000        6.000        6.000
   840:        6.000        6.000        6.000        6.000        6.000
   845:        6.000        6.000        6.000        6.000        6.000
   850:        6.000        6.000        6.000        6.000        6.000
   855:        6.000        6.000        6.000        6.000        6.000
   860:        6.000        6.000        6.000        6.000        6.000
   865:        6.000        6.000        6.000        6.000        6.000
   870:        6.000        6.000        6.000        6.000        6.000
   875:        6.000        6.000        6.000        6.000        6.000
   880:        6.000        6.000        6.000        6.000        6.000
   885:        6.000        6.000        6.000        6.000        6.000
   890:        6.000        6.000        6.000        6.000        6.000
   895:        6.000        6.000        6.000        6.000        6.000
   900:        6.000        6.000        6.000      100.000
T:
     0:        0.000        0.000        0.000        0.000       27.890
     5:      103.240      129.160      129.280      129.330      202.240
    10:      205.040      205.790      210.190      210.300      210.410
    15:      210.580      210.790      210.940      241.330      243.300
    20:      245.900      246.410      268.840      268.870      269.160
    25:      277.050      277.640      277.730      356.520      374.010
    30:      375.730      376.360      377.140      537.750      556.200
    35:      567.170      659.390      660.050      663.140      665.400
    40:      665.670      768.230      768.460      818.680      818.930
    45:      819.100      819.310      826.710      826.890      828.270
    50:      871.390      874.620      874.930      875.090      912.860
    55:      968.470      968.930     1019.640     1027.050     1028.410
    60:     1028.520     1028.550     1029.370     1030.920     1046.980
    65:     1059.180     1184.840     1185.380     1188.810     1189.180
    70:     1189.730     1191.700     1203.820     1340.730     1342.490
    75:     1342.690     1342.800     1342.840     1343.040     1343.050
    80:     1343.200     1343.430     1344.140     1344.540     1344.740
    85:     1344.950     1345.050     1345.140     1345.350     1345.560
    90:     1345.740     1345.840     1346.170     1349.240     1393.920
    95:     1395.350     1395.410     1395.590     1395.870     1411.330
   100:     1412.900     1413.620     1414.330     1414.470     1439.380
   105:     1439.460     1454.700     1464.940     1506.030     1511.310
   110:     1513.550     1514.250     1538.060     1538.440     1538.790
   115:     1539.320     1541.910     1541.940     1542.200     1542.810
   120:     1543.330     1554.580     1561.320     1561.520     1562.230
   125:     1623.280     1638.340     1659.060     1665.650     1666.360
   130:     1667.040     1674.050     1674.500     1674.520     1674.800
   135:     1675.170     1675.760     1747.000     1750.960     1756.790
   140:     1773.930     1850.140     1866.210     1891.070     1893.260
   145:     1895.140     1896.230     1907.540     1965.380     1978.380
   150:     2005.160     2015.380     2021.570     2025.190     2028.210
   155:     2031.700     2040.120     2050.070     2059.260     2078.020
   160:     2087.620     2094.100     2145.880     2145.900     2154.170
   165:     2176.410     2177.200     2207.160     2365.400     2367.390
   170:     2368.340     2368.380     2368.560     2368.600     2369.920
   175:     2411.950     2419.150     2419.530     2427.840     2430.250
   180:     2430.640     2431.250     2432.680     2433.450     2433.500
   185:     2433.880     2434.160     2441.090     2447.300     2451.880
   190:     2452.060     2452.090     2452.290     2497.300     2505.210
   195:     2505.210     2505.210     2505.220     2505.220     2505.220
   200:     2505.220     2505.220     2505.220     2506.470     2509.220
   205:     2510.220     2510.220     2512.320     2515.210     2515.220
   210:     2546.720     2548.040     2554.760     2554.850     2557.220
   215:     2561.910     2562.170     2581.990     2590.720     2592.170
   220:     2592.720     2593.220     2593.370     2595.210     2598.270
   225:     2603.650     2603.810     2606.510     2629.930     2629.930
   230:     2629.930     2629.940     2629.940     2629.940     2629.940
   235:     2629.940     2629.940     2633.940     2634.940     2634.940
   240:     2639.930     2639.940     2652.900     2656.330     2663.730
   245:     2681.600     2687.490     2697.560     2698.280     2703.960
   250:     2704.620     2715.400     2717.400     2717.400     2717.400
   255:     2717.410     2717.410     2717.410     2717.410     2717.410
   260:     2717.410     2721.410     2721.680     2722.410     2722.410
   265:     2727.400     2727.410     2728.830     2729.780     2739.990
   270:     2758.700     2761.160     2835.890     2839.420     2841.840
   275:     2842.160     2843.270     2850.980     2851.270     2864.300
   280:     2864.340     2864.490     2865.830     2866.570     2873.310
   285:     2878.840     2878.840     2878.840     2878.850     2878.850
   290:     2878.850     2878.850     2878.850     2878.850     2882.850
   295:     2883.850     2883.850     2888.840     2888.850     2889.180
   300:     2894.320     2905.200     2905.210     2915.330     2920.610
   305:     2920.730     2925.730     2931.930     2953.880     3039.500
   310:     3068.920     3101.380     3126.390     3126.950     3191.350
   315:     3193.920     3204.740     3213.340     3266.790     3272.120
   320:     3283.260     3286.610     3287.090     3287.390     3292.360
   325:     3296.320     3296.910     3297.190     3298.620     3308.290
   330:     3315.110     3319.800     3322.150     3392.210     3392.320
   335:     3393.170     3393.350     3393.410     3408.000     3492.010
   340:     3499.640     3502.660     3514.560     3518.980     3521.070
   345:     3525.090     3538.980     3538.980     3538.980     3538.990
   350:     3538.990     3538.990     3538.990     3538.990     3538.990
   355:     3542.990     3543.990     3543.990     3548.980     3548.990
   360:     3559.340     3563.880     3568.070     3576.250     3576.530
   365:     3583.160     3583.340     3583.340     3583.340     3583.350
   370:     3583.350     3583.350     3583.350     3583.350     3583.350
   375:     3587.350     3587.880     3588.350     3588.350     3591.910
   380:     3593.340     3593.350     3596.220     3638.590     3927.470
   385:     3961.130     3961.560     3972.470     3974.420     3991.640
   390:     3998.490     3998.670     4008.610     4014.390     4021.300
   395:     4128.730     4129.190     4143.960     4176.980     4191.320
   400:     4213.450     4249.380     4288.920     4300.830     4301.110
   405:     4302.170     4302.620     4392.450     4396.550     4397.410
   410:     4399.960     4400.480     4405.320     4405.870     4406.030
   415:     4407.060     4408.840     4410.170     4410.190     4410.860
   420:     4413.740     4414.720     4414.810     4415.980     4458.520
   425:     4476.570     4476.640     4476.680     4476.900     4481.140
   430:     4481.970     4483.050     4483.810     4485.430     4485.730
   435:     4488.940     4489.180     4491.630     4495.670     4519.060
   440:     4520.580     4520.890     4522.780     4525.230     4526.200
   445:     4526.250     4526.710     4528.220     4529.010     4529.440
   450:     4531.070     4531.330     4533.500     4535.520     4541.540
   455:     4545.460     4545.830     4556.480     4556.550     4566.600
   460:     4591.370     4641.070     4812.620     4864.960     4877.800
   465:     4877.960     4892.370     4892.680     4930.800     4936.610
   470:     4943.940     4945.390     4945.690     4948.600     4952.510
   475:     4954.200     4956.950     4957.210     4957.370     4957.460
   480:     4957.500     4957.560     4957.990     4985.030     4993.520
   485:     4996.190     4997.880     5032.220     5052.350     5056.990
   490:     5057.300     5061.180     5061.870     5074.430     5138.610
   495:     5216.640     5228.690     5229.280     5258.030     5296.310
   500:     5302.450     5325.670     5327.980     5328.080     5328.420
   505:     5333.260     5334.420     5334.590     5334.940     5337.850
   510:     5338.080     5338.320     5339.340     5351.380     5366.620
   515:     5376.040     5376.040     5376.040     5376.050     5376.050
   520:     5376.050     5376.050     5376.050     5376.050     5380.050
   525:     5381.050     5381.050     5386.040     5386.050     5423.940
   530:     5424.150     5424.610     5425.530     5425.660     5425.730
   535:     5425.790     5426.440     5426.580     5437.920     5439.850
   540:     5440.390     5445.390     5448.860     5449.390     5449.910
   545:     5449.950     5450.720     5450.800     5453.400     5454.710
   550:     5454.880     5457.280     5462.450     5548.740     5586.960
   555:     5589.950     5683.350     5683.740     5683.890     5753.200
   560:     5772.840     5778.730     5782.750     5782.950     5797.860
   565:     5797.860     5797.860     5797.870     5797.870     5797.870
   570:     5797.870     5797.870     5797.870     5801.200     5801.370
   575:     5801.870     5802.870     5802.870     5806.790     5807.860
   580:     5807.870     5814.160     5844.680     5844.780     5850.380
   585:     5863.760     5868.820     5868.820     5868.820     5868.830
   590:     5868.830     5868.830     5868.830     5868.830     5868.830
   595:     5872.830     5873.830     5873.830     5878.820     5878.830
   600:     5885.120     5898.080     5898.170     5923.290     5923.480
   605:     5931.050     5940.960     5945.980     5946.560     5950.680
   610:     5951.590     5951.710     5951.730     5953.270     5959.100
   615:     5960.400     6303.260     6398.210     6404.420     6412.740
   620:     6413.190     6413.450     6503.110     6518.990     6556.490
   625:     6671.260     6681.410     6688.530     6691.140     6691.670
   630:     6693.680     6694.370     6694.670     6695.110     6700.160
   635:     6700.580     6702.450     6703.620     6707.020     6709.150
   640:     6709.470     6709.500     6711.460     6718.750     6759.210
   645:     6759.890     6773.750     6773.750     6773.750     6773.760
   650:     6773.760     6773.760     6773.760     6773.760     6773.760
   655:     6777.760     6778.760     6778.760     6780.700     6783.750
   660:     6783.760     6789.860     6820.370     6832.830     6843.900
   665:     6846.110     6850.480     6853.170     6853.690     6854.210
   670:     6856.100     6857.090     6866.610     6870.360     6870.360
   675:     6870.360     6870.370     6870.370     6870.370     6870.370
   680:     6870.370     6870.370     6874.370     6875.370     6875.370
   685:     6875.620     6878.560     6880.360     6880.370     6903.930
   690:     6947.990     6947.990     6947.990     6948.000     6948.000
   695:     6948.000     6948.000     6948.000     6948.000     6952.000
   700:     6953.000     6953.000     6956.960     6957.990     6958.000
   705:     6959.050     6964.090     6986.390     6998.110     7004.100
   710:     7037.590     7038.020     7041.360     7046.090     7058.150
   715:     7071.090     7071.370     7106.600     7130.210     7130.600
   720:     7155.070     7155.250     7157.650     7167.540     7167.730
   725:     7171.940     7172.060     7272.090     7276.530     7305.310
   730:     7512.460     7599.880     7660.170     7663.310     7667.680
   735:     7667.750     7674.440     7679.350     7696.410     7707.930
   740:     7750.440     7758.930     7789.320     7830.940     7834.460
   745:     7848.350     7932.680     7961.300     8066.920     8135.730
   750:     8181.850     8200.920     8236.440     8236.810     8256.440
   755:     8267.760     8407.520     8542.760     8553.230     8562.300
   760:     8568.250     8571.280     8571.440     8577.740     8579.490
   765:     8648.860     8752.310     8797.040     8799.100     8802.590
   770:     8803.810     8806.950     8808.570     8809.040     8810.590
   775:     8815.560     8816.460     8879.670     8879.870     9015.150
   780:     9022.110     9117.920     9118.160     9120.850     9162.700
   785:     9162.880     9197.970     9255.260     9258.790     9448.080
   790:     9478.510     9484.040     9489.320     9535.600     9538.380
   795:     9538.780     9538.850     9545.030     9545.220     9552.670
   800:     9556.340     9587.220     9587.690     9595.880     9601.490
   805:     9603.400     9603.420     9608.490     9609.930     9610.100
   810:     9610.120     9611.820     9612.440     9616.150     9617.160
   815:     9623.250     9623.440     9626.160     9626.260     9626.310
   820:     9626.400     9705.250     9715.770     9758.890     9766.560
   825:     9767.060     9772.600     9776.980     9780.580     9780.990
   830:     9781.210     9781.300     9781.670     9797.780     9798.090
   835:     9823.160     9830.250     9887.600     9888.560     9891.920
   840:     9906.820     9907.950     9913.270     9914.260     9916.370
   845:     9918.600     9920.000     9920.100     9920.160     9921.920
   850:     9928.040     9928.640     9928.950     9929.170     9929.180
   855:     9929.280     9929.340     9942.240     9982.320     9989.890
   860:     9990.610     9991.450     9992.180     9992.700     9992.790
   865:    10030.810    10040.980    10079.160    10109.320    10112.980
   870:    10122.820    10135.270    10237.250    10249.070    10251.930
   875:    10257.210    10264.790    10269.240    10276.120    10279.960
   880:    10280.250    10319.210    10324.990    10327.750    10351.130
   885:    10365.040    10367.360    10367.660    10402.130    10402.280
   890:    10402.620    10510.550    10533.710    10704.580    10705.710
   895:    10717.100    10717.580    10718.010    10718.840    10721.560
   900:    10723.620    10747.470    10747.750    10800.010
