File: C:\MED-PC IV\DATA\!2025-09-08_13h22m.Subject T13



Start Date: 09/08/25
End Date: 09/08/25
Subject: T13
Experiment: OralFentSA
Group: One
Box: 1
Start Time: 13:22:44
End Time: 16:22:56
MSN: Golden_Liq_SelfAdmin_EXT_LIT
F:       0.000
G:    1861.000
H:   10800.010
I:       0.000
J:       0.000
K:       0.000
L:       0.000
M:       0.000
N:       0.000
O:       0.000
P:       0.000
Q:       0.000
R:       0.000
S:       0.000
U:       0.000
V:       0.000
W:       0.000
X:       0.000
Y:       0.000
Z:       0.000
A:
     0:        0.000        0.000      180.000        4.000        0.000
     5:        5.000        0.000        5.000        0.000        0.000
    10:        1.000        0.000       10.000 100000000.00       27.000
    15:       16.000      640.000        0.000        0.000        0.000
    20:        0.000
B:
     0:        0.000        0.000        0.000        0.000        0.000
     5:        0.000        0.000        0.000        0.000        0.000
    10:        0.000        0.000     1000.000 10000000000.        0.000
    15:        0.000        0.000        0.000        0.000        0.000
    20:        0.000
C:
     0:        0.000       30.000        0.000       59.000     1638.000
     5:    10726.410       13.150       23.000      219.520        9.544
    10:       59.000       14.000        0.000        0.000        0.000
    15:        0.000        0.000        0.000        0.000        0.000
    20:        0.000
D:
     0:        2.040        1.580        2.350        1.160        1.460
     5:        4.110        1.500        5.970        3.560        1.280
    10:        7.680       13.640       14.230        9.430        5.930
    15:        4.350        7.010        6.520        2.530       10.660
    20:       97.320        2.060       13.150
E:
     0:       19.000       11.000       26.000       27.000        6.000
     5:        6.000        6.000        6.000        6.000        6.000
    10:        6.000        6.000        6.000        6.000        6.000
    15:        6.000        6.000        6.000        6.000        6.000
    20:        6.000        6.000        6.000        6.000        6.000
    25:        6.000        6.000        6.000        6.000        2.000
    30:        4.000       22.000       24.000        6.000        6.000
    35:        6.000       19.000        6.000        6.000        6.000
    40:        6.000        6.000        6.000        6.000       23.000
    45:        6.000        6.000        6.000        6.000        6.000
    50:        6.000        6.000        6.000        6.000        6.000
    55:        6.000        6.000        6.000        6.000        6.000
    60:        6.000        6.000        6.000        6.000        6.000
    65:        6.000        6.000        6.000        6.000        6.000
    70:        6.000        6.000        6.000        6.000        6.000
    75:        6.000        6.000        6.000        6.000        6.000
    80:        6.000        6.000        6.000        6.000        6.000
    85:        6.000        6.000        6.000        6.000        6.000
    90:        6.000        6.000        6.000        6.000        6.000
    95:        6.000        6.000        6.000        6.000        6.000
   100:        6.000        6.000        6.000        6.000        6.000
   105:        6.000        6.000        6.000        6.000        6.000
   110:        6.000        6.000        6.000        6.000        6.000
   115:        6.000        6.000        6.000        6.000        6.000
   120:        6.000        2.000        4.000       22.000       24.000
   125:        6.000        6.000        6.000        6.000        6.000
   130:       19.000        6.000        6.000        6.000        6.000
   135:        6.000        6.000        6.000        6.000        6.000
   140:        6.000        6.000       23.000       23.000       23.000
   145:        6.000        6.000        6.000        6.000        6.000
   150:        6.000        6.000        6.000        6.000        6.000
   155:        6.000        6.000        6.000        6.000        6.000
   160:        6.000        6.000       23.000        6.000        6.000
   165:        6.000        6.000        6.000        6.000        6.000
   170:        6.000        6.000        6.000        6.000        6.000
   175:        6.000        6.000        6.000        6.000        6.000
   180:        6.000        6.000        6.000        6.000        6.000
   185:        6.000        6.000        6.000        6.000        6.000
   190:        6.000        6.000        6.000        6.000        6.000
   195:        6.000       23.000       23.000        6.000        6.000
   200:        6.000        6.000        6.000        6.000        6.000
   205:        6.000        6.000        6.000        6.000        6.000
   210:        6.000        6.000        6.000        6.000        6.000
   215:        6.000        6.000        6.000       23.000        6.000
   220:        6.000        6.000        6.000        6.000        6.000
   225:        6.000        6.000        6.000        6.000        6.000
   230:        6.000        6.000        6.000        6.000        6.000
   235:        2.000        4.000       22.000       24.000        6.000
   240:       19.000        6.000        6.000        6.000        6.000
   245:        6.000        6.000        6.000        6.000        6.000
   250:        6.000        6.000        6.000        6.000        6.000
   255:        6.000        6.000        6.000        6.000        6.000
   260:        6.000        6.000        6.000        6.000        6.000
   265:        6.000        6.000        6.000        6.000        6.000
   270:        6.000        6.000        6.000        6.000        6.000
   275:        6.000        6.000        6.000        6.000        6.000
   280:        6.000        6.000        6.000        6.000        6.000
   285:        6.000        6.000        6.000        6.000        6.000
   290:        6.000        6.000        6.000        6.000        6.000
   295:        6.000        6.000        6.000        6.000        6.000
   300:        6.000        6.000        6.000        6.000        6.000
   305:        6.000        6.000        6.000        6.000        6.000
   310:        6.000        6.000        6.000        6.000        6.000
   315:        6.000        6.000        6.000        6.000        6.000
   320:        6.000        6.000        6.000        6.000        6.000
   325:        6.000        6.000        6.000        6.000        6.000
   330:        6.000        6.000        6.000        6.000        6.000
   335:        6.000        6.000        6.000        6.000        6.000
   340:        6.000        6.000        6.000        6.000        6.000
   345:        6.000        6.000        6.000        6.000        6.000
   350:        6.000        6.000        6.000        6.000        6.000
   355:        6.000        6.000        6.000        6.000        6.000
   360:        6.000       23.000        6.000        6.000        6.000
   365:        6.000        6.000        6.000        6.000        6.000
   370:        6.000        6.000        6.000        6.000        6.000
   375:        6.000        6.000        6.000        6.000        6.000
   380:        6.000        6.000        6.000        6.000        6.000
   385:        6.000        6.000        6.000        6.000        6.000
   390:        6.000        6.000        6.000        6.000        6.000
   395:        6.000        6.000        6.000        6.000        2.000
   400:        4.000       22.000       24.000        6.000       21.000
   405:       22.000       21.000       22.000       21.000       22.000
   410:       19.000        2.000        4.000       22.000       24.000
   415:        6.000        6.000       19.000        6.000        6.000
   420:        6.000        6.000        6.000        6.000        6.000
   425:        6.000        6.000        6.000        6.000        6.000
   430:        6.000        6.000        6.000        6.000        6.000
   435:        6.000        6.000        6.000        6.000        6.000
   440:        6.000        6.000        6.000        6.000        6.000
   445:        6.000        6.000        6.000        6.000        2.000
   450:        4.000       22.000       24.000        6.000       19.000
   455:        6.000        6.000        6.000        6.000        6.000
   460:        6.000        6.000        6.000        6.000        6.000
   465:        6.000        6.000        6.000        6.000        6.000
   470:        6.000        6.000        6.000        6.000        6.000
   475:        6.000        6.000        6.000        6.000        6.000
   480:        6.000        6.000        6.000        6.000        6.000
   485:        6.000        6.000        6.000        6.000        6.000
   490:        6.000        6.000        6.000        6.000        6.000
   495:        6.000        6.000        6.000        6.000        6.000
   500:        6.000        6.000        6.000        6.000        6.000
   505:        6.000        6.000        6.000        6.000        6.000
   510:        6.000        6.000        6.000        6.000        6.000
   515:        6.000        6.000        6.000        6.000        6.000
   520:        6.000        6.000        6.000        6.000        6.000
   525:        6.000        6.000        6.000        6.000        6.000
   530:        6.000        6.000        6.000        6.000        6.000
   535:        6.000        6.000        6.000        6.000        6.000
   540:        6.000        6.000        6.000        6.000        6.000
   545:        6.000        6.000        6.000        6.000        6.000
   550:        6.000        6.000        6.000        6.000        6.000
   555:        6.000        6.000        6.000        6.000        6.000
   560:        6.000        6.000        6.000        6.000        6.000
   565:        6.000        6.000        6.000        6.000        6.000
   570:        2.000        4.000       22.000       24.000       21.000
   575:       22.000        6.000        6.000        6.000        6.000
   580:        6.000       19.000        6.000        6.000        6.000
   585:        6.000        6.000        6.000        6.000        6.000
   590:        6.000        6.000        6.000        6.000        6.000
   595:        6.000        6.000        6.000        6.000        6.000
   600:        6.000        6.000        6.000        6.000        6.000
   605:        6.000        6.000        6.000        6.000        6.000
   610:        6.000        6.000        6.000        6.000        6.000
   615:        6.000        6.000        6.000        6.000        6.000
   620:        6.000        6.000        2.000        4.000       22.000
   625:       24.000       21.000       22.000       21.000       22.000
   630:       21.000       22.000       21.000       22.000       21.000
   635:       22.000       19.000        2.000        4.000       22.000
   640:       24.000        6.000        6.000        6.000        6.000
   645:       19.000        6.000        6.000        6.000        6.000
   650:        6.000        6.000        6.000        6.000        6.000
   655:        6.000        6.000        6.000        6.000        6.000
   660:        6.000        6.000        6.000        6.000        6.000
   665:        6.000        6.000        6.000        6.000        6.000
   670:        6.000        6.000        6.000        6.000        6.000
   675:        6.000        6.000        6.000        6.000        6.000
   680:        6.000        6.000        6.000        6.000        6.000
   685:        6.000        6.000        6.000        6.000        6.000
   690:        6.000        6.000        6.000        6.000        2.000
   695:        4.000       22.000       24.000        6.000       21.000
   700:       22.000        6.000       19.000        6.000        6.000
   705:        6.000        6.000        6.000        6.000        6.000
   710:        6.000        6.000        6.000        6.000        6.000
   715:        6.000        6.000        6.000        6.000       23.000
   720:       23.000        6.000        6.000        6.000        2.000
   725:        4.000       22.000       24.000        6.000        6.000
   730:        6.000        6.000        6.000        6.000        6.000
   735:        6.000       19.000        6.000        6.000        6.000
   740:        6.000        6.000        6.000        6.000        6.000
   745:        6.000        6.000        6.000        6.000        6.000
   750:        6.000        6.000        6.000        6.000        6.000
   755:        6.000        6.000        6.000        6.000        6.000
   760:        6.000        6.000        6.000        6.000        6.000
   765:        6.000        6.000        6.000        6.000        6.000
   770:        6.000        6.000        6.000        6.000        6.000
   775:        6.000        6.000        6.000        6.000        6.000
   780:        6.000        6.000        6.000        6.000        6.000
   785:        6.000        6.000        6.000        6.000        6.000
   790:        6.000        6.000        6.000        6.000        6.000
   795:        6.000        6.000        6.000        6.000        6.000
   800:        6.000        6.000        6.000        6.000        6.000
   805:        6.000        6.000        2.000        4.000       22.000
   810:       24.000       21.000       22.000       21.000       22.000
   815:        6.000       19.000        2.000        4.000       22.000
   820:       24.000       19.000        6.000        6.000        6.000
   825:        6.000        6.000        6.000        6.000        6.000
   830:        6.000        6.000        6.000        6.000        6.000
   835:        6.000        6.000        6.000        6.000        6.000
   840:        6.000        6.000        6.000        6.000        6.000
   845:        6.000        6.000        6.000        6.000        6.000
   850:        6.000        2.000        4.000       22.000       24.000
   855:       21.000       22.000       19.000        6.000        6.000
   860:        6.000        6.000        6.000        6.000        6.000
   865:        6.000        6.000        6.000        6.000        2.000
   870:        4.000       22.000       24.000       21.000       22.000
   875:       21.000       22.000       21.000       22.000       21.000
   880:       22.000        6.000       19.000        2.000        4.000
   885:       22.000       24.000        6.000        6.000       19.000
   890:        6.000        6.000        6.000        6.000        6.000
   895:        6.000        6.000        6.000        6.000        6.000
   900:        6.000        6.000        6.000        6.000        6.000
   905:        6.000        6.000        6.000        6.000        6.000
   910:        6.000        6.000        6.000        6.000        6.000
   915:        6.000        6.000        6.000        6.000        6.000
   920:        6.000        6.000        6.000        6.000        6.000
   925:        6.000        6.000        6.000        6.000        6.000
   930:        6.000        6.000        6.000        6.000        6.000
   935:        6.000        6.000        6.000        6.000        6.000
   940:        6.000        6.000        6.000        6.000        6.000
   945:        6.000        6.000        6.000        6.000        6.000
   950:        6.000        6.000        6.000        6.000        6.000
   955:        6.000        6.000        6.000        6.000        6.000
   960:        6.000        6.000        6.000        6.000        6.000
   965:        6.000        6.000        6.000        6.000        6.000
   970:        6.000        6.000        6.000        6.000        6.000
   975:        6.000        6.000        6.000        6.000        6.000
   980:        6.000        6.000        6.000        6.000        6.000
   985:        6.000        6.000        6.000        6.000        6.000
   990:        6.000        6.000        6.000        6.000        6.000
   995:        6.000        6.000        6.000        6.000        6.000
  1000:        6.000        6.000        6.000        6.000        6.000
  1005:        6.000        6.000        6.000        6.000        6.000
  1010:        6.000        6.000        6.000        6.000        6.000
  1015:        6.000        6.000        6.000        6.000        6.000
  1020:        6.000        6.000        6.000        6.000        6.000
  1025:        6.000        6.000        6.000        6.000        6.000
  1030:        6.000        6.000        6.000        6.000        6.000
  1035:        6.000        6.000        6.000        6.000        6.000
  1040:        6.000        6.000        6.000        6.000        6.000
  1045:        6.000        6.000        6.000        6.000        6.000
  1050:        6.000        6.000        6.000        6.000        6.000
  1055:        6.000        6.000        6.000        6.000        6.000
  1060:        6.000        6.000        6.000        6.000        6.000
  1065:        6.000        6.000        6.000        6.000        6.000
  1070:        6.000        6.000        6.000        6.000        6.000
  1075:        6.000        6.000        6.000        6.000        6.000
  1080:        6.000        6.000        6.000        6.000        6.000
  1085:        6.000        6.000        6.000        6.000        6.000
  1090:        6.000        6.000        6.000        6.000        6.000
  1095:        6.000        6.000        6.000        6.000        6.000
  1100:        6.000        6.000        6.000        6.000        6.000
  1105:        6.000        6.000        6.000        6.000        6.000
  1110:        6.000        6.000        6.000        6.000        6.000
  1115:        6.000        6.000        6.000        6.000        6.000
  1120:        6.000        6.000        6.000        6.000        6.000
  1125:        6.000        6.000        6.000        6.000        6.000
  1130:        6.000        6.000        6.000        6.000        6.000
  1135:        6.000        6.000        6.000        6.000        6.000
  1140:        6.000        6.000        6.000        6.000        6.000
  1145:        6.000        6.000        2.000        4.000       22.000
  1150:       24.000        6.000        6.000       19.000        6.000
  1155:        6.000        6.000        6.000        6.000        6.000
  1160:        6.000        6.000        6.000        6.000        6.000
  1165:       23.000        6.000        6.000        6.000        6.000
  1170:        6.000        6.000        6.000        6.000        6.000
  1175:        6.000        6.000        6.000        6.000        6.000
  1180:        6.000        6.000        6.000        6.000        6.000
  1185:        6.000        6.000        6.000        6.000        6.000
  1190:        6.000        6.000        6.000        6.000        6.000
  1195:        6.000        6.000        6.000        6.000        6.000
  1200:        6.000        6.000        6.000        6.000        6.000
  1205:        6.000        6.000        6.000        6.000        6.000
  1210:        6.000        6.000        6.000        6.000        6.000
  1215:        6.000        6.000        6.000        6.000        6.000
  1220:        6.000        6.000        6.000        6.000        6.000
  1225:        6.000        6.000        6.000        6.000        6.000
  1230:        6.000        6.000        6.000        6.000        6.000
  1235:        6.000        6.000        6.000        6.000        6.000
  1240:        6.000        6.000        6.000        6.000        6.000
  1245:        6.000        6.000        6.000        6.000        6.000
  1250:        6.000        6.000        6.000        6.000        6.000
  1255:        6.000        6.000        6.000        6.000        6.000
  1260:        6.000        6.000        6.000        6.000        6.000
  1265:        6.000        6.000        6.000        6.000        2.000
  1270:        4.000       22.000       24.000       21.000       22.000
  1275:        6.000        6.000       19.000        6.000        6.000
  1280:        6.000        6.000        6.000        6.000        6.000
  1285:        6.000        6.000        6.000        6.000        6.000
  1290:        6.000        6.000        6.000        6.000        6.000
  1295:        6.000        6.000        6.000        6.000        6.000
  1300:        6.000        6.000        6.000        6.000        6.000
  1305:        6.000        6.000        6.000        6.000        6.000
  1310:        6.000        6.000        6.000        6.000        6.000
  1315:        6.000        6.000        6.000        6.000        6.000
  1320:        6.000        6.000        6.000        6.000        6.000
  1325:        6.000        6.000        6.000        6.000        6.000
  1330:        6.000        6.000        6.000        6.000        6.000
  1335:        6.000        6.000        6.000        6.000        6.000
  1340:        6.000        6.000        6.000        6.000        6.000
  1345:        6.000        6.000        6.000        6.000        6.000
  1350:        6.000        6.000        6.000        6.000        6.000
  1355:        6.000        6.000        6.000        6.000        6.000
  1360:        6.000        6.000        6.000        6.000        6.000
  1365:        6.000        6.000        6.000        6.000        6.000
  1370:        6.000        6.000        6.000        6.000        6.000
  1375:        6.000        6.000        6.000        6.000        6.000
  1380:        6.000        6.000        6.000        6.000        6.000
  1385:        6.000        6.000        6.000        6.000        6.000
  1390:        6.000        6.000        6.000        6.000        6.000
  1395:        6.000        6.000        6.000        6.000        6.000
  1400:        6.000        6.000        6.000        6.000        6.000
  1405:        6.000        6.000        6.000        6.000        6.000
  1410:        6.000        6.000        6.000        6.000        6.000
  1415:        6.000        6.000        6.000        6.000        6.000
  1420:        6.000        6.000        6.000        6.000        6.000
  1425:        6.000        6.000        6.000        6.000        6.000
  1430:        6.000        6.000        6.000        6.000        6.000
  1435:        6.000        6.000        6.000        6.000        6.000
  1440:        6.000        6.000        6.000        6.000        6.000
  1445:        6.000        6.000        6.000        6.000        6.000
  1450:        6.000        6.000        6.000        6.000        6.000
  1455:        6.000        6.000        6.000        6.000        6.000
  1460:        6.000        6.000        6.000        6.000        6.000
  1465:        6.000        6.000        6.000        6.000        6.000
  1470:        6.000        6.000        6.000        6.000        6.000
  1475:        6.000        6.000        6.000        6.000        6.000
  1480:        6.000        6.000        6.000        6.000        6.000
  1485:        6.000        6.000        6.000        6.000        6.000
  1490:        6.000        6.000        6.000        6.000        6.000
  1495:        6.000        6.000        6.000        6.000        6.000
  1500:        6.000        6.000        6.000        6.000        6.000
  1505:        6.000        6.000        6.000        6.000        6.000
  1510:        6.000        6.000        6.000        6.000        6.000
  1515:        6.000        6.000        6.000        6.000        6.000
  1520:        6.000        6.000        6.000        6.000        6.000
  1525:        6.000        6.000        6.000        6.000        6.000
  1530:        6.000        6.000        6.000        6.000        6.000
  1535:        6.000        6.000        6.000        6.000        6.000
  1540:        6.000        6.000        6.000        6.000        6.000
  1545:        6.000        6.000        6.000        6.000        6.000
  1550:        6.000        6.000        6.000        6.000        6.000
  1555:        6.000        6.000        6.000        6.000        6.000
  1560:        6.000        6.000        6.000        6.000        6.000
  1565:        6.000        6.000        6.000        6.000        6.000
  1570:        6.000        2.000        4.000       22.000       24.000
  1575:       21.000       22.000       21.000       22.000        6.000
  1580:        6.000       19.000        6.000        6.000        6.000
  1585:        6.000        6.000        6.000        6.000        6.000
  1590:        6.000        6.000        6.000        6.000        6.000
  1595:        6.000        6.000        6.000        6.000        6.000
  1600:        6.000        6.000        6.000        6.000        6.000
  1605:        6.000        6.000        6.000        6.000        6.000
  1610:        6.000        6.000        6.000        6.000        6.000
  1615:        6.000        6.000        6.000        6.000        6.000
  1620:        6.000        6.000        6.000        6.000        6.000
  1625:        6.000        6.000        6.000        6.000        6.000
  1630:        6.000        6.000        6.000        6.000        6.000
  1635:        6.000        6.000        6.000        6.000        6.000
  1640:        6.000        6.000        6.000        6.000        6.000
  1645:        6.000        6.000        6.000        6.000        6.000
  1650:        6.000        6.000        6.000        6.000        6.000
  1655:        6.000        6.000        6.000        6.000        6.000
  1660:        6.000        6.000        6.000        6.000        6.000
  1665:        6.000        6.000        6.000        6.000        6.000
  1670:        6.000        6.000        6.000        6.000        6.000
  1675:        6.000        6.000        6.000        6.000        6.000
  1680:        6.000        6.000        6.000        6.000        6.000
  1685:        6.000        6.000        6.000        6.000        6.000
  1690:        6.000        6.000        6.000        6.000        6.000
  1695:        6.000        6.000        6.000        6.000        6.000
  1700:        6.000        6.000        6.000        6.000        6.000
  1705:        6.000        6.000        6.000        6.000        6.000
  1710:        6.000        6.000        6.000        6.000        6.000
  1715:        6.000        6.000        6.000        6.000        6.000
  1720:        6.000        6.000        6.000        6.000        6.000
  1725:        6.000        6.000        6.000        6.000        6.000
  1730:        6.000        6.000        6.000        6.000        6.000
  1735:        6.000        6.000        6.000        6.000        6.000
  1740:        6.000        6.000        6.000        2.000        4.000
  1745:       22.000       24.000       21.000       22.000        6.000
  1750:        6.000       19.000        6.000        6.000        6.000
  1755:        6.000       23.000        6.000        6.000        6.000
  1760:        6.000        6.000        6.000        2.000        4.000
  1765:       22.000       24.000       19.000        6.000        6.000
  1770:        6.000        2.000        4.000       22.000       24.000
  1775:       19.000        2.000        4.000       22.000       24.000
  1780:       19.000       23.000        6.000        2.000        4.000
  1785:       22.000       24.000        6.000        6.000        6.000
  1790:        6.000       19.000        6.000        6.000        6.000
  1795:        6.000        6.000        6.000        6.000        6.000
  1800:        6.000        6.000        6.000        6.000        6.000
  1805:        6.000        6.000        6.000        6.000        6.000
  1810:        6.000        6.000        6.000        6.000        6.000
  1815:        6.000        2.000        4.000       22.000       24.000
  1820:       21.000       22.000       21.000       22.000       19.000
  1825:        6.000        6.000        2.000        4.000       22.000
  1830:       24.000       21.000       22.000       19.000        2.000
  1835:        4.000       22.000       24.000       19.000        2.000
  1840:        4.000       22.000       24.000       21.000       22.000
  1845:       21.000       22.000       21.000       22.000       21.000
  1850:       22.000       21.000       22.000       19.000        2.000
  1855:        4.000       22.000       24.000       21.000       22.000
  1860:       19.000      100.000
T:
     0:        0.000        0.000        0.000        0.000        9.730
     5:       11.320       28.410       33.360       52.250       72.720
    10:      153.420      171.030      184.710      195.860      198.320
    15:      198.850      219.910      222.810      264.440      304.810
    20:      369.160      381.400      381.690      382.690      382.960
    25:      416.780      431.440      432.150      432.430      441.460
    30:      441.460      441.460      441.470      443.510      443.940
    35:      444.930      451.460      472.770      475.280      475.610
    40:      476.610      545.400      575.360      575.670      594.940
    45:      654.400      654.540      654.860      655.010      655.830
    50:      710.220      729.100      743.590      744.620      751.730
    55:      754.350      754.590      754.710      754.800      754.820
    60:      754.990      755.950      755.980      771.290      772.040
    65:      773.350      778.560      780.730      780.740      780.780
    70:      782.290      782.320      784.300      784.870      785.390
    75:      786.230      786.240      786.570      786.610      786.950
    80:      793.440      795.390      795.840      795.850      795.920
    85:      796.200      800.550      804.810      806.420      806.980
    90:      807.320      809.060      809.430      809.550      810.560
    95:      811.080      828.170      838.970      839.160      839.660
   100:      843.170      848.560     1085.680     1092.500     1120.220
   105:     1154.980     1160.820     1163.310     1217.200     1217.570
   110:     1220.600     1221.900     1251.160     1254.970     1255.180
   115:     1255.230     1255.430     1256.220     1261.730     1336.930
   120:     1336.940     1360.500     1360.500     1360.500     1360.510
   125:     1362.090     1367.570     1369.780     1370.100     1370.400
   130:     1370.500     1370.910     1375.140     1378.590     1378.750
   135:     1379.210     1380.340     1380.640     1380.670     1380.990
   140:     1458.380     1529.560     1595.730     1595.990     1598.310
   145:     1611.120     1611.450     1613.990     1638.070     1643.470
   150:     1643.880     1644.650     1644.700     1645.430     1645.580
   155:     1666.880     1685.580     1816.530     1816.580     1816.610
   160:     1817.100     1826.590     1842.760     1853.330     1908.940
   165:     1914.200     1916.380     1916.390     1918.180     1919.120
   170:     1947.310     1948.140     1951.840     1953.760     1956.150
   175:     1956.960     1957.110     1958.690     1959.280     1959.440
   180:     1966.710     1968.700     1968.980     1972.740     1973.290
   185:     1974.830     1975.160     1976.990     1977.840     1978.040
   190:     1981.510     1981.830     1981.870     1981.930     2108.780
   195:     2125.560     2136.650     2146.410     2158.540     2205.620
   200:     2222.020     2222.430     2225.510     2228.550     2229.000
   205:     2236.370     2236.440     2236.540     2237.030     2237.970
   210:     2238.070     2252.470     2257.440     2257.810     2293.200
   215:     2293.530     2386.230     2387.730     2409.280     2418.120
   220:     2421.180     2425.670     2425.700     2425.950     2426.580
   225:     2431.090     2434.110     2437.070     2437.510     2442.580
   230:     2444.980     2510.800     2521.660     2522.480     2526.350
   235:     2575.280     2575.280     2575.280     2575.290     2577.640
   240:     2585.280     2603.830     2616.730     2716.420     2722.120
   245:     2723.910     2724.410     2725.170     2734.420     2738.910
   250:     2740.870     2740.980     2743.890     2746.620     2747.040
   255:     2747.150     2748.950     2749.040     2749.550     2750.700
   260:     2769.410     2773.390     2774.080     2774.530     2785.640
   265:     2790.500     2795.020     2795.110     2795.590     2797.300
   270:     2812.720     2814.530     2815.210     2815.780     2820.570
   275:     2821.330     2885.710     2886.060     2889.280     2931.610
   280:     2964.650     2976.250     2980.970     2981.600     2981.640
   285:     2986.390     2990.580     2991.260     2993.580     3009.320
   290:     3009.800     3011.750     3012.340     3014.210     3016.110
   295:     3018.640     3019.500     3021.460     3023.390     3038.630
   300:     3039.160     3078.360     3141.630     3144.520     3144.770
   305:     3144.980     3145.100     3145.530     3146.320     3146.610
   310:     3149.720     3149.940     3151.380     3151.450     3151.600
   315:     3151.610     3151.660     3154.720     3159.850     3160.210
   320:     3160.610     3162.100     3162.270     3162.610     3164.990
   325:     3165.400     3167.340     3227.190     3231.810     3232.260
   330:     3237.100     3237.490     3237.830     3237.850     3253.080
   335:     3268.110     3272.770     3274.170     3275.450     3283.390
   340:     3286.700     3289.530     3299.230     3299.760     3304.090
   345:     3305.220     3305.360     3305.520     3317.770     3318.080
   350:     3318.220     3323.380     3325.900     3337.490     3342.620
   355:     3343.100     3343.230     3343.610     3345.250     3345.700
   360:     3517.670     3540.710     3560.390     3560.860     3563.550
   365:     3565.670     3571.790     3576.060     3645.280     3645.780
   370:     3646.270     3648.710     3663.850     3665.290     3667.260
   375:     3669.520     3672.330     3673.000     3678.140     3681.400
   380:     3681.980     3683.150     3684.420     3684.810     3684.840
   385:     3690.030     3691.080     3691.120     3691.210     3691.490
   390:     3693.190     3693.610     3695.130     3696.820     3696.850
   395:     3696.980     3697.020     3697.230     3698.390     3714.430
   400:     3714.430     3714.430     3714.440     3715.600     3719.210
   405:     3719.210     3720.490     3720.490     3722.540     3722.540
   410:     3724.430     3724.740     3724.740     3724.740     3724.750
   415:     3726.210     3727.260     3734.740     3761.910     3840.650
   420:     3840.690     3840.700     3842.030     3851.280     3851.650
   425:     3857.150     3857.270     3862.020     3862.230     3865.390
   430:     3870.530     3870.680     3870.700     3870.860     3873.560
   435:     3873.920     3874.420     3874.440     3874.520     3876.400
   440:     3876.770     3882.800     3898.550     3898.730     3898.770
   445:     3898.880     3898.910     3899.240     3942.090     3955.100
   450:     3955.100     3955.100     3955.110     3959.220     3965.100
   455:     4012.980     4081.640     4138.650     4138.770     4139.750
   460:     4143.240     4145.720     4146.130     4150.320     4210.860
   465:     4214.750     4215.340     4219.060     4219.590     4230.680
   470:     4233.670     4234.120     4234.270     4237.030     4237.130
   475:     4237.200     4237.270     4244.400     4250.010     4250.810
   480:     4250.830     4250.990     4251.110     4252.110     4252.460
   485:     4253.310     4253.460     4253.820     4258.720     4259.260
   490:     4261.240     4261.320     4263.680     4264.100     4264.380
   495:     4264.460     4264.520     4264.580     4264.860     4266.560
   500:     4266.600     4267.110     4270.670     4275.700     4276.080
   505:     4276.670     4285.520     4285.550     4285.680     4289.160
   510:     4289.370     4294.300     4308.650     4308.940     4316.870
   515:     4323.880     4324.300     4324.310     4324.400     4324.490
   520:     4324.570     4324.810     4326.210     4326.360     4326.840
   525:     4327.300     4328.200     4330.770     4335.320     4338.780
   530:     4342.060     4343.190     4343.590     4353.760     4357.300
   535:     4371.130     4373.250     4375.500     4375.590     4376.510
   540:     4378.980     4379.490     4379.860     4383.000     4383.140
   545:     4383.330     4387.740     4388.320     4389.860     4390.030
   550:     4390.220     4391.030     4391.600     4394.820     4407.220
   555:     4408.180     4408.200     4415.370     4428.920     4476.190
   560:     4649.140     4649.510     4652.980     4653.630     4661.920
   565:     4676.830     4684.350     4685.990     4692.460     4694.350
   570:     4698.380     4698.380     4698.380     4698.390     4698.950
   575:     4698.950     4699.890     4701.190     4703.210     4703.350
   580:     4707.640     4708.380     4712.660     4717.670     4721.620
   585:     4725.020     4760.000     4760.190     4760.430     4764.600
   590:     4765.370     4765.680     4767.650     4771.390     4785.670
   595:     4793.370     4869.590     4870.520     4874.420     4875.750
   600:     4877.710     4877.890     4877.930     4879.390     4879.950
   605:     4880.130     4880.850     4883.080     4888.620     4892.430
   610:     4893.370     4893.510     4893.820     4894.390     4894.400
   615:     4894.490     4894.510     4896.630     4910.460     4912.380
   620:     4924.190     4924.760     4927.780     4927.780     4927.780
   625:     4927.790     4929.620     4929.620     4930.790     4930.790
   630:     4932.270     4932.270     4933.610     4933.610     4935.630
   635:     4935.630     4937.780     4938.500     4938.500     4938.500
   640:     4938.510     4944.480     4945.750     4946.750     4948.190
   645:     4948.500     4967.140     4968.010     4970.890     4974.370
   650:     4992.880     4999.190     5000.160     5000.620     5001.420
   655:     5001.820     5001.930     5002.070     5002.380     5002.470
   660:     5003.380     5003.970     5004.600     5006.020     5009.190
   665:     5011.070     5013.220     5018.300     5018.450     5023.570
   670:     5028.370     5029.110     5032.170     5032.290     5033.220
   675:     5033.240     5033.530     5033.560     5033.990     5036.660
   680:     5037.230     5037.800     5037.840     5038.450     5039.100
   685:     5041.730     5042.100     5042.320     5042.370     5042.630
   690:     5043.010     5062.390     5063.450     5070.540     5074.240
   695:     5074.240     5074.240     5074.250     5077.810     5081.040
   700:     5081.040     5083.350     5084.240     5085.640     5085.860
   705:     5085.910     5086.070     5086.500     5086.810     5087.290
   710:     5112.130     5112.220     5112.230     5118.660     5123.720
   715:     5123.990     5131.170     5168.970     5169.670     5178.720
   720:     5181.990     5189.860     5231.640     5232.410     5235.760
   725:     5235.760     5235.760     5235.770     5237.050     5238.970
   730:     5239.070     5239.250     5239.670     5241.580     5242.450
   735:     5243.650     5245.760     5248.260     5250.580     5250.600
   740:     5251.930     5252.510     5255.140     5259.400     5263.390
   745:     5276.250     5293.450     5294.430     5294.470     5294.800
   750:     5295.150     5295.870     5296.000     5297.880     5298.790
   755:     5302.040     5304.290     5308.380     5308.850     5309.450
   760:     5309.860     5310.740     5311.020     5311.120     5311.170
   765:     5311.230     5311.650     5312.400     5316.400     5316.750
   770:     5318.010     5320.260     5320.600     5321.090     5321.220
   775:     5321.970     5322.010     5322.160     5322.760     5322.970
   780:     5324.560     5351.240     5351.540     5373.050     5373.530
   785:     5375.610     5376.100     5376.220     5376.260     5376.570
   790:     5376.840     5377.070     5377.270     5379.100     5385.750
   795:     5390.450     5390.710     5391.400     5393.150     5393.170
   800:     5393.290     5393.340     5393.530     5393.950     5394.030
   805:     5394.390     5394.400     5417.770     5417.770     5417.770
   810:     5417.780     5418.680     5418.680     5420.120     5420.120
   815:     5425.460     5427.770     5428.990     5428.990     5428.990
   820:     5429.000     5438.990     5442.640     5443.550     5443.790
   825:     5464.780     5465.660     5466.020     5466.360     5466.420
   830:     5469.790     5470.970     5484.740     5488.730     5543.560
   835:     5678.230     5678.510     5679.510     5691.640     5691.750
   840:     5692.430     5700.940     5701.620     5701.640     5701.740
   845:     5702.270     5703.060     5703.790     5704.310     5707.120
   850:     5723.310     5727.940     5727.940     5727.940     5727.950
   855:     5736.300     5736.300     5737.940     5742.180     5744.640
   860:     5762.860     5763.860     5767.530     5769.020     5819.420
   865:     5839.570     5839.950     5840.420     5841.760     5848.150
   870:     5848.150     5848.150     5848.160     5849.820     5849.820
   875:     5852.990     5852.990     5854.100     5854.100     5855.370
   880:     5855.370     5857.590     5858.150     5859.830     5859.830
   885:     5859.830     5859.840     5865.770     5866.140     5869.830
   890:     5874.310     5874.720     5874.950     5882.260     5882.980
   895:     5884.690     5886.150     5886.420     5889.640     5892.330
   900:     5893.150     5893.250     5893.770     5894.100     5894.460
   905:     5894.850     5894.900     5895.950     5986.330     5986.600
   910:     5989.210     5989.730     5993.310     5995.090     6016.780
   915:     6021.170     6030.890     6051.490     6057.950     6060.770
   920:     6060.890     6061.020     6062.630     6064.800     6065.740
   925:     6078.340     6079.900     6079.910     6080.120     6086.000
   930:     6088.150     6088.260     6088.990     6089.480     6089.630
   935:     6093.440     6093.560     6094.010     6094.740     6095.600
   940:     6097.980     6098.340     6098.630     6098.770     6098.830
   945:     6098.960     6099.160     6099.370     6099.560     6101.000
   950:     6101.120     6101.330     6105.510     6108.370     6108.490
   955:     6108.610     6108.630     6108.660     6108.750     6108.780
   960:     6108.900     6110.450     6110.560     6111.070     6111.120
   965:     6111.570     6117.240     6131.390     6133.710     6134.330
   970:     6134.370     6134.740     6136.330     6145.910     6146.000
   975:     6151.370     6155.010     6158.650     6159.200     6159.460
   980:     6160.100     6161.230     6165.340     6167.070     6167.110
   985:     6169.110     6169.300     6169.720     6171.730     6171.850
   990:     6173.100     6359.470     6359.560     6359.940     6361.580
   995:     6398.330     6399.650     6401.590     6402.790     6403.460
  1000:     6406.010     6406.500     6406.930     6407.990     6413.280
  1005:     6418.930     6419.530     6421.340     6425.930     6429.460
  1010:     6429.500     6430.110     6430.870     6431.000     6431.810
  1015:     6431.950     6435.160     6435.460     6443.900     6443.970
  1020:     6444.170     6448.390     6449.380     6449.430     6450.380
  1025:     6451.810     6452.920     6453.130     6453.250     6453.700
  1030:     6454.670     6454.880     6455.390     6455.460     6455.600
  1035:     6455.770     6457.000     6457.380     6457.410     6457.560
  1040:     6457.600     6458.520     6458.700     6459.550     6459.600
  1045:     6460.370     6462.200     6462.660     6462.730     6462.850
  1050:     6463.450     6464.880     6467.130     6467.250     6468.040
  1055:     6468.100     6471.120     6471.750     6472.240     6472.320
  1060:     6472.420     6472.560     6473.790     6473.880     6474.000
  1065:     6479.980     6490.220     6490.700     6491.910     6492.740
  1070:     6494.890     6495.040     6495.270     6495.730     6497.030
  1075:     6497.170     6497.340     6497.440     6497.550     6498.110
  1080:     6499.270     6499.330     6499.720     6500.680     6508.760
  1085:     6511.040     6511.450     6515.770     6518.480     6518.600
  1090:     6522.000     6524.350     6526.270     6530.010     6532.400
  1095:     6533.060     6533.280     6540.180     6544.210     6546.070
  1100:     6546.230     6546.270     6546.310     6546.410     6546.500
  1105:     6546.640     6546.780     6547.110     6550.930     6555.670
  1110:     6560.130     6560.260     6560.800     6562.640     6567.080
  1115:     6569.480     6573.170     6575.200     6578.540     6578.850
  1120:     6580.990     6581.040     6581.230     6582.710     6583.030
  1125:     6586.700     6586.810     6588.780     6593.920     6594.750
  1130:     6598.150     6598.640     6598.950     6599.870     6600.100
  1135:     6601.130     6601.340     6601.400     6602.110     6602.740
  1140:     6612.790     6613.130     6613.290     6613.620     6613.640
  1145:     6614.600     6615.310     6620.170     6620.170     6620.170
  1150:     6620.180     6624.530     6629.740     6630.170     6633.280
  1155:     6634.980     6701.380     6710.580     6958.360     6959.150
  1160:     6976.750     6979.250     6979.330     6981.070     6986.290
  1165:     7004.940     7048.440     7050.090     7050.210     7067.990
  1170:     7069.200     7069.880     7070.330     7071.290     7071.690
  1175:     7074.740     7075.420     7085.240     7087.320     7088.350
  1180:     7095.640     7096.730     7097.220     7098.290     7103.110
  1185:     7103.820     7103.930     7104.250     7104.360     7105.330
  1190:     7114.130     7114.740     7116.750     7118.960     7119.050
  1195:     7119.800     7122.930     7126.200     7128.420     7128.860
  1200:     7129.730     7130.020     7131.890     7131.950     7133.550
  1205:     7136.230     7136.440     7138.200     7141.690     7148.600
  1210:     7148.650     7148.750     7148.960     7148.990     7399.890
  1215:     7410.940     7411.370     7416.890     7433.900     7434.000
  1220:     7434.350     7437.430     7438.140     7438.190     7439.360
  1225:     7441.420     7441.780     7446.760     7447.430     7449.020
  1230:     7449.040     7449.320     7449.760     7450.040     7450.290
  1235:     7450.400     7450.480     7451.000     7451.040     7451.060
  1240:     7451.100     7451.970     7453.200     7453.730     7470.120
  1245:     7470.390     7471.490     7471.530     7472.380     7472.400
  1250:     7472.420     7472.490     7472.570     7472.590     7472.620
  1255:     7472.680     7472.810     7474.190     7474.300     7474.450
  1260:     7475.030     7490.120     7499.060     7499.360     7500.090
  1265:     7513.460     7514.400     7514.590     7543.620     7551.460
  1270:     7551.460     7551.460     7551.470     7554.860     7554.860
  1275:     7558.480     7559.100     7561.460     7570.260     7576.840
  1280:     7577.910     7594.620     7594.650     7611.680     7620.360
  1285:     7621.070     7621.920     7622.570     7623.330     7624.580
  1290:     7624.660     7624.720     7625.120     7625.650     7625.850
  1295:     7626.390     7626.720     7647.310     7655.680     7679.130
  1300:     7679.220     7680.210     7685.080     7693.260     7694.370
  1305:     7694.560     7695.230     7695.340     7695.370     7696.170
  1310:     7699.450     7702.190     7702.630     7703.530     7706.710
  1315:     7707.430     7707.600     7707.920     7709.330     7709.480
  1320:     7710.160     7710.390     7710.630     7710.690     7710.800
  1325:     7710.900     7711.390     7717.850     7731.430     7731.810
  1330:     7732.580     7732.790     7735.370     7736.440     7740.220
  1335:     7740.720     7742.420     7748.040     7748.070     7750.200
  1340:     7760.580     7762.640     7765.520     7767.270     7768.660
  1345:     7771.700     7775.260     7775.500     7775.810     7775.880
  1350:     7781.410     7781.460     7785.220     7785.280     7785.780
  1355:     7786.810     7790.760     7791.100     7793.100     7793.290
  1360:     7795.330     7796.190     7797.010     7797.060     7797.120
  1365:     7797.170     7797.940     7799.190     7799.260     7799.370
  1370:     7799.510     7800.320     7800.380     7801.620     7801.660
  1375:     7801.690     7802.260     7802.350     7802.590     7802.900
  1380:     7802.960     7803.780     7804.080     7804.390     7805.550
  1385:     7805.560     7805.810     7805.850     7805.920     7806.850
  1390:     7809.880     7811.870     7812.520     7814.180     7814.420
  1395:     7817.690     7817.720     7817.950     7818.950     7819.340
  1400:     7819.420     7819.460     7819.850     7819.940     7820.560
  1405:     7821.240     7824.640     7825.080     7825.110     7825.430
  1410:     7825.560     7826.770     7827.220     7827.540     7828.170
  1415:     7828.950     7829.820     7829.850     7829.860     7830.360
  1420:     7830.550     7830.920     7832.670     7833.030     7833.240
  1425:     7833.570     7835.550     7835.570     7835.590     7836.020
  1430:     7837.050     7839.190     7840.250     7840.570     7842.530
  1435:     7842.610     7842.940     7843.360     7843.520     7843.730
  1440:     7844.980     7845.260     7845.370     7845.570     7845.800
  1445:     7846.580     7847.370     7850.760     7851.170     7851.450
  1450:     7851.620     7851.880     7852.050     7852.490     7852.860
  1455:     7853.030     7857.040     7857.980     7858.420     7858.580
  1460:     7860.080     7860.510     7860.560     7860.670     7860.710
  1465:     7860.720     7860.830     7861.110     7861.300     7868.400
  1470:     7868.610     7868.660     7869.120     7869.410     7873.320
  1475:     7879.250     7879.820     7879.910     7880.730     7881.080
  1480:     7881.700     7886.540     7887.060     7887.450     7887.600
  1485:     7887.820     7889.910     7889.980     7890.060     7892.810
  1490:     7892.890     7892.930     7893.560     7903.390     7904.180
  1495:     7904.440     7904.590     7905.220     7905.300     7906.180
  1500:     7906.280     7906.420     7906.550     7906.640     7910.750
  1505:     7910.870     7911.130     7913.080     7914.050     7914.500
  1510:     7914.830     7917.660     7918.840     7923.100     8027.160
  1515:     8027.170     8047.000     8047.140     8047.990     8048.210
  1520:     8057.460     8069.780     8070.100     8071.180     8077.140
  1525:     8079.220     8079.290     8079.990     8080.580     8081.090
  1530:     8081.490     8081.650     8081.660     8083.150     8084.030
  1535:     8084.270     8086.840     8087.090     8150.490     8154.930
  1540:     8279.250     8284.440     8284.750     8284.910     8285.880
  1545:     8292.350     8293.010     8293.130     8293.340     8320.950
  1550:     8321.100     8322.850     8334.170     8339.970     8342.730
  1555:     8342.830     8342.890     8342.990     8343.370     8343.460
  1560:     8343.630     8365.390     8365.490     8366.810     8377.620
  1565:     8378.390     8380.420     8385.370     8385.430     8390.800
  1570:     8392.150     8415.130     8415.130     8415.130     8415.140
  1575:     8415.790     8415.790     8418.450     8418.450     8421.660
  1580:     8422.650     8425.130     8425.740     8435.460     8435.890
  1585:     8436.340     8438.240     8438.810     8438.820     8439.120
  1590:     8440.970     8441.010     8441.220     8441.770     8443.350
  1595:     8443.430     8443.900     8450.910     8451.260     8452.530
  1600:     8453.500     8454.080     8455.500     8456.240     8456.480
  1605:     8456.700     8457.250     8458.740     8458.790     8459.130
  1610:     8462.900     8464.710     8464.830     8466.070     8478.280
  1615:     8479.580     8480.390     8537.990     8546.000     8547.280
  1620:     8548.020     8551.680     8552.230     8552.890     8554.500
  1625:     8556.430     8556.590     8557.370     8558.780     8559.790
  1630:     8562.430     8564.440     8564.710     8565.520     8569.320
  1635:     8570.060     8579.900     8580.430     8583.450     8583.860
  1640:     8585.740     8586.840     8588.890     8589.880     8595.280
  1645:     8598.360     8599.470     8601.390     8609.200     8609.640
  1650:     8610.220     8611.710     8612.300     8614.020     8615.000
  1655:     8615.020     8617.140     8619.360     8619.720     8619.780
  1660:     8620.130     8826.110     8849.660     8849.900     8852.050
  1665:     8853.840     8853.910     8854.290     8859.650     8860.380
  1670:     8860.480     8860.630     8860.940     8863.800     8863.850
  1675:     8864.100     8865.210     8865.310     8865.720     8865.800
  1680:     8869.160     8869.520     8869.800     8870.820     8875.170
  1685:     8982.850     8993.740     8994.250     8994.360     8994.500
  1690:     8994.610     8996.600     8996.750     8996.770     8997.120
  1695:     8997.240     8997.710     9078.710     9079.900     9158.690
  1700:     9227.430     9274.050     9526.090     9533.650     9602.410
  1705:     9602.980     9605.830     9606.320     9617.430     9617.760
  1710:     9617.770     9629.510     9632.650     9634.040     9634.060
  1715:     9634.300     9634.530     9639.830     9639.860     9640.140
  1720:     9640.220     9640.660     9640.830     9641.100     9641.190
  1725:     9641.300     9641.470     9641.500     9641.580     9649.850
  1730:     9650.790     9672.730     9757.640     9757.970     9758.010
  1735:     9760.520     9760.700     9761.230     9808.140     9809.400
  1740:     9809.470     9810.280     9838.680     9841.600     9841.600
  1745:     9841.600     9841.610     9842.850     9842.850     9844.140
  1750:     9844.900     9851.600     9880.780     9881.050     9900.630
  1755:     9905.070     9997.270    10024.770    10201.400    10202.160
  1760:    10209.710    10265.120    10309.520    10323.870    10323.870
  1765:    10323.870    10323.880    10333.870    10334.540    10335.100
  1770:    10335.320    10341.330    10341.330    10341.330    10341.340
  1775:    10351.330    10352.970    10352.970    10352.970    10352.980
  1780:    10362.970    10409.880    10450.300    10457.080    10457.080
  1785:    10457.080    10457.090    10459.150    10459.490    10459.910
  1790:    10462.400    10467.080    10469.110    10486.410    10486.520
  1795:    10486.940    10492.230    10493.020    10499.130    10500.160
  1800:    10509.310    10519.580    10520.730    10520.960    10521.040
  1805:    10549.560    10559.230    10560.890    10565.290    10565.420
  1810:    10565.870    10565.910    10567.820    10569.240    10569.460
  1815:    10570.790    10642.150    10642.150    10642.150    10642.160
  1820:    10644.540    10644.540    10647.380    10647.380    10652.150
  1825:    10655.310    10662.280    10669.630    10669.630    10669.630
  1830:    10669.640    10674.170    10674.170    10679.630    10687.060
  1835:    10687.060    10687.060    10687.070    10697.060    10701.560
  1840:    10701.560    10701.560    10701.570    10704.400    10704.400
  1845:    10706.920    10706.920    10707.030    10707.030    10709.660
  1850:    10709.660    10710.730    10710.730    10711.560    10726.400
  1855:    10726.400    10726.400    10726.410    10732.350    10732.350
  1860:    10736.400    10800.010
