File: C:\MED-PC IV\DATA\!2025-09-08_17h04m.Subject T23



Start Date: 09/08/25
End Date: 09/08/25
Subject: T23
Experiment: OralFentSA
Group: One
Box: 5
Start Time: 17:04:36
End Time: 20:05:09
MSN: Golden_Liq_SelfAdmin_EXT_LIT
F:       0.000
G:    1283.000
H:   10800.010
I:       0.000
J:       0.000
K:       0.000
L:       0.000
M:       0.000
N:       0.000
O:       0.000
P:       0.000
Q:       0.000
R:       0.000
S:       0.000
U:       0.000
V:       0.000
W:       0.000
X:       0.000
Y:       0.000
Z:       0.000
A:
     0:        0.000        0.000      180.000        4.000        0.000
     5:        5.000        0.000        5.000        0.000        0.000
    10:        1.000        0.000       10.000 30000000.000       20.000
    15:       16.000      640.000        0.000        0.000        0.000
    20:        0.000
B:
     0:        0.000        0.000        0.000        0.000        0.000
     5:        0.000        0.000        0.000        0.000        0.000
    10:        0.000        0.000     1000.000 3000000000.0        0.000
    15:        0.000        0.000        0.000        0.000        0.000
    20:        0.000
C:
     0:        0.000       10.000        0.000        9.000     1146.000
     5:     9105.440        5.440        8.000       97.840       12.230
    10:        9.000       88.000        0.000        0.000        0.000
    15:        0.000        0.000        0.000        0.000        0.000
    20:        0.000
D:
     0:       47.310       37.210        2.400        1.130        1.180
     5:        1.240        1.930        5.440
E:
     0:       19.000       11.000       26.000       27.000        6.000
     5:        6.000        6.000        6.000        6.000        6.000
    10:        6.000       23.000       23.000        6.000        6.000
    15:        6.000        6.000        6.000        6.000        6.000
    20:        6.000        6.000        6.000        6.000        6.000
    25:        6.000        6.000        6.000        6.000        6.000
    30:        6.000        6.000        6.000       23.000        6.000
    35:        6.000        6.000        6.000        6.000        6.000
    40:        6.000        6.000        6.000        6.000        6.000
    45:        6.000        6.000        6.000        6.000        6.000
    50:        6.000        6.000        6.000        6.000       23.000
    55:        6.000       23.000       23.000       23.000       23.000
    60:        2.000        4.000       22.000       24.000       19.000
    65:        6.000        6.000        6.000        6.000       23.000
    70:       23.000        6.000        6.000        6.000        6.000
    75:       23.000        6.000        6.000       23.000        6.000
    80:        6.000        6.000        6.000        6.000        6.000
    85:        6.000        6.000        6.000        6.000        6.000
    90:        6.000        6.000        6.000        6.000        6.000
    95:        6.000        6.000        6.000        6.000        6.000
   100:        6.000        6.000        6.000       23.000        6.000
   105:        6.000        6.000        6.000        6.000        6.000
   110:        6.000        6.000        6.000        6.000        6.000
   115:        6.000        6.000        6.000        6.000        6.000
   120:        6.000        6.000        6.000        6.000        6.000
   125:        6.000        6.000        6.000        6.000        6.000
   130:        6.000        6.000        6.000        6.000        6.000
   135:        6.000        6.000        6.000        6.000        6.000
   140:        6.000       23.000        6.000        6.000        6.000
   145:        6.000        6.000        6.000        6.000        6.000
   150:        6.000        6.000        6.000       23.000       23.000
   155:        6.000        6.000        6.000        6.000        6.000
   160:        6.000        6.000        6.000        6.000        6.000
   165:        6.000        6.000        6.000        6.000        6.000
   170:        6.000        6.000        6.000        6.000        6.000
   175:        6.000        6.000        6.000        6.000        6.000
   180:        6.000        6.000        6.000        6.000        6.000
   185:        6.000        6.000       23.000       23.000        6.000
   190:        6.000        6.000        6.000        6.000        6.000
   195:        6.000        6.000        6.000        6.000        6.000
   200:        6.000        6.000        6.000        6.000        6.000
   205:        6.000        6.000        6.000        6.000        6.000
   210:        6.000        6.000        6.000        6.000        6.000
   215:        6.000        2.000        4.000       22.000       24.000
   220:       19.000        6.000        6.000       23.000       23.000
   225:        6.000       23.000       23.000       23.000       23.000
   230:       23.000       23.000        6.000        6.000        6.000
   235:        6.000        6.000        6.000        6.000        6.000
   240:        6.000        6.000        6.000        6.000        6.000
   245:        6.000        6.000        6.000       23.000       23.000
   250:        6.000        6.000        6.000        6.000        6.000
   255:        6.000        6.000        6.000        6.000        6.000
   260:        6.000        6.000        6.000        6.000        6.000
   265:        6.000        6.000        6.000        6.000        6.000
   270:        6.000        6.000        6.000        6.000        6.000
   275:        6.000        6.000        6.000        6.000        6.000
   280:        6.000        6.000        6.000        6.000        6.000
   285:        6.000        6.000        6.000        6.000        6.000
   290:        6.000        6.000        6.000        6.000        6.000
   295:        6.000        6.000        6.000        6.000        6.000
   300:        6.000        6.000        6.000        6.000        6.000
   305:        6.000        6.000        6.000        6.000        6.000
   310:        6.000        6.000        6.000        6.000        6.000
   315:        6.000        6.000        6.000        6.000        6.000
   320:        6.000        6.000        6.000        6.000        6.000
   325:        6.000        6.000        6.000        6.000        6.000
   330:        6.000        6.000        6.000        6.000        6.000
   335:        6.000        6.000        6.000        6.000        6.000
   340:        6.000        6.000        6.000        6.000        6.000
   345:        6.000        6.000        6.000        6.000        6.000
   350:        6.000        6.000        6.000        6.000        6.000
   355:       23.000       23.000       23.000       23.000       23.000
   360:       23.000       23.000       23.000       23.000       23.000
   365:       23.000       23.000       23.000       23.000       23.000
   370:       23.000       23.000       23.000       23.000       23.000
   375:        6.000        6.000       23.000       23.000       23.000
   380:       23.000        6.000        6.000        6.000        6.000
   385:        6.000        6.000        6.000        6.000        6.000
   390:        6.000        6.000        6.000        6.000        6.000
   395:        6.000        6.000        6.000        6.000        6.000
   400:        6.000        2.000        4.000       22.000       24.000
   405:        6.000        6.000        6.000        6.000        6.000
   410:       19.000        6.000       23.000        6.000        6.000
   415:        6.000        6.000        2.000        4.000       22.000
   420:       24.000        6.000        6.000        6.000        6.000
   425:        6.000        6.000        6.000        6.000        6.000
   430:        6.000        6.000        6.000        6.000        6.000
   435:        6.000        6.000        6.000        6.000        6.000
   440:        6.000        6.000        6.000        6.000        6.000
   445:        6.000       19.000        6.000        6.000        6.000
   450:        6.000        6.000        6.000        6.000        6.000
   455:        6.000        6.000        6.000        6.000        6.000
   460:        6.000        6.000        6.000        6.000        6.000
   465:        6.000        6.000        6.000        6.000        6.000
   470:        6.000        6.000        6.000        6.000        6.000
   475:        6.000        6.000        6.000        6.000        6.000
   480:        6.000        6.000        6.000        6.000        6.000
   485:        6.000        6.000        6.000        6.000        6.000
   490:        6.000        6.000        6.000        6.000        6.000
   495:        6.000        6.000        6.000        6.000        6.000
   500:        6.000        6.000        6.000        6.000        6.000
   505:        6.000        6.000        6.000        6.000        6.000
   510:        6.000        6.000        6.000        6.000        6.000
   515:        6.000        6.000        6.000        6.000        6.000
   520:        6.000        6.000        6.000        6.000        6.000
   525:        6.000        6.000        6.000        6.000        6.000
   530:        6.000        6.000        6.000        6.000        6.000
   535:        6.000        6.000        6.000        6.000        6.000
   540:        6.000        6.000        6.000        6.000        6.000
   545:        6.000        6.000       23.000        6.000        6.000
   550:        6.000        6.000        6.000        6.000        6.000
   555:        6.000        6.000        6.000        6.000        6.000
   560:        6.000        6.000        6.000        6.000        6.000
   565:        6.000        6.000        6.000        6.000        6.000
   570:        6.000        6.000        6.000        6.000        6.000
   575:        6.000        6.000        6.000        6.000        6.000
   580:        6.000        6.000        6.000       23.000        6.000
   585:        6.000        6.000        6.000        6.000        6.000
   590:        6.000        6.000        6.000        6.000        6.000
   595:        6.000        6.000        6.000       23.000       23.000
   600:        6.000        6.000        6.000        6.000        6.000
   605:        6.000        6.000        6.000        6.000        6.000
   610:        6.000        6.000        6.000        6.000        6.000
   615:        6.000        6.000        6.000        6.000        6.000
   620:        6.000        6.000        6.000        6.000        6.000
   625:        6.000        6.000        6.000        6.000        6.000
   630:        6.000        6.000        6.000        6.000        6.000
   635:        6.000        6.000        6.000        6.000        6.000
   640:        6.000        6.000        6.000        6.000        6.000
   645:        6.000        6.000        6.000        6.000        6.000
   650:        6.000        6.000        6.000        6.000        6.000
   655:        6.000        6.000        6.000        6.000        6.000
   660:        6.000        6.000        6.000        6.000        6.000
   665:        6.000        6.000        6.000        6.000        6.000
   670:        6.000        6.000        6.000        6.000        6.000
   675:        6.000        6.000        6.000        6.000        6.000
   680:        6.000        6.000        6.000        6.000        6.000
   685:        6.000        6.000        6.000        6.000        6.000
   690:        6.000        6.000        6.000        6.000        6.000
   695:        6.000        6.000        6.000        6.000        6.000
   700:        6.000        6.000        6.000        6.000        6.000
   705:        6.000        6.000        6.000        6.000        6.000
   710:        6.000        6.000        6.000        6.000        6.000
   715:        6.000        6.000        6.000        6.000        6.000
   720:        6.000        6.000        6.000        6.000        6.000
   725:        6.000        6.000        6.000        6.000        6.000
   730:        6.000        6.000        6.000        6.000        6.000
   735:        6.000        6.000        6.000        6.000        6.000
   740:        6.000        6.000        6.000        6.000        6.000
   745:       23.000        6.000        6.000        6.000        6.000
   750:        6.000        6.000        6.000        6.000        6.000
   755:        6.000        2.000        4.000       22.000       24.000
   760:        6.000        6.000        6.000       19.000        6.000
   765:        6.000        6.000        6.000        6.000        6.000
   770:        6.000        6.000        6.000        6.000        6.000
   775:       23.000       23.000       23.000       23.000       23.000
   780:        6.000        6.000        6.000        6.000        6.000
   785:        6.000        6.000        6.000       23.000       23.000
   790:       23.000       23.000        6.000        6.000        6.000
   795:        6.000       23.000       23.000       23.000        6.000
   800:        6.000        6.000        6.000       23.000        6.000
   805:        6.000        6.000        6.000        6.000        6.000
   810:        6.000        6.000       23.000        6.000        6.000
   815:        6.000        6.000        6.000        6.000        6.000
   820:        6.000        6.000        6.000        6.000        6.000
   825:        6.000        6.000        6.000        6.000        6.000
   830:        6.000        6.000        6.000        6.000        6.000
   835:        6.000        6.000        6.000        6.000        6.000
   840:        6.000        6.000        6.000        6.000        6.000
   845:        6.000        6.000        6.000        6.000        6.000
   850:        6.000        6.000        6.000        6.000        6.000
   855:        6.000        6.000        6.000        6.000        6.000
   860:        6.000        6.000        6.000        6.000        6.000
   865:        6.000        6.000        6.000        6.000        6.000
   870:        6.000        6.000        6.000        6.000        6.000
   875:        6.000        6.000        6.000        6.000        6.000
   880:        6.000        6.000        6.000        6.000        6.000
   885:        6.000        6.000        6.000        6.000        6.000
   890:        6.000        6.000        6.000        6.000        6.000
   895:        6.000        6.000        6.000        6.000        6.000
   900:        6.000        6.000        6.000        6.000        6.000
   905:        6.000        6.000        6.000        6.000        6.000
   910:        6.000        6.000        6.000        6.000        6.000
   915:        6.000        6.000        6.000        6.000        6.000
   920:        6.000        6.000        6.000        6.000        6.000
   925:        6.000        6.000        6.000        6.000        6.000
   930:        6.000        6.000        6.000        6.000        6.000
   935:        6.000        6.000        6.000        6.000        6.000
   940:        6.000        6.000        6.000        6.000        6.000
   945:        6.000        6.000        6.000        6.000        6.000
   950:        6.000        6.000        6.000        6.000        6.000
   955:        6.000        6.000        6.000        6.000        6.000
   960:        6.000        6.000        6.000        6.000        6.000
   965:        6.000        6.000        6.000        6.000        6.000
   970:        6.000        6.000        6.000        6.000        6.000
   975:        6.000        6.000        6.000        6.000        6.000
   980:        6.000        6.000        6.000        6.000        6.000
   985:        6.000        6.000        6.000        6.000        6.000
   990:        6.000        6.000        6.000        6.000        6.000
   995:        6.000        6.000        6.000        6.000        6.000
  1000:        6.000        6.000        6.000        6.000        6.000
  1005:        6.000        6.000        6.000        6.000        6.000
  1010:        6.000        6.000        6.000        6.000        6.000
  1015:        6.000        6.000        6.000        6.000        6.000
  1020:        6.000        6.000        6.000        6.000        6.000
  1025:        6.000        6.000        6.000        6.000        6.000
  1030:        6.000        6.000        6.000        6.000        6.000
  1035:        6.000        6.000        6.000        6.000        6.000
  1040:        6.000        6.000        6.000        6.000        6.000
  1045:        6.000        6.000        6.000        6.000        6.000
  1050:        6.000        6.000        6.000        6.000        6.000
  1055:        6.000        6.000        6.000        6.000        6.000
  1060:        6.000        6.000        6.000        6.000        6.000
  1065:        6.000        6.000        6.000        6.000        6.000
  1070:        6.000        6.000        6.000        6.000        6.000
  1075:        6.000        6.000        6.000        6.000        6.000
  1080:        6.000        6.000        6.000        6.000        6.000
  1085:        6.000        6.000        6.000        6.000        6.000
  1090:        6.000        6.000        6.000        6.000        6.000
  1095:        6.000        6.000        6.000        6.000        6.000
  1100:        6.000        6.000        6.000        6.000        6.000
  1105:        6.000        6.000        6.000        6.000        6.000
  1110:        6.000        6.000        6.000        6.000        6.000
  1115:        6.000        6.000        6.000        6.000        6.000
  1120:        6.000        6.000        6.000        6.000        6.000
  1125:        6.000        6.000        6.000        6.000        6.000
  1130:        6.000        6.000        6.000        6.000        6.000
  1135:       23.000       23.000       23.000        6.000        6.000
  1140:       23.000        6.000        6.000        6.000        6.000
  1145:        6.000        6.000        6.000       23.000        6.000
  1150:        6.000        6.000        6.000        6.000        6.000
  1155:        6.000        2.000        4.000       22.000       24.000
  1160:        6.000       19.000       23.000       23.000       23.000
  1165:        6.000        6.000        6.000        6.000        6.000
  1170:        6.000        6.000        6.000        6.000        6.000
  1175:       23.000        2.000        4.000       22.000       24.000
  1180:        6.000       19.000        6.000        6.000        6.000
  1185:        6.000        6.000        2.000        4.000       22.000
  1190:       24.000       19.000        2.000        4.000       22.000
  1195:       24.000        6.000        6.000        6.000       19.000
  1200:       23.000       23.000       23.000        6.000        6.000
  1205:        6.000        6.000        6.000        6.000        6.000
  1210:        6.000        6.000        6.000        6.000        6.000
  1215:        6.000        6.000        6.000        6.000        6.000
  1220:        6.000        6.000        6.000        6.000        6.000
  1225:        6.000        6.000        6.000        6.000        6.000
  1230:        6.000        6.000        6.000        6.000        6.000
  1235:        6.000        6.000        6.000        6.000        6.000
  1240:        6.000        6.000        6.000        6.000        6.000
  1245:        6.000        6.000        6.000       23.000        6.000
  1250:        6.000        6.000        6.000        6.000        6.000
  1255:       23.000       23.000        6.000        6.000        6.000
  1260:        6.000        6.000        6.000        6.000        6.000
  1265:        6.000        6.000        6.000        6.000        6.000
  1270:        6.000        6.000        6.000        6.000        6.000
  1275:        6.000        6.000        6.000        6.000        6.000
  1280:        6.000        6.000       23.000      100.000
T:
     0:        0.000        0.000        0.000        0.000       13.230
     5:       15.260       15.400       15.960       15.980       29.840
    10:       33.150       41.920       48.130       51.400       55.060
    15:       60.380       60.630       60.650       60.820       60.840
    20:       60.900       68.070       68.250       68.310       68.380
    25:       68.410       68.450       68.600       68.680       70.550
    30:       70.690       70.790       76.780       82.630       84.460
    35:       87.320       88.700       88.750       88.840       88.880
    40:       89.010       89.310       89.580      112.100      124.760
    45:      124.790      125.710      126.670      141.040      141.280
    50:      141.420      141.620      211.380      211.460      266.090
    55:      276.410      316.370      318.280      337.500      389.380
    60:      397.160      397.160      397.160      397.170      407.160
    65:      444.480      444.820      445.860      445.870      467.290
    70:      505.740      584.010      627.940      627.970      640.900
    75:      655.370      743.580      745.180      750.480      763.170
    80:      763.680      763.770      764.810      765.120      765.160
    85:      765.230      765.740      765.800      765.850      766.050
    90:      768.000      768.070      768.770      770.630      770.710
    95:      770.910      770.920      771.220      771.690      771.780
   100:      778.560      789.280      789.480      794.980      834.550
   105:      934.570      934.930      936.950      937.000      937.310
   110:      937.420      937.510      937.600      937.830      938.490
   115:      939.700      939.880      940.170      940.180      941.420
   120:      941.520      941.810      941.880      942.190      942.260
   125:      942.480      944.450      945.270      945.710     1006.070
   130:     1011.920     1013.250     1013.350     1013.420     1013.530
   135:     1014.010     1014.350     1019.700     1022.190     1022.220
   140:     1029.540     1072.890     1107.960     1108.170     1108.230
   145:     1108.290     1109.370     1109.470     1109.870     1110.450
   150:     1112.020     1112.070     1141.890     1248.200     1249.570
   155:     1395.620     1396.120     1396.720     1396.750     1397.870
   160:     1399.210     1399.310     1400.280     1400.620     1400.680
   165:     1400.770     1401.030     1401.180     1401.390     1405.570
   170:     1408.300     1408.490     1408.520     1412.060     1412.350
   175:     1413.860     1413.930     1414.020     1414.120     1414.480
   180:     1421.020     1421.590     1423.000     1423.480     1423.780
   185:     1454.910     1454.980     1468.760     1468.860     1484.840
   190:     1492.290     1494.400     1494.580     1494.760     1494.770
   195:     1495.120     1497.760     1498.130     1498.290     1599.820
   200:     1600.350     1600.430     1600.570     1600.710     1601.010
   205:     1632.560     1633.070     1655.290     1668.990     1670.950
   210:     1671.300     1671.850     1672.000     1672.160     1673.130
   215:     1677.420     1691.320     1691.320     1691.320     1691.330
   220:     1701.320     1728.540     1729.120     1756.840     1758.740
   225:     1760.110     1768.970     1769.400     1770.550     1771.770
   230:     1773.250     1786.290     1818.940     1827.070     1827.770
   235:     1829.440     1829.820     1830.370     1830.520     1831.780
   240:     1832.080     1832.130     1832.180     1832.420     1833.270
   245:     1834.650     1834.940     1844.590     1924.950     1930.140
   250:     1971.830     1972.860     1973.510     1974.420     1974.650
   255:     1976.250     1976.270     1976.630     1977.170     1978.160
   260:     1978.230     1978.530     1978.630     1979.630     1979.740
   265:     1979.790     1980.310     1980.350     1980.470     1980.540
   270:     1980.590     1981.950     1983.170     2000.090     2006.770
   275:     2006.880     2007.720     2188.540     2190.240     2258.510
   280:     2259.770     2259.890     2260.700     2263.030     2265.510
   285:     2265.630     2267.450     2268.200     2270.310     2270.860
   290:     2270.920     2271.590     2271.950     2272.110     2272.140
   295:     2272.300     2272.350     2273.040     2273.070     2273.380
   300:     2273.660     2274.110     2274.360     2275.860     2275.940
   305:     2276.090     2276.120     2276.150     2276.500     2276.600
   310:     2277.960     2278.320     2278.990     2279.090     2279.820
   315:     2280.080     2280.120     2282.740     2282.870     2296.210
   320:     2299.100     2300.930     2301.670     2302.590     2304.560
   325:     2304.760     2305.440     2305.720     2305.880     2305.960
   330:     2329.860     2359.380     2359.620     2359.670     2359.850
   335:     2360.730     2360.960     2361.040     2362.320     2363.090
   340:     2365.370     2365.970     2366.180     2366.620     2366.650
   345:     2366.670     2368.190     2371.460     2371.700     2373.050
   350:     2373.970     2374.820     2375.950     2375.980     2376.710
   355:     2385.970     2386.500     2386.620     2387.820     2388.060
   360:     2389.820     2392.840     2393.230     2395.290     2396.700
   365:     2399.430     2400.220     2400.760     2403.290     2405.940
   370:     2407.830     2415.810     2416.730     2421.630     2422.650
   375:     2463.180     2463.330     2471.820     2472.420     2473.720
   380:     2508.370     2537.900     2563.460     2564.090     2585.210
   385:     2586.650     2586.920     2589.230     2589.280     2592.150
   390:     2592.220     2601.000     2601.050     2601.130     2601.180
   395:     2601.320     2673.020     2673.230     2679.700     2687.790
   400:     2689.080     2740.650     2740.650     2740.650     2740.660
   405:     2743.060     2743.460     2743.950     2745.220     2747.160
   410:     2750.650     2758.200     2765.740     2776.270     2776.400
   415:     2776.600     2796.890     2811.060     2811.060     2811.060
   420:     2811.070     2812.200     2813.050     2813.560     2813.610
   425:     2813.650     2813.690     2813.850     2813.960     2814.370
   430:     2814.390     2814.430     2816.490     2816.590     2816.700
   435:     2816.910     2817.010     2817.120     2817.230     2818.250
   440:     2819.660     2819.730     2819.840     2820.990     2821.010
   445:     2821.050     2821.060     2821.160     2821.290     2821.330
   450:     2821.610     2821.890     2822.050     2822.240     2822.290
   455:     2822.390     2823.140     2823.170     2823.270     2823.420
   460:     2892.640     2892.780     2892.970     2893.860     2893.930
   465:     2894.180     2894.260     2903.970     2904.050     2904.340
   470:     2911.770     2912.080     2912.800     2912.860     2923.890
   475:     2923.970     2924.060     2945.880     2970.410     2970.910
   480:     2974.050     2976.160     2982.710     2990.550     2990.770
   485:     2990.980     2995.460     3014.310     3021.020     3021.040
   490:     3021.210     3021.240     3022.010     3022.200     3022.270
   495:     3022.350     3022.430     3022.530     3023.470     3026.710
   500:     3027.950     3028.040     3028.130     3028.270     3028.370
   505:     3028.460     3028.570     3028.910     3029.130     3029.160
   510:     3038.680     3038.700     3046.760     3046.930     3047.020
   515:     3047.190     3047.240     3048.560     3048.660     3053.580
   520:     3053.730     3055.970     3057.770     3059.060     3059.170
   525:     3059.250     3059.300     3059.380     3059.400     3059.470
   530:     3059.560     3060.320     3061.030     3061.360     3061.400
   535:     3061.410     3062.860     3063.030     3063.530     3063.810
   540:     3063.900     3064.340     3104.030     3105.460     3112.790
   545:     3122.580     3123.590     3166.520     3172.790     3176.240
   550:     3193.270     3193.380     3211.430     3211.660     3212.590
   555:     3212.680     3212.800     3214.040     3225.070     3227.570
   560:     3231.970     3235.610     3276.210     3276.690     3276.790
   565:     3276.890     3276.930     3277.320     3280.620     3280.920
   570:     3281.100     3283.920     3294.840     3298.640     3298.900
   575:     3298.940     3299.170     3299.220     3299.280     3299.860
   580:     3299.960     3300.190     3300.290     3320.720     3332.940
   585:     3333.440     3355.500     3357.570     3357.940     3357.970
   590:     3361.650     3361.920     3362.020     3362.170     3365.260
   595:     3368.480     3368.780     3369.570     3380.020     3389.140
   600:     3392.300     3395.150     3395.700     3396.900     3399.540
   605:     3400.090     3401.370     3401.510     3401.860     3402.980
   610:     3410.790     3411.400     3412.190     3413.000     3413.250
   615:     3415.360     3419.650     3422.340     3425.370     3426.010
   620:     3426.450     3428.590     3429.980     3434.540     3436.020
   625:     3436.220     3436.600     3436.630     3436.660     3437.420
   630:     3437.520     3437.630     3437.690     3437.990     3438.250
   635:     3438.280     3438.420     3438.550     3438.650     3439.770
   640:     3440.230     3440.530     3440.640     3441.100     3441.170
   645:     3441.570     3441.630     3441.810     3441.930     3442.220
   650:     3442.250     3442.420     3442.520     3442.740     3443.410
   655:     3443.470     3443.610     3443.630     3443.870     3444.130
   660:     3444.170     3444.220     3444.520     3444.580     3444.810
   665:     3444.910     3445.480     3445.510     3445.630     3445.670
   670:     3446.090     3446.250     3446.450     3446.630     3446.660
   675:     3446.750     3448.340     3448.910     3448.980     3449.080
   680:     3449.160     3449.330     3449.380     3449.410     3449.970
   685:     3450.130     3450.420     3450.480     3451.020     3451.050
   690:     3451.080     3451.390     3451.460     3451.600     3451.660
   695:     3456.650     3457.120     3457.660     3462.950     3466.610
   700:     3470.780     3471.040     3471.250     3471.550     3471.810
   705:     3471.960     3472.020     3472.130     3472.180     3472.350
   710:     3472.440     3472.510     3475.160     3475.310     3480.000
   715:     3487.160     3488.060     3488.720     3489.130     3491.230
   720:     3491.350     3491.580     3491.710     3491.830     3491.890
   725:     3492.060     3492.190     3492.450     3492.480     3492.620
   730:     3506.460     3506.720     3508.120     3508.420     3508.470
   735:     3508.530     3509.360     3510.230     3526.600     3526.750
   740:     3527.530     3527.750     3527.970     3534.860     3535.710
   745:     3551.410     3558.050     3589.550     3589.830     3603.130
   750:     3603.620     3603.760     3603.790     3603.940     3604.030
   755:     3655.120     3683.990     3683.990     3683.990     3684.000
   760:     3685.180     3685.730     3686.310     3693.990     3741.630
   765:     3741.820     3748.620     3749.480     3749.570     3750.290
   770:     3751.290     3751.360     3950.040     3950.090     3985.480
   775:     4042.660     4044.610     4045.190     4048.290     4049.020
   780:     4054.810     4054.900     4055.090     4055.160     4055.180
   785:     4055.390     4055.810     4055.840     4071.370     4072.700
   790:     4074.350     4080.030     4094.500     4094.820     4094.900
   795:     4095.050     4172.860     4173.570     4176.740     4184.890
   800:     4185.090     4186.310     4260.610     4294.590     4521.770
   805:     4590.690     4591.010     4623.240     4623.290     4623.800
   810:     4623.910     4625.800     4671.720     4685.200     4685.340
   815:     4685.680     4685.720     4697.610     4697.690     4697.900
   820:     4698.340     4698.570     4698.670     4698.690     4699.530
   825:     4699.620     4699.790     4700.140     4700.220     4701.140
   830:     4702.470     4703.420     4703.600     4703.800     4703.830
   835:     4704.060     4704.300     4704.350     4704.380     4704.900
   840:     4705.870     4705.960     4706.810     4706.940     4707.130
   845:     4707.460     4707.820     4707.850     4708.350     4708.480
   850:     4708.620     4708.650     4708.670     4708.970     4709.510
   855:     4709.630     4711.450     4711.480     4711.540     4711.590
   860:     4712.020     4713.100     4713.250     4713.410     4714.540
   865:     4719.440     4719.710     4719.790     4720.250     4720.890
   870:     4720.930     4721.150     4721.170     4721.220     4721.530
   875:     4721.600     4721.890     4722.060     4722.500     4722.710
   880:     4722.940     4723.020     4723.080     4723.210     4723.450
   885:     4723.860     4725.250     4725.310     4726.900     4726.960
   890:     4727.990     4728.050     4730.960     4731.380     4732.780
   895:     4732.790     4733.460     4733.700     4733.800     4734.160
   900:     4734.450     4734.530     4735.370     4735.430     4735.930
   905:     4736.080     4736.530     4738.900     4739.040     4740.290
   910:     4740.620     4740.730     4740.760     4740.860     4740.900
   915:     4741.010     4741.420     4742.810     4742.940     4743.040
   920:     4743.090     4743.110     4743.150     4743.190     4743.270
   925:     4743.350     4743.420     4743.490     4743.600     4743.650
   930:     4743.700     4743.750     4743.920     4744.080     4744.110
   935:     4744.230     4744.340     4744.410     4744.510     4745.350
   940:     4745.410     4745.510     4745.660     4745.740     4745.850
   945:     4745.880     4745.990     4746.100     4746.230     4746.320
   950:     4746.590     4747.540     4747.630     4747.680     4748.590
   955:     4748.940     4748.970     4748.980     4749.020     4749.030
   960:     4749.110     4749.210     4749.500     4749.920     4750.140
   965:     4750.400     4750.850     4750.920     4750.950     4751.120
   970:     4751.360     4751.430     4751.540     4751.660     4751.750
   975:     4751.880     4751.900     4751.910     4752.550     4753.590
   980:     4753.770     4753.890     4753.910     4754.030     4754.140
   985:     4754.240     4754.330     4754.410     4756.210     4756.410
   990:     4756.630     4756.740     4756.860     4758.030     4758.160
   995:     4758.480     4758.570     4759.330     4759.440     4759.560
  1000:     4759.610     4759.630     4759.710     4759.770     4759.780
  1005:     4759.960     4760.570     4760.660     4760.820     4760.930
  1010:     4761.620     4773.450     4775.470     4775.530     4775.620
  1015:     4775.740     4776.020     4776.130     4776.240     4776.320
  1020:     4776.430     4776.520     4776.600     4776.680     4777.250
  1025:     4777.330     4778.400     4778.560     4779.020     4779.070
  1030:     4779.270     4779.430     4779.440     4779.480     4779.600
  1035:     4779.720     4780.720     4780.820     4781.020     4781.170
  1040:     4782.450     4782.480     4785.090     4785.430     4785.740
  1045:     4785.770     4785.840     4788.500     4788.670     4789.510
  1050:     4789.940     4790.380     4790.480     4790.680     4790.740
  1055:     4790.950     4791.350     4791.400     4791.470     4791.570
  1060:     4792.740     4793.940     4794.050     4794.290     4794.460
  1065:     4794.580     4794.660     4794.730     4797.110     4798.710
  1070:     4805.720     4806.060     4806.100     4806.450     4806.590
  1075:     4807.430     4809.060     4809.420     4809.800     4809.930
  1080:     4810.090     4810.120     4810.160     4810.210     4821.850
  1085:     4823.140     4823.520     4824.240     4824.390     4824.410
  1090:     4824.430     4824.680     4824.950     4825.550     4825.700
  1095:     4827.460     4829.510     4829.550     4830.960     4831.050
  1100:     4831.080     4831.370     4832.830     4833.240     4833.820
  1105:     4834.840     4850.270     4850.390     4854.870     4855.340
  1110:     4855.410     4855.450     4855.500     4855.660     4855.820
  1115:     4857.090     4857.170     4857.590     4860.300     4860.390
  1120:     4863.020     4863.160     4863.960     4864.260     4864.340
  1125:     4864.560     4864.620     4864.980     4865.140     4866.230
  1130:     4866.300     4868.110     4868.510     4868.640     4868.650
  1135:     5071.210     5085.470     5114.520     5119.680     5120.060
  1140:     5351.830     5899.120     5899.540     5899.900     5901.110
  1145:     5901.210     7268.960     7302.940     7379.620     7411.770
  1150:     7421.010     7421.450     7421.670     7421.760     7572.100
  1155:     7596.370     7619.240     7619.240     7619.240     7619.250
  1160:     7620.490     7629.240     7631.020     7632.720     7633.660
  1165:     7653.450     7653.590     7653.900     7788.740     7813.930
  1170:     7813.950     7814.050     7814.690     7814.730     7816.500
  1175:     7883.660     7902.700     7902.700     7902.700     7902.710
  1180:     7904.640     7912.700     8145.750     8237.590     9003.500
  1185:     9051.470     9051.990     9090.520     9090.520     9090.520
  1190:     9090.530     9100.520     9105.430     9105.430     9105.430
  1195:     9105.440     9110.880     9111.190     9111.970     9115.430
  1200:     9135.800     9136.310     9141.530     9320.310     9320.730
  1205:     9325.140     9325.170     9330.850     9332.410     9379.050
  1210:     9876.570     9901.680     9934.730     9963.600     9963.690
  1215:     9963.890     9971.720     9972.620     9972.720     9972.740
  1220:     9977.660    10041.960    10093.080    10094.170    10094.240
  1225:    10094.300    10099.600    10101.670    10521.920    10522.030
  1230:    10522.170    10522.270    10531.180    10531.210    10531.240
  1235:    10534.410    10534.440    10534.510    10534.530    10534.610
  1240:    10534.650    10534.760    10534.880    10541.120    10541.500
  1245:    10554.240    10554.280    10556.090    10563.740    10586.890
  1250:    10591.040    10591.720    10591.760    10592.030    10657.550
  1255:    10668.820    10671.510    10725.600    10735.180    10752.140
  1260:    10759.490    10759.770    10759.850    10760.070    10760.290
  1265:    10760.380    10760.600    10760.800    10760.870    10763.170
  1270:    10763.340    10763.580    10763.610    10769.740    10777.050
  1275:    10777.230    10777.340    10777.770    10777.820    10777.860
  1280:    10792.730    10795.080    10797.510    10800.010
