File: C:\MED-PC IV\DATA\!2025-05-28_11h25m.Subject T2



Start Date: 05/28/25
End Date: 05/28/25
Subject: T2
Experiment: OralFentSA
Group: One
Box: 2
Start Time: 11:25:17
End Time: 14:25:22
MSN: Golden_Liq_SelfAdmin
F:       0.000
G:     960.000
H:   10800.010
I:       0.000
J:       0.000
K:       0.000
L:       0.000
M:       0.000
N:       0.000
O:       0.000
P:       0.000
Q:       0.000
R:       0.000
S:       0.000
U:       0.000
V:       0.000
W:       0.000
X:       0.000
Y:       0.000
Z:       0.000
A:
     0:        0.000        0.000      180.000        4.000        0.000
     5:        5.000        0.000        5.000        0.000        0.000
    10:        1.000        0.000       10.000 240000000.00       28.000
    15:       12.000      640.000        0.000        0.000        0.000
    20:        0.000
B:
     0:        0.000        0.000        0.000      400.000        0.000
     5:      500.000        0.000      500.000        0.000        0.000
    10:        0.000        0.000     1000.000 24000000000.        0.000
    15:        0.000        0.000        0.000        0.000        0.000
    20:        0.000
C:
     0:       29.000       30.000        0.000       57.000      478.000
     5:     8729.630       13.970       27.000      752.710       27.878
    10:       57.000       16.000        0.000        0.000        0.000
    15:        0.000        0.000        0.000        0.000        0.000
    20:        0.000
D:
     0:        5.510        2.540        9.890        5.650        8.020
     5:       21.690        6.690        6.840       26.790       10.130
    10:       11.540       15.240        8.590        3.020        9.510
    15:        5.380        6.340       44.550        4.430        1.360
    20:        1.990        3.260      260.660        3.800      163.810
    25:       91.510       13.970
E:
     0:       19.000       11.000       26.000       27.000        6.000
     5:       23.000        6.000        2.000        4.000       22.000
    10:       24.000       12.000       13.000        8.000        5.000
    15:       17.000       18.000       14.000       10.000       19.000
    20:       11.000       23.000        2.000        4.000       22.000
    25:       24.000       12.000       13.000        8.000        5.000
    30:       17.000       18.000       14.000       10.000        6.000
    35:        6.000       19.000       11.000        2.000        4.000
    40:       22.000       24.000       12.000       13.000        8.000
    45:        5.000       17.000       21.000       22.000        6.000
    50:        6.000        6.000       18.000       14.000       10.000
    55:       21.000       22.000       21.000       22.000        6.000
    60:        6.000       21.000       22.000       19.000       11.000
    65:        6.000        6.000        6.000        2.000        4.000
    70:       22.000       24.000       12.000       13.000        8.000
    75:        5.000       17.000       18.000       14.000       10.000
    80:        6.000       19.000       11.000        6.000        6.000
    85:        6.000        6.000        6.000        6.000        6.000
    90:        6.000        6.000        6.000        6.000        6.000
    95:        6.000        6.000        6.000        6.000        6.000
   100:        6.000        6.000        6.000        6.000        6.000
   105:        6.000        6.000        6.000        6.000        6.000
   110:        6.000        6.000        6.000        6.000        6.000
   115:        6.000        6.000        6.000        6.000        6.000
   120:        6.000        6.000        6.000        6.000        6.000
   125:        6.000        6.000        6.000        6.000        6.000
   130:        6.000        6.000        6.000        6.000        6.000
   135:        6.000        6.000        6.000        6.000        6.000
   140:        6.000        6.000        6.000        6.000        6.000
   145:        6.000        6.000        6.000        6.000        6.000
   150:        6.000        6.000        6.000        6.000        6.000
   155:        6.000        6.000        6.000       23.000       23.000
   160:       23.000        6.000        6.000        6.000        6.000
   165:        6.000        6.000        6.000        6.000        6.000
   170:        6.000        6.000        6.000        6.000        6.000
   175:        6.000        6.000        6.000        6.000        6.000
   180:        6.000        6.000        6.000        6.000        6.000
   185:        6.000        6.000        6.000        6.000        6.000
   190:        6.000        6.000        6.000        6.000        6.000
   195:        6.000        6.000        6.000        6.000        6.000
   200:        6.000        6.000        2.000        4.000       22.000
   205:       24.000       12.000       13.000        8.000        5.000
   210:       17.000       18.000       14.000       10.000        6.000
   215:       19.000       11.000        2.000        4.000       22.000
   220:       24.000       12.000       13.000        8.000        5.000
   225:       17.000       21.000       22.000       18.000       14.000
   230:       10.000        6.000       19.000       11.000        6.000
   235:        6.000        6.000        6.000        6.000        6.000
   240:        6.000        2.000        4.000       22.000       24.000
   245:       12.000       13.000        8.000        5.000       17.000
   250:       21.000       22.000       21.000       22.000       21.000
   255:       22.000       21.000       22.000       21.000       22.000
   260:       18.000       14.000       10.000       19.000       11.000
   265:        6.000        6.000        6.000        6.000        6.000
   270:        6.000        6.000        6.000        6.000        6.000
   275:        6.000        6.000        6.000        6.000        6.000
   280:        6.000        6.000        6.000        6.000        6.000
   285:        6.000        6.000        6.000        6.000        6.000
   290:        6.000        6.000        6.000        6.000        6.000
   295:        6.000        6.000        6.000        6.000        2.000
   300:        4.000       22.000       24.000       12.000       13.000
   305:        8.000        5.000       17.000       18.000       14.000
   310:       10.000        6.000       19.000       11.000        6.000
   315:        6.000        6.000        6.000        6.000        6.000
   320:        6.000        2.000        4.000       22.000       24.000
   325:       12.000       13.000        8.000        5.000       17.000
   330:       18.000       14.000       10.000        6.000        6.000
   335:       19.000       11.000        6.000        6.000        6.000
   340:        6.000        6.000        6.000        6.000        6.000
   345:        6.000        2.000        4.000       22.000       24.000
   350:       12.000       13.000        8.000        5.000       17.000
   355:       18.000       14.000       10.000       19.000       11.000
   360:        6.000        6.000        6.000        6.000        6.000
   365:        6.000        6.000        6.000        6.000        6.000
   370:        6.000        6.000        6.000        6.000        6.000
   375:        6.000        6.000        6.000        6.000        6.000
   380:        6.000        2.000        4.000       22.000       24.000
   385:       12.000       13.000        8.000        5.000       17.000
   390:       21.000       22.000       18.000       14.000       10.000
   395:       19.000       11.000        6.000        6.000        6.000
   400:        6.000        6.000        6.000        6.000       23.000
   405:       23.000        6.000        6.000        6.000        6.000
   410:        6.000        6.000        6.000        6.000        6.000
   415:        6.000        6.000        6.000        6.000        6.000
   420:        6.000        6.000        6.000        6.000        6.000
   425:        6.000        6.000        2.000        4.000       22.000
   430:       24.000       12.000       13.000        8.000        5.000
   435:       17.000       18.000       14.000       10.000       19.000
   440:       11.000        6.000        2.000        4.000       22.000
   445:       24.000       12.000       13.000        8.000        5.000
   450:       17.000       21.000       22.000       18.000       14.000
   455:       10.000       19.000       11.000        6.000        6.000
   460:        6.000        6.000        6.000        2.000        4.000
   465:       22.000       24.000       12.000       13.000        8.000
   470:        5.000       17.000       18.000       14.000       10.000
   475:        6.000       19.000       11.000        6.000        6.000
   480:        6.000        6.000        6.000        6.000        6.000
   485:        2.000        4.000       22.000       24.000       12.000
   490:       13.000        8.000        5.000       17.000       21.000
   495:       22.000        6.000        6.000       18.000       14.000
   500:       10.000        6.000       19.000       11.000        6.000
   505:        2.000        4.000       22.000       24.000       12.000
   510:       13.000        8.000        5.000       17.000       21.000
   515:       22.000       18.000       14.000       10.000       21.000
   520:       22.000        6.000       19.000       11.000        6.000
   525:        6.000        6.000        6.000        6.000        6.000
   530:        6.000        6.000        6.000        6.000        6.000
   535:        6.000        6.000        6.000        6.000        6.000
   540:        6.000        6.000        6.000        6.000        6.000
   545:        6.000        6.000        6.000        6.000        6.000
   550:        6.000        6.000        6.000        6.000        6.000
   555:        6.000        6.000        2.000        4.000       22.000
   560:       24.000       12.000       13.000        8.000        5.000
   565:       17.000       18.000       14.000       10.000        6.000
   570:       19.000       11.000        2.000        4.000       22.000
   575:       24.000       12.000       13.000        8.000        5.000
   580:       17.000       21.000       22.000       21.000       22.000
   585:       18.000       14.000       10.000        6.000       21.000
   590:       22.000       21.000       22.000       19.000       11.000
   595:        2.000        4.000       22.000       24.000       12.000
   600:       13.000        8.000        5.000       17.000       18.000
   605:       14.000       10.000       19.000       11.000        6.000
   610:        6.000        6.000        6.000        6.000        2.000
   615:        4.000       22.000       24.000       12.000       13.000
   620:        8.000        5.000       17.000       21.000       22.000
   625:       18.000        6.000       14.000       10.000       19.000
   630:       11.000        6.000        6.000        6.000        6.000
   635:        6.000        6.000        6.000        6.000        6.000
   640:        6.000        6.000        6.000        6.000        6.000
   645:        6.000        6.000        6.000        6.000        6.000
   650:        2.000        4.000       22.000       24.000       12.000
   655:       13.000        8.000        5.000       17.000        6.000
   660:       18.000        6.000        6.000       14.000       10.000
   665:       19.000       11.000        6.000        6.000        6.000
   670:        6.000        6.000        6.000        6.000        6.000
   675:        6.000        6.000        6.000        6.000        6.000
   680:        6.000        6.000        6.000        6.000        6.000
   685:        6.000        6.000        6.000        6.000        6.000
   690:        6.000        6.000        6.000        6.000        6.000
   695:        6.000        2.000        4.000       22.000       24.000
   700:       12.000       13.000        8.000        5.000       17.000
   705:        6.000        6.000       18.000       14.000       10.000
   710:       19.000       11.000        6.000        6.000        6.000
   715:        6.000        6.000        6.000        6.000        6.000
   720:        6.000        6.000        6.000        6.000        6.000
   725:        6.000        6.000        6.000        6.000        6.000
   730:        6.000        6.000        6.000        6.000        2.000
   735:        4.000       22.000       24.000       12.000       13.000
   740:        8.000        5.000       17.000        6.000        6.000
   745:       18.000       14.000       10.000       19.000       11.000
   750:        6.000        6.000        6.000        6.000        6.000
   755:        6.000        6.000        6.000        6.000        6.000
   760:        6.000        6.000        6.000        6.000        6.000
   765:        6.000        6.000        6.000        6.000        6.000
   770:        2.000        4.000       22.000       24.000       12.000
   775:       13.000        8.000        5.000       17.000       21.000
   780:       22.000       21.000       22.000       18.000       14.000
   785:       10.000       19.000       11.000       23.000        6.000
   790:        6.000        6.000       23.000       23.000       23.000
   795:       23.000       23.000       23.000       23.000       23.000
   800:        6.000        2.000        4.000       22.000       24.000
   805:       12.000       13.000        8.000        5.000       17.000
   810:       21.000       22.000       21.000       22.000        6.000
   815:       18.000       14.000       10.000       21.000       22.000
   820:       19.000       11.000        2.000        4.000       22.000
   825:       24.000       12.000       13.000        8.000        5.000
   830:       17.000       18.000       14.000       10.000       19.000
   835:       11.000        6.000        6.000        6.000        6.000
   840:        6.000        6.000        6.000        6.000        6.000
   845:        6.000        6.000        6.000        6.000        6.000
   850:        6.000        6.000        6.000        2.000        4.000
   855:       22.000       24.000       12.000       13.000        8.000
   860:        5.000       17.000       21.000       22.000       21.000
   865:       22.000       18.000       14.000       10.000       19.000
   870:       11.000        6.000        6.000        6.000        6.000
   875:        6.000        6.000        6.000        6.000        6.000
   880:        6.000        6.000        6.000        6.000        2.000
   885:        4.000       22.000       24.000       12.000       13.000
   890:        8.000        5.000       17.000       18.000       14.000
   895:       10.000       19.000       11.000        2.000        4.000
   900:       22.000       24.000       12.000       13.000        8.000
   905:        5.000       17.000       21.000       22.000       18.000
   910:       14.000       10.000       19.000       11.000        6.000
   915:        6.000        6.000        6.000        6.000        6.000
   920:        6.000        6.000        6.000        6.000        6.000
   925:        6.000        6.000        6.000        6.000        6.000
   930:        6.000        6.000        6.000        6.000        6.000
   935:        6.000        6.000        6.000        6.000        6.000
   940:        6.000        6.000        6.000        6.000        6.000
   945:        6.000        6.000        6.000        6.000        6.000
   950:        6.000        6.000        6.000        6.000        6.000
   955:        6.000        6.000        6.000        6.000        6.000
   960:      100.000
T:
     0:        0.000        0.000        0.000        0.000        9.690
     5:       17.140       40.570       89.620       89.620       89.620
    10:       89.630       89.630       89.630       89.630       89.630
    15:       89.630       93.630       94.630       94.630       99.620
    20:       99.630      118.740      138.800      138.800      138.800
    25:      138.810      138.810      138.810      138.810      138.810
    30:      138.810      142.810      143.810      143.810      144.320
    35:      148.240      148.800      148.810      150.700      150.700
    40:      150.700      150.710      150.710      150.710      150.710
    45:      150.710      150.710      151.680      151.680      153.250
    50:      153.440      154.030      154.710      155.710      155.710
    55:      156.090      156.090      156.760      156.760      158.320
    60:      158.450      160.540      160.540      160.700      160.710
    65:      196.950      198.900      207.180      212.640      212.640
    70:      212.640      212.650      212.650      212.650      212.650
    75:      212.650      212.650      216.650      217.650      217.650
    80:      222.540      222.640      222.650      241.610      252.650
    85:      254.050      254.290      254.380      254.520      254.540
    90:      275.810      282.200      314.420      319.330      320.920
    95:      322.780      325.350      327.290      335.930      336.120
   100:      336.630      336.870      336.930      341.330      356.310
   105:      357.650      381.020      381.170      407.850      408.300
   110:      408.940      411.050      446.400      468.220      471.980
   115:      474.230      475.680      508.710      509.210      509.710
   120:      509.910      510.140      510.610      514.520      519.420
   125:      519.460      520.280      523.240      527.040      527.720
   130:      528.610      534.320      537.510      538.130      538.190
   135:      538.230      541.610      545.540      546.040      548.120
   140:      548.150      619.350      620.830      622.430      644.770
   145:      645.050      645.190      645.380      657.800      670.240
   150:      670.330      671.020      703.500      704.980      705.370
   155:      708.390      821.310      821.430      828.290      831.770
   160:      834.000      841.310      841.540      841.760      843.220
   165:      848.150      851.710     1013.970     1020.160     1021.170
   170:     1021.980     1022.600     1083.180     1159.580     1160.020
   175:     1160.290     1160.410     1163.000     1248.080     1249.380
   180:     1284.700     1312.300     1401.260     1420.630     1603.650
   185:     1749.500     1792.040     1792.320     1812.710     1882.730
   190:     1883.320     1905.690     1934.940     1935.120     1935.530
   195:     1935.840     2213.370     2504.140     2504.360     2504.910
   200:     2575.200     2579.280     2581.300     2581.300     2581.300
   205:     2581.310     2581.310     2581.310     2581.310     2581.310
   210:     2581.310     2585.310     2586.310     2586.310     2586.960
   215:     2591.300     2591.310     2591.750     2591.750     2591.750
   220:     2591.760     2591.760     2591.760     2591.760     2591.760
   225:     2591.760     2592.330     2592.330     2595.760     2596.760
   230:     2596.760     2599.780     2601.750     2601.760     2620.310
   235:     2663.680     2663.760     2722.740     2728.480     2729.320
   240:     2755.410     2777.780     2777.780     2777.780     2777.790
   245:     2777.790     2777.790     2777.790     2777.790     2777.790
   250:     2778.460     2778.460     2779.470     2779.470     2780.170
   255:     2780.170     2780.920     2780.920     2781.610     2781.610
   260:     2781.790     2782.790     2782.790     2787.780     2787.790
   265:     2799.480     2800.300     2800.440     2892.510     2892.620
   270:     2984.830     3000.370     3002.070     3004.840     3006.390
   275:     3006.480     3006.740     3007.240     3008.970     3009.510
   280:     3011.260     3012.140     3015.830     3018.110     3018.910
   285:     3019.470     3020.430     3021.210     3021.950     3023.480
   290:     3025.000     3025.130     3025.210     3028.670     3033.440
   295:     3039.940     3040.150     3040.920     3061.660     3063.970
   300:     3063.970     3063.970     3063.980     3063.980     3063.980
   305:     3063.980     3063.980     3063.980     3067.980     3068.980
   310:     3068.980     3070.670     3073.970     3073.980     3074.050
   315:     3074.360     3075.530     3075.900     3078.560     3091.120
   320:     3091.660     3094.340     3094.340     3094.340     3094.350
   325:     3094.350     3094.350     3094.350     3094.350     3094.350
   330:     3098.350     3099.350     3099.350     3101.190     3101.880
   335:     3104.340     3104.350     3111.940     3112.120     3112.800
   340:     3117.870     3122.780     3127.370     3129.750     3147.500
   345:     3147.790     3149.270     3149.270     3149.270     3149.280
   350:     3149.280     3149.280     3149.280     3149.280     3149.280
   355:     3153.280     3154.280     3154.280     3159.270     3159.280
   360:     3176.070     3188.130     3188.630     3225.950     3226.670
   365:     3226.860     3226.980     3229.560     3229.890     3231.180
   370:     3231.340     3232.160     3232.420     3234.070     3243.460
   375:     3243.600     3244.290     3247.040     3248.200     3248.260
   380:     3248.350     3256.180     3256.180     3256.180     3256.190
   385:     3256.190     3256.190     3256.190     3256.190     3256.190
   390:     3257.280     3257.280     3260.190     3261.190     3261.190
   395:     3266.180     3266.190     3266.320     3266.410     3267.870
   400:     3276.230     3276.410     3277.590     3277.930     3332.320
   405:     3334.000     3343.560     3540.040     3631.570     3632.350
   410:     3632.540     3632.650     3805.870     3806.200     4277.890
   415:     4832.200     4832.390     4832.830     4833.430     4833.510
   420:     4847.910     4861.280     4862.810     4864.370     4865.030
   425:     4959.390     4959.920     5000.250     5000.250     5000.250
   430:     5000.260     5000.260     5000.260     5000.260     5000.260
   435:     5000.260     5004.260     5005.260     5005.260     5010.250
   440:     5010.260     5011.800     5013.580     5013.580     5013.580
   445:     5013.590     5013.590     5013.590     5013.590     5013.590
   450:     5013.590     5014.220     5014.220     5017.590     5018.590
   455:     5018.590     5023.580     5023.590     5028.830     5029.200
   460:     5029.460     5055.780     5055.920     5057.890     5057.890
   465:     5057.890     5057.900     5057.900     5057.900     5057.900
   470:     5057.900     5057.900     5061.900     5062.900     5062.900
   475:     5066.490     5067.890     5067.900     5068.130     5068.950
   480:     5069.090     5074.300     5075.280     5075.390     5078.220
   485:     5109.470     5109.470     5109.470     5109.480     5109.480
   490:     5109.480     5109.480     5109.480     5109.480     5110.150
   495:     5110.150     5112.500     5112.940     5113.480     5114.480
   500:     5114.480     5115.130     5119.470     5119.480     5130.170
   505:     5145.170     5145.170     5145.170     5145.180     5145.180
   510:     5145.180     5145.180     5145.180     5145.180     5146.400
   515:     5146.400     5149.180     5150.180     5150.180     5150.550
   520:     5150.550     5154.690     5155.170     5155.180     5155.860
   525:     5158.890     5160.240     5166.860     5169.850     5181.220
   530:     5184.950     5186.600     5187.730     5187.840     5193.480
   535:     5205.270     5206.250     5221.770     5223.720     5225.930
   540:     5277.250     5277.750     5277.860     5279.000     5400.140
   545:     5400.210     5400.520     5404.570     5801.640     5844.390
   550:     5844.630     5903.580     5903.760     5904.100     5904.240
   555:     5918.290     5918.610     5926.950     5926.950     5926.950
   560:     5926.960     5926.960     5926.960     5926.960     5926.960
   565:     5926.960     5930.960     5931.960     5931.960     5932.340
   570:     5936.950     5936.960     5938.560     5938.560     5938.560
   575:     5938.570     5938.570     5938.570     5938.570     5938.570
   580:     5938.570     5939.700     5939.700     5940.370     5940.370
   585:     5942.570     5943.570     5943.570     5944.910     5947.440
   590:     5947.440     5947.670     5947.670     5948.560     5948.570
   595:     5968.160     5968.160     5968.160     5968.170     5968.170
   600:     5968.170     5968.170     5968.170     5968.170     5972.170
   605:     5973.170     5973.170     5978.160     5978.170     6012.720
   610:     6017.070     6017.400     6018.090     6018.240     6021.370
   615:     6021.370     6021.370     6021.380     6021.380     6021.380
   620:     6021.380     6021.380     6021.380     6022.170     6022.170
   625:     6025.380     6025.810     6026.380     6026.380     6031.370
   630:     6031.380     6047.310     6262.020     6262.980     6266.390
   635:     6282.110     6282.190     6311.610     6315.990     6360.460
   640:     6426.540     6426.720     6465.940     6537.850     6538.140
   645:     6600.700     6600.760     6796.990     6797.450     6863.400
   650:     6900.690     6900.690     6900.690     6900.700     6900.700
   655:     6900.700     6900.700     6900.700     6900.700     6902.060
   660:     6904.700     6905.280     6905.520     6905.700     6905.700
   665:     6910.690     6910.700     7216.110     7216.600     7219.030
   670:     7219.190     7219.240     7219.360     7220.790     7221.780
   675:     7222.690     7224.650     7225.120     7307.060     7307.270
   680:     7397.610     7398.070     7472.430     7473.620     7474.120
   685:     7474.760     7477.240     7477.350     7479.510     7499.620
   690:     7500.500     7501.800     7502.020     7527.690     7563.520
   695:     7565.000     7582.950     7582.950     7582.950     7582.960
   700:     7582.960     7582.960     7582.960     7582.960     7582.960
   705:     7584.950     7585.620     7586.960     7587.960     7587.960
   710:     7592.950     7592.960     7626.140     7626.780     7627.250
   715:     7627.350     7627.430     7627.560     7627.660     7640.290
   720:     7668.720     7669.160     7691.970     7692.160     7701.290
   725:     7702.190     7702.600     7702.920     7728.100     7742.280
   730:     7742.610     7743.270     7745.620     7758.000     7766.520
   735:     7766.520     7766.520     7766.530     7766.530     7766.530
   740:     7766.530     7766.530     7766.530     7769.790     7770.420
   745:     7770.530     7771.530     7771.530     7776.520     7776.530
   750:     7778.260     7778.980     7781.480     7781.790     7784.360
   755:     7785.060     7785.160     7787.660     7788.120     7788.690
   760:     7788.800     7789.630     7795.050     7808.320     7808.380
   765:     7808.760     7879.920     7880.950     7883.870     7886.250
   770:     7919.530     7919.530     7919.530     7919.540     7919.540
   775:     7919.540     7919.540     7919.540     7919.540     7922.660
   780:     7922.660     7922.820     7922.820     7923.540     7924.540
   785:     7924.540     7929.530     7929.540     8172.770     8180.200
   790:     8181.080     8181.100     8192.760     8193.340     8194.220
   795:     8194.570     8195.330     8197.550     8198.630     8201.720
   800:     8206.320     8209.310     8209.310     8209.310     8209.320
   805:     8209.320     8209.320     8209.320     8209.320     8209.320
   810:     8209.930     8209.930     8211.060     8211.060     8213.120
   815:     8213.320     8214.320     8214.320     8218.220     8218.220
   820:     8219.310     8219.320     8220.410     8220.410     8220.410
   825:     8220.420     8220.420     8220.420     8220.420     8220.420
   830:     8220.420     8224.420     8225.420     8225.420     8230.410
   835:     8230.420     8384.230     8393.860     8394.000     8394.050
   840:     8397.110     8399.960     8408.110     8410.650     8410.940
   845:     8415.850     8428.880     8449.110     8515.890     8516.280
   850:     8530.960     8542.370     8543.020     8555.310     8555.310
   855:     8555.310     8555.320     8555.320     8555.320     8555.320
   860:     8555.320     8555.320     8556.140     8556.140     8556.950
   865:     8556.950     8559.320     8560.320     8560.320     8565.310
   870:     8565.320     8646.830     8647.470     8647.810     8648.370
   875:     8648.910     8649.010     8649.070     8656.600     8657.110
   880:     8664.220     8664.550     8668.810     8669.120     8686.630
   885:     8686.630     8686.630     8686.640     8686.640     8686.640
   890:     8686.640     8686.640     8686.640     8690.640     8691.640
   895:     8691.640     8696.630     8696.640     8729.620     8729.620
   900:     8729.620     8729.630     8729.630     8729.630     8729.630
   905:     8729.630     8729.630     8730.240     8730.240     8733.630
   910:     8734.630     8734.630     8739.620     8739.630     8743.600
   915:     8743.750     8748.610     8749.160     8749.960     8789.930
   920:     8790.440     8790.830     8791.320     8798.390     8798.430
   925:     8832.040     8832.500     9076.150     9077.050     9386.180
   930:     9405.060     9405.180     9405.280     9773.050     9781.840
   935:     9789.100     9789.150     9801.790     9818.020     9819.710
   940:     9827.050     9831.240     9837.040     9838.480     9986.990
   945:    10036.210    10071.800    10111.910    10115.990    10177.140
   950:    10241.680    10338.230    10347.370    10359.000    10363.050
   955:    10460.360    10460.580    10472.650    10495.260    10682.220
   960:    10800.010
