File: C:\MED-PC IV\DATA\!2025-08-25_13h45m.Subject T19



Start Date: 08/25/25
End Date: 08/25/25
Subject: T19
Experiment: OralFentSA
Group: One
Box: 7
Start Time: 13:45:50
End Time: 16:46:01
MSN: Golden_Liq_SelfAdmin_LIT
F:       0.000
G:    1001.000
H:   10800.010
I:       0.000
J:       0.000
K:       0.000
L:       0.000
M:       0.000
N:       0.000
O:       0.000
P:       0.000
Q:       0.000
R:       0.000
S:       0.000
U:       0.000
V:       0.000
W:       0.000
X:       0.000
Y:       0.000
Z:       0.000
A:
     0:        0.000        0.000      180.000        4.000        0.000
     5:        5.000        0.000        5.000        0.000        0.000
    10:        1.000        0.000       10.000 30000000.000       21.000
    15:        6.000      320.000        0.000        0.000        0.000
    20:        0.000
B:
     0:        0.000        0.000        0.000      400.000        0.000
     5:      500.000        0.000      500.000        0.000        0.000
    10:        0.000        0.000     1000.000 3000000000.0        0.000
    15:        0.000        0.000        0.000        0.000        0.000
    20:        0.000
C:
     0:        4.000        5.000        0.000        5.000      944.000
     5:    10256.280        7.000        4.000       15.000        3.750
    10:        5.000        3.000        0.000        0.000        0.000
    15:        0.000        0.000        0.000        0.000        0.000
    20:        0.000
D:
     0:        1.950        2.950        3.100        7.000
E:
     0:       19.000       11.000       26.000       27.000        6.000
     5:        6.000        6.000        6.000        6.000        6.000
    10:        6.000        6.000        6.000        6.000        6.000
    15:        6.000        6.000        6.000        6.000        6.000
    20:        6.000        6.000        6.000        6.000        6.000
    25:        6.000        6.000        6.000        6.000        6.000
    30:        6.000        6.000        6.000        6.000        6.000
    35:        6.000        6.000        6.000        6.000        6.000
    40:        6.000        6.000        6.000        6.000        6.000
    45:        6.000        6.000        6.000        6.000        6.000
    50:        6.000        6.000        6.000        6.000        6.000
    55:        6.000        6.000        6.000        6.000        6.000
    60:        6.000        6.000        6.000        6.000        6.000
    65:        6.000        6.000        6.000        6.000        6.000
    70:        6.000        6.000        6.000        6.000        6.000
    75:        6.000        6.000        6.000        6.000        6.000
    80:        6.000        6.000        6.000        6.000        6.000
    85:        6.000        6.000        6.000        6.000        6.000
    90:        6.000        6.000        6.000        6.000        6.000
    95:        6.000        6.000        6.000        6.000        6.000
   100:        6.000        6.000        6.000        6.000        6.000
   105:        6.000        6.000        6.000        6.000        6.000
   110:        6.000        6.000        6.000        6.000        6.000
   115:        6.000        6.000        6.000        6.000        6.000
   120:        6.000        6.000        6.000        6.000        6.000
   125:        6.000        6.000        6.000        6.000        6.000
   130:        6.000        6.000        6.000        6.000        6.000
   135:        6.000        6.000        6.000        6.000        6.000
   140:        6.000        6.000        6.000        6.000        6.000
   145:        6.000        6.000        6.000        6.000        6.000
   150:        6.000        6.000        6.000        6.000        6.000
   155:        6.000        6.000        6.000        6.000        6.000
   160:        6.000        6.000        6.000        6.000        6.000
   165:        6.000        6.000        6.000        6.000        6.000
   170:        6.000        6.000        6.000        6.000        6.000
   175:        6.000        6.000        6.000        6.000        6.000
   180:        6.000        6.000        6.000        6.000        6.000
   185:        6.000        6.000        6.000        6.000        6.000
   190:        6.000        6.000        6.000        6.000        6.000
   195:        6.000        6.000        6.000        6.000        6.000
   200:        6.000        6.000        6.000        6.000        6.000
   205:        6.000        6.000        6.000        6.000        6.000
   210:        6.000        6.000        6.000        6.000        6.000
   215:        6.000        6.000        6.000        6.000        6.000
   220:        6.000        6.000        6.000        6.000        6.000
   225:        6.000        6.000        6.000        6.000        6.000
   230:        6.000        6.000        6.000        6.000        6.000
   235:        6.000        6.000        6.000        6.000        6.000
   240:        6.000        6.000        6.000        6.000        6.000
   245:        6.000        6.000        6.000        6.000        6.000
   250:        6.000        6.000        6.000        6.000        6.000
   255:        6.000        6.000        6.000        6.000        6.000
   260:        6.000        6.000        6.000        6.000        6.000
   265:        6.000        6.000        6.000        6.000        6.000
   270:        6.000        6.000        6.000        6.000        6.000
   275:        6.000        6.000        6.000        6.000        6.000
   280:        6.000        6.000        6.000        6.000        6.000
   285:        6.000        6.000        6.000        6.000        6.000
   290:        6.000        6.000        6.000        6.000        6.000
   295:        6.000        6.000        6.000        6.000        6.000
   300:        6.000        6.000        6.000        6.000        6.000
   305:        6.000        6.000        6.000        6.000        6.000
   310:        6.000        6.000        6.000        6.000        6.000
   315:        6.000        6.000        6.000        6.000        6.000
   320:        6.000        6.000        6.000        6.000        6.000
   325:        6.000        6.000        6.000        6.000        6.000
   330:        6.000        6.000        6.000        6.000        6.000
   335:        6.000        6.000        6.000        6.000        6.000
   340:        6.000        6.000        6.000        6.000        6.000
   345:        6.000        6.000        6.000        6.000        6.000
   350:        6.000        6.000        6.000        6.000        6.000
   355:        6.000        6.000        6.000        6.000        6.000
   360:        6.000        6.000        6.000        6.000        6.000
   365:        6.000        6.000        6.000        6.000        6.000
   370:        6.000        6.000        6.000        6.000        6.000
   375:        6.000        6.000        6.000        6.000        6.000
   380:        6.000        6.000        6.000        6.000        6.000
   385:        6.000        6.000        6.000        6.000        6.000
   390:        6.000        6.000        6.000        6.000        6.000
   395:        6.000        6.000        6.000        6.000        6.000
   400:        6.000        6.000        6.000        6.000        6.000
   405:        6.000        6.000        6.000        6.000        6.000
   410:        6.000        6.000        6.000        6.000        6.000
   415:        6.000        6.000        6.000        6.000        6.000
   420:        6.000        6.000        6.000        6.000        6.000
   425:        6.000        6.000        6.000        6.000        6.000
   430:        6.000        6.000        6.000        6.000        6.000
   435:        6.000        6.000        6.000        6.000        6.000
   440:        6.000        6.000        6.000        6.000        6.000
   445:        6.000        6.000        6.000        6.000        6.000
   450:        6.000        6.000        6.000        6.000        6.000
   455:        6.000        6.000        6.000        6.000        6.000
   460:        6.000        6.000        6.000        6.000        6.000
   465:        6.000        6.000        6.000        6.000        6.000
   470:        6.000        6.000        6.000        6.000        6.000
   475:        6.000        6.000        6.000        6.000        6.000
   480:        6.000        6.000        6.000        6.000        6.000
   485:        6.000        6.000        6.000        6.000        6.000
   490:        6.000        6.000        6.000        6.000        6.000
   495:        6.000        6.000        6.000        6.000        6.000
   500:       23.000       23.000       23.000        6.000        6.000
   505:        6.000        2.000        4.000       22.000       24.000
   510:       13.000        8.000        5.000       17.000        6.000
   515:        6.000       18.000       14.000       10.000        6.000
   520:       19.000        6.000        6.000        6.000        6.000
   525:        6.000        6.000        6.000        6.000        6.000
   530:        6.000        6.000        6.000        6.000        6.000
   535:        6.000        6.000        6.000        6.000        6.000
   540:        6.000        6.000        6.000        6.000        6.000
   545:        6.000        6.000        6.000        6.000        6.000
   550:        6.000        6.000        6.000        6.000        6.000
   555:        6.000        6.000        6.000        6.000        6.000
   560:        6.000        6.000        6.000        6.000        6.000
   565:        6.000        6.000        6.000        6.000        6.000
   570:        6.000        6.000        6.000        6.000        6.000
   575:        6.000        6.000        6.000        6.000        6.000
   580:        6.000        6.000        6.000        6.000        6.000
   585:        6.000        6.000        6.000        6.000        6.000
   590:        6.000        6.000        6.000        6.000        6.000
   595:        6.000        6.000        6.000        6.000        6.000
   600:        6.000        6.000        6.000        6.000        6.000
   605:        6.000        6.000        6.000        6.000        6.000
   610:        6.000        6.000        6.000        6.000        6.000
   615:        6.000        6.000        6.000        6.000        6.000
   620:        6.000        6.000        6.000        6.000        6.000
   625:        6.000        6.000        6.000        6.000        6.000
   630:        2.000        4.000       22.000       24.000       13.000
   635:        8.000        5.000       17.000        6.000       18.000
   640:       14.000       10.000        6.000        6.000       19.000
   645:        6.000        6.000        6.000        6.000        6.000
   650:        6.000        6.000        6.000        6.000        6.000
   655:        6.000        6.000        6.000        6.000        6.000
   660:        6.000        6.000        6.000        6.000        6.000
   665:        6.000        6.000        6.000        6.000        6.000
   670:        6.000        6.000        6.000        6.000        6.000
   675:        6.000        6.000        6.000        6.000        6.000
   680:        6.000        6.000        6.000        6.000        6.000
   685:        6.000        6.000        6.000        6.000        6.000
   690:        6.000        6.000        6.000        6.000        6.000
   695:        6.000        6.000        6.000        6.000        6.000
   700:        6.000        6.000        6.000        6.000        6.000
   705:        6.000        6.000        6.000        6.000        6.000
   710:        6.000        6.000        6.000        6.000        6.000
   715:        6.000        6.000        6.000        6.000        6.000
   720:        6.000        6.000        6.000        6.000        6.000
   725:        6.000        6.000        6.000        6.000        6.000
   730:        6.000        6.000        6.000        6.000        6.000
   735:        6.000        6.000        6.000        6.000        6.000
   740:        6.000        6.000        6.000        6.000        6.000
   745:        6.000        6.000        6.000        6.000        6.000
   750:        6.000        6.000        6.000        6.000        6.000
   755:        6.000        6.000        6.000        6.000        6.000
   760:        6.000        6.000        6.000        6.000        6.000
   765:        6.000        6.000        6.000        6.000        6.000
   770:        6.000        6.000        6.000        6.000        6.000
   775:        6.000        6.000        6.000        6.000        6.000
   780:        6.000        6.000        6.000        6.000        6.000
   785:        6.000        6.000        6.000        6.000        6.000
   790:        6.000        6.000        6.000        6.000        6.000
   795:        6.000        6.000        6.000        6.000        6.000
   800:        6.000        6.000        6.000        6.000        6.000
   805:        6.000        6.000        6.000        6.000        6.000
   810:        6.000        6.000        6.000        6.000        6.000
   815:        6.000        6.000        6.000        6.000        6.000
   820:        6.000        6.000        6.000        6.000        6.000
   825:        6.000        6.000        6.000        6.000        6.000
   830:        6.000        6.000        6.000        6.000        6.000
   835:        6.000        6.000        6.000        6.000        6.000
   840:        6.000        6.000        6.000        6.000        6.000
   845:        6.000        6.000        6.000        6.000        6.000
   850:        6.000        6.000        6.000        6.000        6.000
   855:        6.000        6.000        6.000        6.000        6.000
   860:        6.000        6.000        6.000        6.000        6.000
   865:        6.000        6.000        6.000        6.000        6.000
   870:        6.000        6.000        6.000        6.000        6.000
   875:        6.000        6.000        6.000        6.000        6.000
   880:        6.000        6.000        6.000        6.000        6.000
   885:        6.000        6.000        6.000        6.000        6.000
   890:        6.000        6.000        6.000        6.000        6.000
   895:        6.000        6.000        6.000        6.000        6.000
   900:        6.000        6.000        6.000        6.000        6.000
   905:        6.000        6.000        6.000        6.000        6.000
   910:        6.000        6.000        6.000        6.000        6.000
   915:        6.000        6.000        6.000        6.000        6.000
   920:        6.000        6.000        6.000        6.000        6.000
   925:        6.000        6.000        6.000        2.000        4.000
   930:       22.000       24.000       13.000        8.000        5.000
   935:       17.000        6.000       18.000       14.000       10.000
   940:        6.000        6.000        6.000       19.000        6.000
   945:        6.000        6.000        6.000        6.000        6.000
   950:        6.000        6.000        6.000        6.000        6.000
   955:        6.000        6.000        6.000        6.000        6.000
   960:        6.000        6.000        6.000        6.000        6.000
   965:        6.000        6.000        6.000        6.000        6.000
   970:        6.000        6.000        6.000        2.000        4.000
   975:       22.000       24.000       13.000        8.000        5.000
   980:       17.000       18.000       21.000       22.000       14.000
   985:       10.000        6.000       19.000        6.000        6.000
   990:        6.000        6.000        6.000        6.000        6.000
   995:        6.000        6.000        6.000        6.000        6.000
  1000:        6.000      100.000
T:
     0:        0.000        0.000        0.000        0.000        2.930
     5:        6.510       10.860       56.370       56.530       58.230
    10:       77.250       84.340       85.400       85.490       92.750
    15:       95.110       99.490      101.730      101.830      107.410
    20:      113.050      116.810      117.120      120.260      120.310
    25:      131.400      137.570      160.100      168.070      169.550
    30:      184.330      184.400      184.590      184.730      187.210
    35:      191.270      191.420      191.680      192.710      193.120
    40:      194.500      196.700      196.880      197.090      197.420
    45:      197.530      197.630      197.730      202.490      214.090
    50:      215.570      227.050      242.670      248.870      256.460
    55:      258.170      261.810      261.820      262.660      266.830
    60:      268.010      268.080      271.730      277.620      278.160
    65:      280.720      293.420      293.800      294.090      296.520
    70:      297.300      307.890      318.230      329.560      330.550
    75:      335.610      336.970      339.300      343.400      343.540
    80:      348.270      348.410      349.000      349.520      352.540
    85:      363.870      366.820      370.250      377.060      381.590
    90:      412.370      412.670      423.030      425.400      425.420
    95:      437.990      438.170      445.670      446.090      467.220
   100:      479.650      480.550      482.690      482.940      487.900
   105:      489.010      497.410      535.930      536.330      539.760
   110:      539.980      543.320      557.070      558.640      559.310
   115:      561.120      565.120      568.100      569.290      574.680
   120:      593.370      607.910      618.060      627.590      628.160
   125:      628.660      653.220      653.990      672.410      672.880
   130:      674.720      708.720      710.860      749.970      750.260
   135:      754.940      755.220      786.210      787.170      799.780
   140:      864.350      865.950      876.970      877.190      879.460
   145:      879.650      884.230      897.930      907.490      909.890
   150:      910.080      913.920      914.550      915.540      918.870
   155:      921.690      923.290      929.000      940.630      940.700
   160:      942.610      942.660      943.020      943.310      943.350
   165:      943.560      943.730      945.160      947.070      947.740
   170:      951.700      954.830      957.800      960.610      960.650
   175:      982.580      982.640      984.280      986.560      986.590
   180:      996.410      998.800     1004.720     1007.070     1027.260
   185:     1040.870     1041.560     1042.270     1108.940     1115.740
   190:     1115.940     1118.800     1155.560     1156.850     1233.890
   195:     1413.950     1513.600     1646.860     1655.680     1782.560
   200:     1834.650     1835.420     1835.920     1930.270     1930.340
   205:     1930.850     1995.000     2019.020     2021.640     2101.160
   210:     2102.860     2153.590     2583.330     2776.650     2802.260
   215:     2856.750     2876.210     2876.950     2878.690     2900.970
   220:     2907.970     2907.980     2908.380     2993.060     3001.980
   225:     3002.560     3002.900     3003.170     3003.450     3004.370
   230:     3005.050     3005.610     3061.400     3061.720     3061.860
   235:     3062.790     3119.540     3933.240     3947.550     3947.860
   240:     3963.310     4004.920     4005.070     4005.310     4007.290
   245:     4007.450     4007.590     4008.600     4041.200     4061.570
   250:     4068.810     4072.420     4079.500     4079.750     4079.970
   255:     4080.280     4080.920     4083.400     4086.700     4101.010
   260:     4103.910     4106.560     4107.050     4108.450     4108.520
   265:     4108.610     4215.510     4215.840     4337.660     4361.200
   270:     4435.180     4622.430     4623.300     4624.460     4626.120
   275:     4626.430     4636.340     4636.370     4637.070     4655.180
   280:     4655.270     4656.750     4656.780     4657.420     4658.560
   285:     4659.260     4659.710     4661.960     4677.150     4769.560
   290:     4769.770     4849.240     4849.560     4849.630     4850.300
   295:     4850.330     4850.410     4850.960     4865.460     4865.510
   300:     4866.650     4866.700     4867.750     4880.280     4891.080
   305:     4891.330     4891.360     5122.910     5124.570     5276.900
   310:     5277.740     5281.580     5308.070     5308.330     5308.830
   315:     5309.190     5309.220     5309.250     5312.280     5312.860
   320:     5382.130     5383.150     5523.810     5525.960     5682.100
   325:     5682.390     5683.810     5683.900     5683.940     5684.310
   330:     5684.360     5688.060     5689.770     5689.800     5689.970
   335:     5690.120     5690.170     5691.430     5701.080     5701.910
   340:     5707.800     5722.620     5757.860     5758.740     5760.480
   345:     5762.290     5764.680     5765.170     5769.200     5772.280
   350:     5772.310     5792.620     5792.950     5793.020     5804.750
   355:     5804.790     5808.890     5811.320     5811.690     5812.080
   360:     5812.620     5812.690     5812.760     5813.160     5815.570
   365:     5816.130     5821.810     5822.490     5832.950     5833.770
   370:     5851.050     5903.570     5907.010     5907.710     5908.370
   375:     5909.510     5911.730     5914.960     5920.700     5923.210
   380:     5923.250     5924.260     5924.650     5925.040     5925.080
   385:     5926.790     5926.980     5927.090     5927.690     5928.050
   390:     5928.520     5928.950     5930.900     5933.430     5933.990
   395:     5934.640     5934.960     5939.700     5941.350     6070.160
   400:     6070.730     6071.150     6071.660     6092.980     6093.940
   405:     6094.990     6096.190     6096.200     6143.160     6143.670
   410:     6144.270     6144.480     6144.680     6145.150     6220.790
   415:     6220.800     6221.200     6222.720     6223.040     6252.600
   420:     6252.940     6280.180     6280.230     6281.370     6281.570
   425:     6282.120     6308.430     6309.280     6339.560     6344.980
   430:     6360.660     6362.840     6366.630     6367.600     6367.890
   435:     6368.320     6368.660     6369.780     6370.450     6371.840
   440:     6372.510     6372.700     6373.340     6373.570     6375.380
   445:     6393.560     6395.480     6401.200     6401.820     6410.120
   450:     6422.530     6422.580     6422.840     6422.910     6424.760
   455:     6477.110     6478.110     6478.370     6482.300     6484.850
   460:     6485.370     6502.690     6502.810     6503.250     6505.570
   465:     6506.500     6510.060     6510.480     6511.190     6525.170
   470:     6525.310     6525.390     6526.620     6528.080     6528.280
   475:     6528.940     6529.180     6529.650     6529.720     6529.860
   480:     6534.710     6543.580     6550.230     6567.740     6743.670
   485:     6744.190     6744.460     6744.490     6744.710     6744.750
   490:     6744.890     6747.650     6749.830     6750.120     6750.750
   495:     6751.300     6752.110     6752.330     6757.720     6759.850
   500:     6809.750     6822.210     6825.420     6839.990     6840.140
   505:     6840.430     6921.760     6921.760     6921.760     6921.770
   510:     6921.770     6921.770     6921.770     6921.770     6923.720
   515:     6925.440     6925.770     6926.770     6926.770     6928.330
   520:     6931.760     6995.030     6995.170     6995.320     6996.030
   525:     7158.650     7163.340     7163.760     7166.430     7167.730
   530:     7167.770     7175.240     7175.600     7175.920     7175.940
   535:     7176.380     7176.460     7176.670     7176.760     7180.700
   540:     7180.840     7186.210     7186.290     7187.090     7189.180
   545:     7190.540     7190.800     7193.460     7206.860     7307.630
   550:     7307.920     7379.490     7383.410     7383.500     7383.550
   555:     7399.250     7399.270     7400.030     7400.290     7401.950
   560:     7402.070     7403.500     7404.730     7406.120     7409.060
   565:     7409.180     7412.510     7414.130     7414.230     7414.500
   570:     7415.110     7415.210     7415.560     7417.550     7417.760
   575:     7418.040     7419.390     7420.390     7421.560     7421.600
   580:     7422.610     7422.670     7422.940     7423.150     7437.400
   585:     7441.340     7451.520     7456.940     7457.490     7457.550
   590:     7484.870     7490.950     7491.940     7587.620     7786.170
   595:     7788.840     7789.050     7789.260     7789.400     7794.590
   600:     7797.070     7797.230     7797.740     7799.320     7799.520
   605:     7799.560     7800.230     7800.700     7802.250     7809.730
   610:     7810.320     7810.510     7810.860     7811.170     7814.590
   615:     7815.470     7819.710     7820.370     7823.420     7823.650
   620:     7829.040     7829.540     7829.800     7830.120     7831.100
   625:     7853.030     7856.780     7856.830     7878.450     7879.080
   630:     7901.460     7901.460     7901.460     7901.470     7901.470
   635:     7901.470     7901.470     7901.470     7904.420     7905.470
   640:     7906.470     7906.470     7908.420     7908.710     7911.460
   645:     7911.520     7912.900     7915.050     7918.700     7923.430
   650:     7923.470     7926.460     7927.410     7928.300     7928.440
   655:     7931.070     7936.740     7937.310     7937.330     7937.480
   660:     7940.790     7941.320     7942.090     7942.550     7943.270
   665:     7943.530     7945.170     7945.450     7949.620     7951.190
   670:     7961.350     7963.070     7980.280     7980.380     7980.580
   675:     7983.870     7984.890     7987.680     7988.950     7989.460
   680:     8001.200     8005.440     8010.020     8014.450     8015.210
   685:     8015.430     8015.720     8016.700     8017.110     8021.330
   690:     8021.830     8026.560     8026.590     8026.660     8026.810
   695:     8026.850     8026.900     8027.000     8027.060     8027.190
   700:     8027.270     8027.810     8028.060     8029.140     8031.950
   705:     8063.700     8064.190     8064.590     8069.800     8070.090
   710:     8071.090     8075.070     8076.430     8088.620     8126.370
   715:     8129.340     8168.020     8168.860     8193.560     8193.800
   720:     8196.660     8199.000     8199.030     8202.950     8204.020
   725:     8204.360     8213.530     8215.200     8215.410     8217.160
   730:     8222.750     8223.100     8225.090     8514.830     8516.580
   735:     8516.980     8517.190     8519.480     8519.850     8745.800
   740:     8745.890     8746.540     8746.940     8747.280     8748.970
   745:     8750.690     8757.350     8757.990     8758.220     8758.510
   750:     8840.650     8843.270     8862.070     8864.020     8865.710
   755:     8885.040     8887.290     8896.460     8896.770     8904.440
   760:     8905.080     8906.390     8925.110     8925.370     8930.110
   765:     8930.480     8945.860     8948.600     8953.010     8961.410
   770:     8970.040     8972.570     8972.870     8977.120     8977.810
   775:     8994.730     9002.440     9002.780     9009.580     9017.520
   780:     9017.630     9021.060     9022.170     9027.840     9032.730
   785:     9032.830     9032.930     9033.000     9033.250     9034.670
   790:     9035.950     9044.900     9044.950     9046.590     9046.780
   795:     9046.820     9046.870     9047.010     9050.500     9050.590
   800:     9062.670     9062.850     9063.230     9074.910     9081.500
   805:     9081.520     9081.990     9082.130     9088.810     9095.500
   810:     9099.760     9100.210     9100.430     9100.640     9104.840
   815:     9105.090     9105.220     9112.460     9118.150     9118.770
   820:     9120.770     9120.980     9121.320     9121.480     9123.430
   825:     9146.480     9147.450     9151.460     9154.640     9154.840
   830:     9155.330     9155.580     9162.890     9163.090     9186.010
   835:     9194.080     9247.160     9268.370     9283.600     9307.260
   840:     9307.670     9319.550     9321.780     9331.700     9332.130
   845:     9332.230     9338.170     9340.710     9341.380     9386.750
   850:     9387.020     9397.550     9406.480     9408.030     9411.750
   855:     9411.780     9413.290     9416.640     9448.530     9449.590
   860:     9511.850     9512.160     9512.880     9589.430     9589.540
   865:     9589.750     9589.990     9590.280     9590.830     9593.900
   870:     9593.990     9594.620     9595.920     9595.970     9597.040
   875:     9597.110     9597.190     9604.730     9604.910     9902.580
   880:     9902.890     9903.450     9904.710     9906.760     9906.780
   885:     9908.780     9909.290     9909.610     9925.040     9925.210
   890:     9925.290     9925.330     9925.390     9938.890     9939.680
   895:     9942.600     9944.400     9985.390     9985.960     9986.050
   900:     9986.160     9986.660     9986.860     9986.990     9988.310
   905:    10068.200    10068.370    10107.020    10114.650    10115.580
   910:    10115.770    10117.500    10118.530    10120.770    10120.950
   915:    10121.190    10121.390    10121.660    10121.790    10122.050
   920:    10123.860    10124.340    10124.410    10124.430    10125.980
   925:    10129.110    10129.160    10139.140    10144.620    10144.620
   930:    10144.620    10144.630    10144.630    10144.630    10144.630
   935:    10144.630    10147.730    10148.630    10149.630    10149.630
   940:    10149.630    10149.730    10150.840    10154.620    10162.900
   945:    10167.540    10169.740    10170.730    10174.800    10175.560
   950:    10199.450    10199.630    10200.010    10200.370    10203.910
   955:    10207.700    10207.780    10222.440    10224.470    10224.520
   960:    10225.750    10225.880    10227.230    10227.290    10227.420
   965:    10228.010    10228.230    10228.450    10244.770    10245.580
   970:    10245.590    10246.290    10246.680    10256.270    10256.270
   975:    10256.270    10256.280    10256.280    10256.280    10256.280
   980:    10256.280    10260.280    10261.120    10261.120    10261.280
   985:    10261.280    10263.280    10266.270    10266.440    10267.860
   990:    10272.230    10272.380    10282.670    10366.030    10388.090
   995:    10393.060    10393.700    10415.410    10417.280    10445.040
  1000:    10450.960    10800.010
