File: C:\MED-PC IV\DATA\!2025-08-17_17h04m.Subject T15



Start Date: 08/17/25
End Date: 08/17/25
Subject: T15
Experiment: OralFentSA
Group: One
Box: 3
Start Time: 17:04:55
End Time: 19:33:12
MSN: Golden_Liq_SelfAdmin_LIT
F:       0.000
G:    2747.000
H:    8865.930
I:       0.000
J:       0.000
K:       0.000
L:       0.000
M:       0.000
N:       0.000
O:       0.000
P:       0.000
Q:       0.000
R:       0.000
S:       0.000
U:       0.000
V:       0.000
W:       0.000
X:       0.000
Y:       0.000
Z:       0.000
A:
     0:        0.000        0.000      180.000        4.000        0.000
     5:        5.000        0.000        5.000        0.000        0.000
    10:        1.000        0.000       10.000       60.000       29.000
    15:        0.000      320.000        0.000        0.000        0.000
    20:        0.000
B:
     0:        0.000        0.000        0.000      400.000        0.000
     5:      500.000        0.000      500.000        0.000        0.000
    10:        0.000        0.000     1000.000     6000.000        0.000
    15:        0.000        0.000        0.000        0.000        0.000
    20:        0.000
C:
     0:      132.000      133.000        0.000       19.000     1340.000
     5:     8826.980        0.350      123.000     2437.960       19.821
    10:       19.000       45.000      119.000        0.000        0.000
    15:        0.000        0.000        0.000        0.000        0.000
    20:        0.000
D:
     0:       17.030        1.440       18.200       23.740       25.610
     5:        8.070        1.140       14.960       12.290        8.560
    10:        9.550       40.130       52.580        7.220       32.310
    15:       31.160       13.190       13.680        8.880        6.560
    20:        4.720       52.290       63.680        0.500        2.650
    25:        1.370       31.000       60.840       37.260       60.150
    30:       43.470        1.200       17.310       30.510       39.200
    35:        5.740        7.170       35.920       15.010       53.680
    40:       16.390       31.480        3.470       21.970       15.330
    45:       44.960       29.060        3.160       36.010        9.480
    50:       28.230       26.040        4.010        1.540        8.410
    55:        0.260       23.990       50.830       13.720        4.550
    60:       39.610       26.770       46.490        6.830       10.330
    65:       32.110       20.340       47.210       25.440       12.030
    70:       12.510       26.610       21.120        9.750        1.470
    75:       44.240        5.770       33.520        9.270       16.310
    80:       39.630       36.990       23.450        1.800       69.100
    85:        1.530       10.940       10.650       38.140        6.250
    90:       14.170        5.580        3.350        1.170       11.010
    95:        9.000       19.810       17.170       20.110        0.000
   100:       25.560        7.700       37.660        7.810       42.460
   105:       17.130       24.580        2.040       30.920        3.390
   110:        0.170       21.930        2.250       14.090       12.910
   115:       42.270       10.160        0.160        0.710        1.760
   120:       59.440        2.070        0.350
E:
     0:       19.000       11.000       26.000       27.000        6.000
     5:        6.000        6.000        6.000        6.000        6.000
    10:        6.000        6.000       25.000       24.000       13.000
    15:        8.000        5.000       17.000       18.000       14.000
    20:       10.000       19.000       23.000       25.000       24.000
    25:       13.000        8.000        5.000       17.000       18.000
    30:       14.000       10.000       19.000        6.000        6.000
    35:        6.000        6.000        6.000        6.000        6.000
    40:        6.000        6.000        6.000        6.000        6.000
    45:        6.000        6.000        6.000       25.000       24.000
    50:       13.000        8.000        5.000       17.000        6.000
    55:       18.000       14.000       10.000       19.000        6.000
    60:        6.000        6.000        6.000        6.000        6.000
    65:        6.000        6.000        6.000        6.000        6.000
    70:        6.000        6.000        6.000        6.000        6.000
    75:        6.000        6.000        6.000        6.000        6.000
    80:        6.000        6.000       25.000       24.000       13.000
    85:        8.000        5.000       17.000       18.000       14.000
    90:       10.000       19.000        6.000        6.000        6.000
    95:        6.000        6.000        6.000        6.000        6.000
   100:        6.000        6.000        6.000        6.000        6.000
   105:        6.000        6.000        6.000        6.000        6.000
   110:        6.000        6.000        6.000        6.000        6.000
   115:        6.000       25.000       24.000       13.000        8.000
   120:        5.000       17.000       18.000       14.000       10.000
   125:       19.000        6.000        6.000        6.000        6.000
   130:        6.000       23.000       25.000       24.000       13.000
   135:        8.000        5.000       17.000       18.000       14.000
   140:       10.000       19.000        6.000        6.000        6.000
   145:        6.000        6.000        6.000        6.000        6.000
   150:        6.000        2.000        4.000       22.000       24.000
   155:       13.000        8.000        5.000       17.000       18.000
   160:       14.000       10.000       19.000        2.000        4.000
   165:       22.000       24.000       13.000        8.000        5.000
   170:       17.000       18.000       14.000       10.000        6.000
   175:        6.000        6.000        6.000       19.000        6.000
   180:        6.000        6.000        6.000        6.000        6.000
   185:        6.000        6.000        6.000        6.000        6.000
   190:        6.000        6.000        6.000        6.000        6.000
   195:        6.000        6.000        6.000        6.000        6.000
   200:        6.000        6.000       25.000       24.000       13.000
   205:        8.000        5.000       17.000        6.000        6.000
   210:        6.000        6.000        6.000        6.000        6.000
   215:        6.000        6.000       18.000       14.000       10.000
   220:        6.000        6.000        6.000       19.000        6.000
   225:        6.000        6.000        6.000        6.000        6.000
   230:        6.000        6.000        6.000        6.000        6.000
   235:        6.000        6.000        6.000        6.000        6.000
   240:        6.000        6.000        6.000        6.000        6.000
   245:        6.000        6.000       25.000       24.000       13.000
   250:        8.000        5.000       17.000       18.000       14.000
   255:       10.000       19.000        6.000        6.000        6.000
   260:        6.000        6.000        6.000        6.000       25.000
   265:       24.000       13.000        8.000        5.000       17.000
   270:       18.000       14.000       10.000       19.000        6.000
   275:        6.000        6.000        6.000        6.000        6.000
   280:        6.000        6.000        6.000        6.000        6.000
   285:        6.000        6.000        6.000        6.000        6.000
   290:        6.000        6.000        6.000        6.000        6.000
   295:        6.000        6.000        6.000        6.000       25.000
   300:       24.000       13.000        8.000        5.000       17.000
   305:       18.000       14.000       10.000        6.000        6.000
   310:        6.000       19.000        6.000        6.000        6.000
   315:        6.000        6.000        6.000        6.000        6.000
   320:        6.000        6.000        6.000        6.000        6.000
   325:       25.000       24.000       13.000        8.000        5.000
   330:       17.000       18.000       14.000       10.000        6.000
   335:       19.000        6.000        2.000        4.000       22.000
   340:       24.000       13.000        8.000        5.000       17.000
   345:       18.000       14.000       10.000       19.000       23.000
   350:        6.000        6.000        6.000        6.000        6.000
   355:        6.000        6.000        6.000        6.000        6.000
   360:        6.000        6.000        6.000        6.000        6.000
   365:       25.000       24.000       13.000        8.000        5.000
   370:       17.000       18.000       14.000       10.000       19.000
   375:        6.000        6.000        6.000        6.000       25.000
   380:       24.000       13.000        8.000        5.000       17.000
   385:       18.000       14.000       10.000        6.000       19.000
   390:        6.000        6.000       25.000       24.000       13.000
   395:        8.000        5.000       17.000       18.000       14.000
   400:       10.000       19.000        6.000        6.000        6.000
   405:       25.000       24.000       13.000        8.000        5.000
   410:       17.000       18.000       14.000       10.000       19.000
   415:        6.000        6.000        6.000        6.000        6.000
   420:        6.000        6.000        6.000        6.000        6.000
   425:        6.000       25.000       24.000       13.000        8.000
   430:        5.000       17.000       18.000       14.000       10.000
   435:       19.000        6.000        2.000        4.000       22.000
   440:       24.000       13.000        8.000        5.000       17.000
   445:       18.000       14.000       10.000       21.000       22.000
   450:       19.000        6.000        6.000        6.000       25.000
   455:       24.000       13.000        8.000        5.000       17.000
   460:       18.000       14.000       10.000        6.000        6.000
   465:       19.000        6.000        6.000        2.000        4.000
   470:       22.000       24.000       13.000        8.000        5.000
   475:       17.000       18.000       14.000       10.000        6.000
   480:        6.000        6.000       19.000       25.000       24.000
   485:       13.000        8.000        5.000       17.000       18.000
   490:        6.000        6.000       14.000       10.000        6.000
   495:        6.000        6.000        6.000       19.000        6.000
   500:        6.000        6.000        6.000        6.000        6.000
   505:        6.000        6.000        6.000        6.000        6.000
   510:       25.000       24.000       13.000        8.000        5.000
   515:       17.000       18.000       14.000       10.000       19.000
   520:        6.000        6.000        6.000        6.000       25.000
   525:       24.000       13.000        8.000        5.000       17.000
   530:       18.000       14.000       10.000       19.000        6.000
   535:        6.000        6.000        6.000        6.000        6.000
   540:        6.000        6.000       25.000       24.000       13.000
   545:        8.000        5.000       17.000        6.000        6.000
   550:        6.000       18.000       14.000       10.000       19.000
   555:        6.000        6.000        6.000        6.000        6.000
   560:        6.000       25.000       24.000       13.000        8.000
   565:        5.000       17.000        6.000        6.000       18.000
   570:       14.000       10.000       19.000        6.000        6.000
   575:        6.000        6.000        6.000        6.000        6.000
   580:        6.000       25.000       24.000       13.000        8.000
   585:        5.000       17.000        6.000        6.000       18.000
   590:       14.000       10.000        6.000        6.000        6.000
   595:        6.000        6.000        6.000       19.000        6.000
   600:        6.000        6.000        6.000        6.000        6.000
   605:        6.000        6.000        6.000        6.000        6.000
   610:        6.000        6.000        6.000        6.000        6.000
   615:        6.000        6.000        6.000        6.000        6.000
   620:        6.000        6.000       25.000       24.000       13.000
   625:        8.000        5.000       17.000       18.000       14.000
   630:       10.000       19.000        6.000        6.000        6.000
   635:        6.000        6.000        6.000        6.000        6.000
   640:        6.000       25.000       24.000       13.000        8.000
   645:        5.000       17.000       18.000       14.000       10.000
   650:       19.000        6.000       25.000       24.000       13.000
   655:        8.000        5.000       17.000       18.000       14.000
   660:       10.000       19.000        6.000        6.000        6.000
   665:        6.000        6.000        6.000       25.000       24.000
   670:       13.000        8.000        5.000       17.000       18.000
   675:       14.000       10.000       19.000        6.000        6.000
   680:       25.000       24.000       13.000        8.000        5.000
   685:       17.000       18.000       14.000       10.000       19.000
   690:        6.000        6.000       25.000       24.000       13.000
   695:        8.000        5.000       17.000        6.000        6.000
   700:        6.000        6.000        6.000       18.000       14.000
   705:       10.000       19.000        6.000        6.000       25.000
   710:       24.000       13.000        8.000        5.000       17.000
   715:       18.000       14.000       10.000       19.000        6.000
   720:        6.000        6.000        6.000        6.000        6.000
   725:        6.000        2.000        4.000       22.000       24.000
   730:       13.000        8.000        5.000       17.000       18.000
   735:       14.000       10.000       19.000        6.000        6.000
   740:        6.000        6.000        6.000        6.000        6.000
   745:        6.000        6.000        6.000        6.000        6.000
   750:       25.000       24.000       13.000        8.000        5.000
   755:       17.000       18.000       14.000       10.000       19.000
   760:        6.000        6.000        6.000        6.000        6.000
   765:        6.000        6.000       25.000       24.000       13.000
   770:        8.000        5.000       17.000       18.000       14.000
   775:       10.000        6.000       19.000       25.000       24.000
   780:       13.000        8.000        5.000       17.000       18.000
   785:       14.000       10.000        6.000       19.000        6.000
   790:       25.000       24.000       13.000        8.000        5.000
   795:       17.000       18.000       14.000       10.000       19.000
   800:        6.000        6.000        6.000        6.000        6.000
   805:        6.000        6.000        6.000       25.000       24.000
   810:       13.000        8.000        5.000       17.000       18.000
   815:       14.000       10.000       19.000       25.000       24.000
   820:       13.000        8.000        5.000       17.000       23.000
   825:       18.000       14.000       10.000       19.000        6.000
   830:        6.000        6.000        6.000        6.000        6.000
   835:        6.000        6.000        6.000        6.000        6.000
   840:        6.000        6.000        6.000        6.000        6.000
   845:        6.000        6.000        6.000        6.000        6.000
   850:        6.000        6.000        6.000        6.000        6.000
   855:        6.000        6.000        6.000        6.000        6.000
   860:        6.000        6.000        6.000        6.000        6.000
   865:        6.000        6.000        6.000       25.000       24.000
   870:       13.000        8.000        5.000       17.000       18.000
   875:       14.000       10.000       19.000        6.000        6.000
   880:        6.000       25.000       24.000       13.000        8.000
   885:        5.000       17.000       18.000       14.000       10.000
   890:       19.000        6.000        6.000        6.000        6.000
   895:        6.000        6.000        6.000        6.000       25.000
   900:       24.000       13.000        8.000        5.000       17.000
   905:       18.000       14.000       10.000       19.000        6.000
   910:        6.000        6.000        6.000        6.000        6.000
   915:        6.000        6.000        6.000        6.000        6.000
   920:        6.000        6.000        6.000        6.000        6.000
   925:        6.000        6.000       25.000       24.000       13.000
   930:        8.000        5.000       17.000       18.000       14.000
   935:       10.000       19.000        2.000        4.000       22.000
   940:       24.000       13.000        8.000        5.000       17.000
   945:        6.000       18.000        6.000       14.000       10.000
   950:        6.000        6.000        6.000        6.000        6.000
   955:       19.000        6.000        6.000        6.000        6.000
   960:        6.000        6.000        6.000       25.000       24.000
   965:       13.000        8.000        5.000       17.000       18.000
   970:       14.000       10.000       19.000        6.000        6.000
   975:        6.000        6.000        6.000        6.000        6.000
   980:        6.000        6.000       25.000       24.000       13.000
   985:        8.000        5.000       17.000       18.000       14.000
   990:       10.000       19.000        6.000        6.000        6.000
   995:        6.000        6.000        6.000       25.000       24.000
  1000:       13.000        8.000        5.000       17.000       18.000
  1005:       14.000       10.000       19.000        6.000        6.000
  1010:        6.000        6.000        6.000        6.000        6.000
  1015:       25.000       24.000       13.000        8.000        5.000
  1020:       17.000       18.000       14.000       10.000       19.000
  1025:        6.000        6.000        6.000        6.000        6.000
  1030:        6.000       25.000       24.000       13.000        8.000
  1035:        5.000       17.000        6.000        6.000       18.000
  1040:        6.000       14.000       10.000        6.000       19.000
  1045:        6.000       25.000       24.000       13.000        8.000
  1050:        5.000       17.000       18.000       14.000       10.000
  1055:       19.000        6.000        6.000        6.000       25.000
  1060:       24.000       13.000        8.000        5.000       17.000
  1065:       18.000       14.000       10.000        6.000       19.000
  1070:        6.000        2.000        4.000       22.000       24.000
  1075:       13.000        8.000        5.000       17.000       21.000
  1080:       22.000       18.000       21.000       22.000       14.000
  1085:       10.000       21.000       22.000       19.000        6.000
  1090:        6.000        6.000        6.000        6.000       25.000
  1095:       24.000       13.000        8.000        5.000       17.000
  1100:       18.000       14.000       10.000       19.000       23.000
  1105:        6.000        6.000        6.000        6.000       25.000
  1110:       24.000       13.000        8.000        5.000       17.000
  1115:       18.000        6.000        6.000       14.000       10.000
  1120:        6.000        6.000        6.000       19.000        6.000
  1125:        6.000        6.000        6.000        6.000        6.000
  1130:        6.000        6.000        6.000        6.000        6.000
  1135:        6.000        6.000        6.000        6.000        6.000
  1140:        6.000        6.000        6.000        6.000        6.000
  1145:       25.000       24.000       13.000        8.000        5.000
  1150:       17.000        6.000        6.000        6.000        6.000
  1155:        6.000        6.000        6.000        6.000        6.000
  1160:        6.000        6.000        6.000        6.000        6.000
  1165:       18.000        6.000       14.000       10.000       19.000
  1170:        6.000        6.000        6.000        6.000        6.000
  1175:        6.000        6.000        6.000        6.000        6.000
  1180:        6.000        6.000        6.000        6.000        6.000
  1185:        6.000        6.000        6.000        6.000        6.000
  1190:        6.000        6.000        6.000        6.000        6.000
  1195:       25.000       24.000       13.000        8.000        5.000
  1200:       17.000       18.000       14.000       10.000        6.000
  1205:       19.000        6.000        6.000        6.000        6.000
  1210:        6.000       25.000       24.000       13.000        8.000
  1215:        5.000       17.000        6.000       18.000       14.000
  1220:       10.000       19.000        6.000        6.000        6.000
  1225:        6.000        6.000       25.000       24.000       13.000
  1230:        8.000        5.000       17.000       18.000       14.000
  1235:       10.000       19.000        6.000        6.000        6.000
  1240:        6.000        6.000        6.000       25.000       24.000
  1245:       13.000        8.000        5.000       17.000       23.000
  1250:       18.000       14.000       10.000       19.000        6.000
  1255:        6.000        6.000        6.000        6.000        6.000
  1260:        6.000        6.000        6.000        6.000        6.000
  1265:        6.000        6.000        6.000        6.000        6.000
  1270:        6.000        6.000        6.000        6.000        6.000
  1275:        6.000       25.000       24.000       13.000        8.000
  1280:        5.000       17.000       18.000       14.000       10.000
  1285:       19.000        6.000        6.000        6.000        6.000
  1290:        6.000        6.000        6.000        6.000        6.000
  1295:        6.000       25.000       24.000       13.000        8.000
  1300:        5.000       17.000       18.000        6.000       14.000
  1305:       10.000       19.000       25.000       24.000       13.000
  1310:        8.000        5.000       17.000       18.000       14.000
  1315:       10.000       19.000        6.000        6.000       25.000
  1320:       24.000       13.000        8.000        5.000       17.000
  1325:       18.000       14.000       10.000       19.000        6.000
  1330:        6.000        6.000        6.000        6.000        6.000
  1335:        6.000       25.000       24.000       13.000        8.000
  1340:        5.000       17.000       18.000       14.000       10.000
  1345:       19.000        6.000        6.000        6.000        6.000
  1350:        6.000       25.000       24.000       13.000        8.000
  1355:        5.000       17.000       18.000       14.000       10.000
  1360:        6.000        6.000        6.000        6.000       19.000
  1365:        6.000        6.000        6.000        6.000        6.000
  1370:        6.000        6.000        6.000        6.000        6.000
  1375:        6.000        6.000        6.000        6.000        6.000
  1380:       25.000       24.000       13.000        8.000        5.000
  1385:       17.000       18.000       14.000       10.000       19.000
  1390:        6.000        6.000        2.000        4.000       22.000
  1395:       24.000       13.000        8.000        5.000       17.000
  1400:       18.000       14.000       10.000       19.000       23.000
  1405:        6.000        6.000       25.000       24.000       13.000
  1410:        8.000        5.000       17.000       18.000       14.000
  1415:       10.000       19.000        6.000        6.000        6.000
  1420:        6.000        6.000        6.000        6.000        6.000
  1425:        6.000        6.000        6.000        6.000       25.000
  1430:       24.000       13.000        8.000        5.000       17.000
  1435:       18.000       14.000       10.000       19.000       23.000
  1440:        6.000       25.000       24.000       13.000        8.000
  1445:        5.000       17.000       18.000       14.000       10.000
  1450:       19.000        6.000        6.000        6.000        6.000
  1455:        6.000        6.000        6.000        6.000        6.000
  1460:        6.000        6.000        6.000        6.000        6.000
  1465:        6.000        6.000        6.000        6.000        6.000
  1470:        6.000        6.000        6.000        6.000       25.000
  1475:       24.000       13.000        8.000        5.000       17.000
  1480:       18.000       14.000       10.000       19.000        6.000
  1485:        6.000        6.000        6.000        6.000       25.000
  1490:       24.000       13.000        8.000        5.000       17.000
  1495:       18.000       14.000       10.000       19.000        6.000
  1500:       25.000       24.000       13.000        8.000        5.000
  1505:       17.000       18.000       14.000       10.000       19.000
  1510:        6.000        6.000        6.000        6.000        6.000
  1515:        6.000        6.000        6.000        6.000        6.000
  1520:        6.000        6.000        6.000       25.000       24.000
  1525:       13.000        8.000        5.000       17.000       18.000
  1530:       14.000       10.000       19.000        6.000        6.000
  1535:        6.000        6.000        6.000        6.000        6.000
  1540:        6.000        6.000        6.000        6.000        6.000
  1545:        6.000        6.000       25.000       24.000       13.000
  1550:        8.000        5.000       17.000       18.000       14.000
  1555:       10.000        6.000        6.000       19.000        6.000
  1560:        6.000        6.000        6.000        6.000       25.000
  1565:       24.000       13.000        8.000        5.000       17.000
  1570:        6.000        6.000        6.000       18.000       14.000
  1575:       10.000        6.000        6.000        6.000        6.000
  1580:       19.000        6.000        6.000        6.000       25.000
  1585:       24.000       13.000        8.000        5.000       17.000
  1590:       18.000       14.000       10.000       19.000        6.000
  1595:        6.000        2.000        4.000       22.000       24.000
  1600:       13.000        8.000        5.000       17.000       18.000
  1605:       14.000       10.000        6.000        6.000        6.000
  1610:        6.000        6.000        6.000       19.000        6.000
  1615:        6.000        6.000        6.000        6.000        6.000
  1620:        6.000        6.000        6.000        6.000        6.000
  1625:        6.000        6.000        6.000        6.000        6.000
  1630:       25.000       24.000       13.000        8.000        5.000
  1635:       17.000       18.000       14.000       10.000       23.000
  1640:       19.000        6.000        6.000        6.000        6.000
  1645:        6.000        6.000        6.000        6.000        6.000
  1650:        6.000        6.000        6.000        6.000        6.000
  1655:        6.000        6.000        6.000       25.000       24.000
  1660:       13.000        8.000        5.000       17.000       18.000
  1665:       14.000       10.000        6.000       19.000        6.000
  1670:        6.000        6.000       25.000       24.000       13.000
  1675:        8.000        5.000       17.000       18.000       14.000
  1680:       10.000       19.000        6.000        6.000        6.000
  1685:        6.000        6.000        6.000        6.000        6.000
  1690:       25.000       24.000       13.000        8.000        5.000
  1695:       17.000       18.000       14.000       10.000       19.000
  1700:        6.000        6.000       25.000       24.000       13.000
  1705:        8.000        5.000       17.000       18.000       14.000
  1710:       10.000       19.000        6.000       23.000       23.000
  1715:       23.000       25.000       24.000       13.000        8.000
  1720:        5.000       17.000       23.000       23.000       23.000
  1725:       18.000       23.000       14.000       10.000       23.000
  1730:       23.000       19.000        6.000        6.000        6.000
  1735:        6.000        6.000        6.000        6.000        6.000
  1740:        6.000        6.000        6.000        6.000        6.000
  1745:        6.000        6.000        6.000        6.000        6.000
  1750:        6.000        6.000       25.000       24.000       13.000
  1755:        8.000        5.000       17.000        6.000        6.000
  1760:        6.000        6.000        6.000       18.000        6.000
  1765:        6.000        6.000       14.000       10.000        6.000
  1770:        6.000        6.000       19.000       25.000       24.000
  1775:       13.000        8.000        5.000       17.000       18.000
  1780:       14.000       10.000       19.000       25.000       24.000
  1785:       13.000        8.000        5.000       17.000       18.000
  1790:       14.000       10.000       19.000        6.000        6.000
  1795:       25.000       24.000       13.000        8.000        5.000
  1800:       17.000        6.000       18.000       14.000       10.000
  1805:       19.000       25.000       24.000       13.000        8.000
  1810:        5.000       17.000       23.000       23.000       18.000
  1815:       14.000       10.000       19.000        6.000        6.000
  1820:        6.000        6.000        6.000        6.000        6.000
  1825:        6.000        6.000        6.000        6.000        6.000
  1830:        6.000        6.000        6.000        6.000        6.000
  1835:        6.000        6.000       25.000       24.000       13.000
  1840:        8.000        5.000       17.000       18.000       14.000
  1845:       10.000       19.000        6.000        6.000        6.000
  1850:        6.000        6.000        6.000        6.000        6.000
  1855:        6.000        6.000        6.000        6.000        6.000
  1860:        6.000        6.000        6.000        6.000        6.000
  1865:        6.000        6.000        6.000        6.000        6.000
  1870:        6.000       25.000       24.000       13.000        8.000
  1875:        5.000       17.000       18.000       14.000       10.000
  1880:       19.000        6.000        6.000        6.000        6.000
  1885:        6.000        6.000        6.000        6.000        6.000
  1890:        6.000        6.000       25.000       24.000       13.000
  1895:        8.000        5.000       17.000       18.000       14.000
  1900:       10.000        6.000       19.000        6.000        6.000
  1905:        6.000        6.000       25.000       24.000       13.000
  1910:        8.000        5.000       17.000       18.000       14.000
  1915:       10.000       19.000        6.000        6.000        6.000
  1920:        6.000        6.000        6.000        6.000        6.000
  1925:        6.000        6.000        6.000        6.000        6.000
  1930:        6.000        2.000        4.000       22.000       24.000
  1935:       13.000        8.000        5.000       17.000       18.000
  1940:       14.000       10.000        6.000       19.000        6.000
  1945:        6.000        6.000       23.000        6.000        6.000
  1950:        6.000        6.000       25.000       24.000       13.000
  1955:        8.000        5.000       17.000        6.000        6.000
  1960:        6.000       18.000        6.000       14.000       10.000
  1965:        6.000       19.000        6.000        6.000        6.000
  1970:        6.000        6.000        6.000        6.000        6.000
  1975:        6.000        6.000        6.000        6.000        6.000
  1980:        6.000        6.000        6.000        6.000        6.000
  1985:        6.000        6.000        6.000        6.000        6.000
  1990:        6.000       25.000       24.000       13.000        8.000
  1995:        5.000       17.000        6.000        6.000        6.000
  2000:       18.000       14.000       10.000        6.000        6.000
  2005:        6.000        6.000       19.000        6.000        6.000
  2010:        6.000        6.000        6.000        6.000        6.000
  2015:        6.000       25.000       24.000       13.000        8.000
  2020:        5.000       17.000       18.000       14.000       10.000
  2025:       19.000        6.000        6.000        6.000        6.000
  2030:        6.000        6.000        6.000        6.000        6.000
  2035:        6.000        6.000        6.000        6.000        6.000
  2040:        6.000        6.000        6.000        6.000        6.000
  2045:        6.000       25.000       24.000       13.000        8.000
  2050:        5.000       17.000       18.000       14.000       10.000
  2055:        6.000        6.000       19.000        6.000        6.000
  2060:        6.000        6.000        6.000        6.000        6.000
  2065:        6.000        6.000        6.000        6.000        6.000
  2070:        6.000        6.000        6.000        6.000        6.000
  2075:        6.000        6.000        6.000        6.000        6.000
  2080:        6.000        2.000        4.000       22.000       24.000
  2085:       13.000        8.000        5.000       17.000       18.000
  2090:       14.000       10.000       19.000        6.000        6.000
  2095:        6.000        6.000        6.000        6.000        6.000
  2100:        6.000        6.000        6.000       25.000       24.000
  2105:       13.000        8.000        5.000       17.000       18.000
  2110:       14.000       10.000       19.000        6.000        6.000
  2115:        6.000        6.000        6.000        6.000        6.000
  2120:        6.000        6.000        6.000       25.000       24.000
  2125:       13.000        8.000        5.000       17.000       18.000
  2130:       14.000       10.000       19.000        6.000        6.000
  2135:        6.000        6.000        6.000        6.000        6.000
  2140:        6.000        6.000        6.000        6.000        6.000
  2145:        6.000        6.000        6.000        6.000        6.000
  2150:        6.000        6.000        6.000        6.000        6.000
  2155:        6.000        6.000        6.000        6.000        6.000
  2160:        6.000        6.000        6.000        6.000        6.000
  2165:        6.000        6.000       25.000       24.000       13.000
  2170:        8.000        5.000       17.000        6.000        6.000
  2175:        6.000       18.000       14.000       10.000        6.000
  2180:        6.000       19.000        6.000        6.000        6.000
  2185:        6.000        6.000        6.000        6.000        6.000
  2190:        6.000        6.000        6.000        6.000        6.000
  2195:        6.000        6.000        6.000        6.000       25.000
  2200:       24.000       13.000        8.000        5.000       17.000
  2205:       18.000       14.000       10.000       19.000        6.000
  2210:        6.000        6.000        6.000        6.000        6.000
  2215:        6.000       25.000       24.000       13.000        8.000
  2220:        5.000       17.000       18.000       14.000       10.000
  2225:        6.000        6.000        6.000       19.000        6.000
  2230:        6.000        6.000       25.000       24.000       13.000
  2235:        8.000        5.000       17.000       18.000       14.000
  2240:       10.000       19.000        6.000        6.000       23.000
  2245:        6.000        6.000       25.000       24.000       13.000
  2250:        8.000        5.000       17.000       21.000       22.000
  2255:       18.000       14.000       10.000       21.000       22.000
  2260:       19.000        2.000        4.000       22.000       24.000
  2265:       13.000        8.000        5.000       17.000       18.000
  2270:       14.000       10.000        6.000        6.000        6.000
  2275:        6.000       19.000        6.000        6.000        6.000
  2280:        6.000        6.000        6.000       25.000       24.000
  2285:       13.000        8.000        5.000       17.000       18.000
  2290:       14.000       10.000       19.000        6.000        6.000
  2295:       25.000       24.000       13.000        8.000        5.000
  2300:       17.000       18.000       14.000       10.000       19.000
  2305:        6.000        6.000        6.000        6.000        6.000
  2310:        6.000        6.000        6.000        6.000        6.000
  2315:        6.000        6.000       25.000       24.000       13.000
  2320:        8.000        5.000       17.000       18.000       14.000
  2325:       10.000       19.000       25.000       24.000       13.000
  2330:        8.000        5.000       17.000       18.000       14.000
  2335:       10.000       19.000        6.000        6.000        6.000
  2340:        6.000        6.000        6.000        6.000        6.000
  2345:        6.000        6.000        6.000        6.000       25.000
  2350:       24.000       13.000        8.000        5.000       17.000
  2355:        6.000        6.000        6.000        6.000        6.000
  2360:       18.000       14.000       10.000        6.000       19.000
  2365:        6.000        6.000        6.000        6.000        6.000
  2370:        6.000        6.000       25.000       24.000       13.000
  2375:        8.000        5.000       17.000       18.000       14.000
  2380:       10.000       19.000        6.000        6.000        6.000
  2385:        6.000        6.000        6.000        6.000        6.000
  2390:        6.000        6.000        6.000        6.000        6.000
  2395:       25.000       24.000       13.000        8.000        5.000
  2400:       17.000        6.000        6.000       18.000        6.000
  2405:       14.000       10.000        6.000        6.000        6.000
  2410:        6.000        6.000        6.000        6.000        6.000
  2415:        6.000       19.000        6.000        6.000        6.000
  2420:        6.000        6.000       25.000       24.000       13.000
  2425:        8.000        5.000       17.000        6.000        6.000
  2430:       18.000       14.000       10.000       19.000       23.000
  2435:       23.000        6.000        6.000        6.000        6.000
  2440:        6.000        6.000       25.000       24.000       13.000
  2445:        8.000        5.000       17.000       18.000       14.000
  2450:       10.000       19.000        6.000        6.000        6.000
  2455:        6.000        6.000        6.000        6.000        6.000
  2460:        6.000        6.000       25.000       24.000       13.000
  2465:        8.000        5.000       17.000        6.000        6.000
  2470:        6.000        6.000       18.000       14.000       10.000
  2475:        6.000        6.000        6.000       19.000        6.000
  2480:        6.000        6.000        6.000        6.000        6.000
  2485:        6.000        6.000        6.000        6.000        6.000
  2490:        6.000        6.000        6.000        6.000       25.000
  2495:       24.000       13.000        8.000        5.000       17.000
  2500:       18.000       14.000       10.000       19.000        6.000
  2505:        6.000        6.000        6.000        6.000        6.000
  2510:        6.000        6.000        6.000        6.000        6.000
  2515:        6.000        6.000       25.000       24.000       13.000
  2520:        8.000        5.000       17.000       18.000       14.000
  2525:       10.000       19.000       25.000       24.000       13.000
  2530:        8.000        5.000       17.000       18.000       14.000
  2535:       10.000       19.000       23.000       23.000       25.000
  2540:       24.000       13.000        8.000        5.000       17.000
  2545:       18.000       14.000       10.000       19.000        6.000
  2550:        6.000       23.000        6.000        6.000       25.000
  2555:       24.000       13.000        8.000        5.000       17.000
  2560:       18.000       14.000       10.000       19.000        6.000
  2565:        6.000        6.000        6.000        6.000        6.000
  2570:        6.000        6.000       25.000       24.000       13.000
  2575:        8.000        5.000       17.000       18.000       14.000
  2580:       10.000       19.000        6.000        6.000        6.000
  2585:        6.000        6.000        6.000        6.000        6.000
  2590:        6.000       25.000       24.000       13.000        8.000
  2595:        5.000       17.000        6.000        6.000        6.000
  2600:        6.000        6.000        6.000        6.000        6.000
  2605:       18.000       14.000       10.000       19.000        6.000
  2610:        6.000        6.000        6.000        6.000        6.000
  2615:        6.000        6.000        6.000        6.000        6.000
  2620:        6.000        6.000        6.000        6.000       25.000
  2625:       24.000       13.000        8.000        5.000       17.000
  2630:        6.000       18.000       14.000       10.000       19.000
  2635:        6.000       25.000       24.000       13.000        8.000
  2640:        5.000       17.000        6.000        6.000        6.000
  2645:       18.000       14.000       10.000       19.000       23.000
  2650:       25.000       24.000       13.000        8.000        5.000
  2655:       17.000       18.000       14.000       10.000       19.000
  2660:       23.000       23.000       23.000       23.000       23.000
  2665:       23.000       23.000       23.000       23.000       23.000
  2670:       23.000       23.000       23.000       23.000       23.000
  2675:        6.000        6.000        6.000        6.000        6.000
  2680:       25.000       24.000       13.000        8.000        5.000
  2685:       17.000        6.000        6.000        6.000        6.000
  2690:        6.000        6.000        6.000       18.000       14.000
  2695:       10.000        6.000       19.000       23.000       23.000
  2700:        6.000        6.000        6.000        6.000        6.000
  2705:        6.000        6.000        6.000        6.000        6.000
  2710:        6.000        6.000        6.000        6.000        6.000
  2715:        6.000       25.000       24.000       13.000        8.000
  2720:        5.000       17.000        6.000        6.000        6.000
  2725:       18.000       14.000       10.000        6.000        6.000
  2730:        6.000        6.000       19.000        6.000        6.000
  2735:        6.000        6.000        6.000        6.000        6.000
  2740:        6.000        6.000        6.000        6.000        6.000
  2745:        6.000        6.000
T:
     0:        0.000        0.000        0.000        0.000       15.380
     5:       18.000       18.510       21.510       21.950       41.520
    10:       42.860       43.710       59.990       60.000       60.000
    15:       60.000       60.000       60.000       64.000       65.000
    20:       65.000       69.990      119.320      129.990      130.000
    25:      130.000      130.000      130.000      130.000      134.000
    30:      135.000      135.000      139.990      147.030      147.060
    35:      147.100      148.670      149.380      149.560      150.300
    40:      191.190      191.870      196.800      197.030      197.200
    45:      197.230      197.660      197.700      199.990      200.000
    50:      200.000      200.000      200.000      200.000      201.440
    55:      204.000      205.000      205.000      209.990      215.570
    60:      215.750      216.330      216.510      216.730      216.880
    65:      216.890      217.320      217.370      218.360      222.190
    70:      223.000      224.360      224.400      226.890      226.910
    75:      226.990      227.010      227.020      243.580      244.090
    80:      247.850      248.070      269.990      270.000      270.000
    85:      270.000      270.000      270.000      274.000      275.000
    90:      275.000      279.990      288.200      290.270      291.520
    95:      292.400      294.810      295.960      296.210      299.090
   100:      299.560      300.100      300.540      301.250      302.250
   105:      303.980      304.060      304.260      304.430      307.790
   110:      308.610      308.690      309.140      312.240      312.720
   115:      319.060      339.990      340.000      340.000      340.000
   120:      340.000      340.000      344.000      345.000      345.000
   125:      349.990      363.740      363.840      365.400      365.720
   130:      365.950      386.720      409.990      410.000      410.000
   135:      410.000      410.000      410.000      414.000      415.000
   140:      415.000      419.990      435.610      435.640      436.660
   145:      439.050      439.130      439.180      439.250      444.670
   150:      444.960      452.440      452.440      452.440      452.450
   155:      452.450      452.450      452.450      452.450      456.450
   160:      457.450      457.450      462.440      468.340      468.340
   165:      468.340      468.350      468.350      468.350      468.350
   170:      468.350      472.350      473.350      473.350      476.420
   175:      476.430      476.620      477.620      478.340      479.470
   180:      480.310      480.990      481.430      483.610      483.920
   185:      484.030      484.230      484.930      492.550      492.620
   190:      493.310      493.340      493.470      493.480      507.000
   195:      507.170      507.430      510.790      511.440      511.570
   200:      524.520      524.660      538.340      538.350      538.350
   205:      538.350      538.350      538.350      539.490      540.310
   210:      540.420      540.650      540.790      541.000      541.350
   215:      541.440      541.930      542.350      543.350      543.350
   220:      546.360      547.790      548.220      548.340      548.750
   225:      550.050      560.660      562.490      562.770      563.510
   230:      563.580      574.950      575.240      576.650      577.080
   235:      577.470      577.880      583.210      583.280      584.380
   240:      585.500      586.640      586.760      600.860      601.080
   245:      601.750      602.800      608.340      608.350      608.350
   250:      608.350      608.350      608.350      612.350      613.350
   255:      613.350      618.340      623.310      624.000      629.460
   260:      647.360      649.200      651.630      652.070      678.340
   265:      678.350      678.350      678.350      678.350      678.350
   270:      682.350      683.350      683.350      688.340      690.640
   275:      691.070      691.350      699.500      699.590      701.300
   280:      701.330      712.790      712.950      714.050      714.620
   285:      714.870      715.070      715.520      715.770      716.550
   290:      717.600      720.200      720.750      721.310      721.340
   295:      722.650      730.540      730.990      731.930      748.340
   300:      748.350      748.350      748.350      748.350      748.350
   305:      752.350      753.350      753.350      756.910      757.330
   310:      757.940      758.340      764.570      777.270      777.400
   315:      777.690      778.140      778.410      779.070      780.530
   320:      783.760      790.640      810.970      811.100      811.930
   325:      818.340      818.350      818.350      818.350      818.350
   330:      818.350      822.350      823.350      823.350      827.900
   335:      828.340      828.580      866.350      866.350      866.350
   340:      866.360      866.360      866.360      866.360      866.360
   345:      870.360      871.360      871.360      876.350      892.080
   350:      906.490      906.590      906.800      910.830      911.120
   355:      915.250      918.390      921.510      922.590      923.130
   360:      923.750      924.590      924.800      927.120      927.520
   365:      936.350      936.360      936.360      936.360      936.360
   370:      936.360      940.360      941.360      941.360      946.350
   375:      988.940      989.750      990.310     1002.010     1006.350
   380:     1006.360     1006.360     1006.360     1006.360     1006.360
   385:     1010.360     1011.360     1011.360     1013.580     1016.350
   390:     1034.500     1035.110     1076.350     1076.360     1076.360
   395:     1076.360     1076.360     1076.360     1080.360     1081.360
   400:     1081.360     1086.350     1108.670     1109.030     1109.590
   405:     1146.350     1146.360     1146.360     1146.360     1146.360
   410:     1146.360     1150.360     1151.360     1151.360     1156.350
   415:     1177.520     1179.380     1200.220     1200.510     1200.940
   420:     1201.020     1201.280     1202.180     1202.270     1202.420
   425:     1206.800     1216.350     1216.360     1216.360     1216.360
   430:     1216.360     1216.360     1220.360     1221.360     1221.360
   435:     1226.350     1229.550     1246.410     1246.410     1246.410
   440:     1246.420     1246.420     1246.420     1246.420     1246.420
   445:     1250.420     1251.420     1251.420     1251.570     1251.570
   450:     1256.410     1260.100     1261.120     1262.370     1316.410
   455:     1316.420     1316.420     1316.420     1316.420     1316.420
   460:     1320.420     1321.420     1321.420     1325.300     1325.490
   465:     1326.410     1357.390     1358.750     1362.030     1362.030
   470:     1362.030     1362.040     1362.040     1362.040     1362.040
   475:     1362.040     1366.040     1367.040     1367.040     1368.600
   480:     1370.450     1370.540     1372.030     1432.030     1432.040
   485:     1432.040     1432.040     1432.040     1432.040     1436.040
   490:     1436.760     1436.840     1437.040     1437.040     1437.370
   495:     1437.440     1438.250     1438.720     1442.030     1472.280
   500:     1473.620     1479.440     1479.500     1479.800     1480.690
   505:     1481.350     1481.370     1493.890     1494.000     1494.240
   510:     1502.030     1502.040     1502.040     1502.040     1502.040
   515:     1502.040     1506.040     1507.040     1507.040     1512.030
   520:     1554.330     1555.760     1559.450     1559.920     1572.030
   525:     1572.040     1572.040     1572.040     1572.040     1572.040
   530:     1576.040     1577.040     1577.040     1582.030     1635.720
   535:     1635.990     1636.280     1639.240     1639.300     1639.380
   540:     1641.050     1641.270     1642.030     1642.040     1642.040
   545:     1642.040     1642.040     1642.040     1642.540     1642.850
   550:     1644.570     1646.040     1647.040     1647.040     1652.030
   555:     1666.530     1668.430     1668.650     1669.900     1681.490
   560:     1695.990     1712.030     1712.040     1712.040     1712.040
   565:     1712.040     1712.040     1714.690     1715.040     1716.040
   570:     1717.040     1717.040     1722.030     1738.280     1738.650
   575:     1738.800     1750.480     1751.140     1752.730     1763.260
   580:     1780.690     1782.030     1782.040     1782.040     1782.040
   585:     1782.040     1782.040     1783.410     1784.990     1786.040
   590:     1787.040     1787.040     1789.010     1789.290     1790.200
   595:     1790.310     1790.760     1790.910     1792.030     1792.340
   600:     1793.040     1793.110     1793.510     1794.140     1794.550
   605:     1794.900     1796.060     1796.260     1796.380     1796.680
   610:     1797.140     1799.720     1800.500     1800.730     1800.790
   615:     1801.620     1801.800     1820.170     1836.900     1837.320
   620:     1838.000     1838.220     1852.030     1852.040     1852.040
   625:     1852.040     1852.040     1852.040     1856.040     1857.040
   630:     1857.040     1862.030     1883.040     1883.610     1883.740
   635:     1884.250     1884.350     1884.500     1884.680     1890.230
   640:     1890.280     1922.030     1922.040     1922.040     1922.040
   645:     1922.040     1922.040     1926.040     1927.040     1927.040
   650:     1932.030     1982.880     1992.030     1992.040     1992.040
   655:     1992.040     1992.040     1992.040     1996.040     1997.040
   660:     1997.040     2002.030     2029.300     2029.390     2029.580
   665:     2029.700     2031.280     2031.520     2062.030     2062.040
   670:     2062.040     2062.040     2062.040     2062.040     2066.040
   675:     2067.040     2067.040     2072.030     2122.190     2122.240
   680:     2132.030     2132.040     2132.040     2132.040     2132.040
   685:     2132.040     2136.040     2137.040     2137.040     2142.030
   690:     2175.510     2200.920     2202.030     2202.040     2202.040
   695:     2202.040     2202.040     2202.040     2203.240     2203.310
   700:     2203.410     2204.850     2205.320     2206.040     2207.040
   705:     2207.040     2212.030     2231.510     2231.580     2272.030
   710:     2272.040     2272.040     2272.040     2272.040     2272.040
   715:     2276.040     2277.040     2277.040     2282.030     2289.350
   720:     2289.790     2299.340     2299.990     2300.500     2304.730
   725:     2305.190     2338.260     2338.260     2338.260     2338.270
   730:     2338.270     2338.270     2338.270     2338.270     2342.270
   735:     2343.270     2343.270     2348.260     2368.780     2369.010
   740:     2372.810     2373.040     2373.710     2375.060     2375.940
   745:     2376.340     2376.810     2386.400     2386.580     2387.370
   750:     2408.260     2408.270     2408.270     2408.270     2408.270
   755:     2408.270     2412.270     2413.270     2413.270     2418.260
   760:     2447.470     2450.540     2450.910     2457.080     2457.120
   765:     2457.200     2457.410     2478.260     2478.270     2478.270
   770:     2478.270     2478.270     2478.270     2482.270     2483.270
   775:     2483.270     2484.010     2488.260     2548.260     2548.270
   780:     2548.270     2548.270     2548.270     2548.270     2552.270
   785:     2553.270     2553.270     2555.440     2558.260     2611.220
   790:     2618.260     2618.270     2618.270     2618.270     2618.270
   795:     2618.270     2622.270     2623.270     2623.270     2628.260
   800:     2654.190     2654.590     2654.720     2654.790     2654.810
   805:     2654.880     2655.200     2655.290     2688.260     2688.270
   810:     2688.270     2688.270     2688.270     2688.270     2692.270
   815:     2693.270     2693.270     2698.260     2758.260     2758.270
   820:     2758.270     2758.270     2758.270     2758.270     2759.970
   825:     2762.270     2763.270     2763.270     2768.260     2773.280
   830:     2775.420     2775.670     2777.210     2781.450     2782.660
   835:     2783.490     2787.250     2787.800     2788.350     2789.260
   840:     2789.830     2789.930     2790.070     2790.380     2790.770
   845:     2791.600     2791.790     2791.800     2791.840     2791.870
   850:     2791.880     2791.900     2792.030     2796.440     2796.550
   855:     2796.880     2797.100     2797.430     2797.470     2797.560
   860:     2797.600     2797.650     2803.060     2803.560     2803.960
   865:     2809.890     2818.810     2821.160     2828.260     2828.270
   870:     2828.270     2828.270     2828.270     2828.270     2832.270
   875:     2833.270     2833.270     2838.260     2881.950     2882.350
   880:     2882.560     2898.260     2898.270     2898.270     2898.270
   885:     2898.270     2898.270     2902.270     2903.270     2903.270
   890:     2908.260     2914.660     2915.060     2916.180     2920.810
   895:     2921.340     2930.190     2930.600     2932.670     2968.260
   900:     2968.270     2968.270     2968.270     2968.270     2968.270
   905:     2972.270     2973.270     2973.270     2978.260     2999.750
   910:     3014.010     3020.990     3021.250     3021.600     3022.050
   915:     3022.260     3022.570     3022.830     3023.350     3023.550
   920:     3023.880     3026.070     3026.160     3026.420     3026.600
   925:     3026.610     3029.830     3038.260     3038.270     3038.270
   930:     3038.270     3038.270     3038.270     3042.270     3043.270
   935:     3043.270     3048.260     3070.860     3070.860     3070.860
   940:     3070.870     3070.870     3070.870     3070.870     3070.870
   945:     3074.340     3074.870     3075.350     3075.870     3075.870
   950:     3075.900     3076.630     3077.080     3077.130     3080.230
   955:     3080.860     3081.000     3081.720     3081.790     3081.910
   960:     3086.730     3113.370     3137.980     3140.860     3140.870
   965:     3140.870     3140.870     3140.870     3140.870     3144.870
   970:     3145.870     3145.870     3150.860     3162.840     3163.960
   975:     3164.400     3164.770     3164.790     3165.010     3167.260
   980:     3167.890     3170.750     3210.860     3210.870     3210.870
   985:     3210.870     3210.870     3210.870     3214.870     3215.870
   990:     3215.870     3220.860     3226.200     3226.490     3227.040
   995:     3227.300     3229.100     3260.900     3280.860     3280.870
  1000:     3280.870     3280.870     3280.870     3280.870     3284.870
  1005:     3285.870     3285.870     3290.860     3325.830     3326.340
  1010:     3337.760     3344.520     3344.560     3344.600     3345.250
  1015:     3350.860     3350.870     3350.870     3350.870     3350.870
  1020:     3350.870     3354.870     3355.870     3355.870     3360.860
  1025:     3379.930     3380.390     3382.090     3384.310     3384.650
  1030:     3385.970     3420.860     3420.870     3420.870     3420.870
  1035:     3420.870     3420.870     3424.030     3424.140     3424.870
  1040:     3425.470     3425.870     3425.870     3426.160     3430.860
  1045:     3481.140     3490.860     3490.870     3490.870     3490.870
  1050:     3490.870     3490.870     3494.870     3495.870     3495.870
  1055:     3500.860     3526.880     3528.440     3528.820     3560.860
  1060:     3560.870     3560.870     3560.870     3560.870     3560.870
  1065:     3564.870     3565.870     3565.870     3570.350     3570.860
  1070:     3572.540     3595.880     3595.880     3595.880     3595.890
  1075:     3595.890     3595.890     3595.890     3595.890     3596.600
  1080:     3596.600     3599.890     3600.150     3600.150     3600.890
  1085:     3600.890     3601.820     3601.820     3605.880     3624.120
  1090:     3624.220     3624.410     3624.840     3626.130     3665.880
  1095:     3665.890     3665.890     3665.890     3665.890     3665.890
  1100:     3669.890     3670.890     3670.890     3675.880     3685.090
  1105:     3691.930     3692.420     3692.960     3695.490     3735.880
  1110:     3735.890     3735.890     3735.890     3735.890     3735.890
  1115:     3739.890     3739.900     3740.440     3740.890     3740.890
  1120:     3742.020     3742.770     3742.780     3745.880     3746.090
  1125:     3746.310     3746.770     3746.880     3746.920     3746.990
  1130:     3747.020     3747.090     3747.130     3747.330     3747.380
  1135:     3747.610     3756.930     3757.790     3793.220     3793.240
  1140:     3793.380     3798.270     3799.210     3799.230     3799.480
  1145:     3805.880     3805.890     3805.890     3805.890     3805.890
  1150:     3805.890     3807.430     3807.690     3807.900     3808.220
  1155:     3808.460     3808.760     3809.140     3809.200     3809.300
  1160:     3809.420     3809.480     3809.530     3809.750     3809.820
  1165:     3809.890     3810.490     3810.890     3810.890     3815.880
  1170:     3816.680     3824.450     3826.000     3826.360     3826.450
  1175:     3826.490     3827.250     3827.360     3827.590     3827.660
  1180:     3827.740     3827.800     3828.160     3828.240     3828.840
  1185:     3829.490     3829.550     3829.680     3829.920     3831.060
  1190:     3831.070     3831.080     3831.120     3831.220     3831.440
  1195:     3875.880     3875.890     3875.890     3875.890     3875.890
  1200:     3875.890     3879.890     3880.890     3880.890     3884.300
  1205:     3885.880     3893.760     3894.510     3942.690     3943.480
  1210:     3943.910     3945.880     3945.890     3945.890     3945.890
  1215:     3945.890     3945.890     3946.150     3949.890     3950.890
  1220:     3950.890     3955.880     3972.400     3972.550     3972.990
  1225:     3981.570     3981.590     4015.880     4015.890     4015.890
  1230:     4015.890     4015.890     4015.890     4019.890     4020.890
  1235:     4020.890     4025.880     4039.880     4040.270     4080.130
  1240:     4080.530     4080.610     4081.090     4085.880     4085.890
  1245:     4085.890     4085.890     4085.890     4085.890     4089.650
  1250:     4089.890     4090.890     4090.890     4095.880     4136.720
  1255:     4137.570     4138.780     4139.110     4139.270     4143.580
  1260:     4145.070     4145.140     4145.270     4145.300     4147.680
  1265:     4149.630     4149.850     4150.290     4150.450     4150.500
  1270:     4150.640     4150.720     4150.990     4152.080     4152.470
  1275:     4152.510     4155.880     4155.890     4155.890     4155.890
  1280:     4155.890     4155.890     4159.890     4160.890     4160.890
  1285:     4165.880     4169.610     4174.400     4174.730     4174.910
  1290:     4174.930     4175.160     4175.200     4175.240     4218.990
  1295:     4220.410     4225.880     4225.890     4225.890     4225.890
  1300:     4225.890     4225.890     4229.890     4230.440     4230.890
  1305:     4230.890     4235.880     4295.880     4295.890     4295.890
  1310:     4295.890     4295.890     4295.890     4299.890     4300.890
  1315:     4300.890     4305.880     4335.500     4335.530     4365.880
  1320:     4365.890     4365.890     4365.890     4365.890     4365.890
  1325:     4369.890     4370.890     4370.890     4375.880     4392.660
  1330:     4393.170     4411.980     4412.920     4413.550     4426.890
  1335:     4427.150     4435.880     4435.890     4435.890     4435.890
  1340:     4435.890     4435.890     4439.890     4440.890     4440.890
  1345:     4445.880     4482.380     4482.980     4489.240     4490.520
  1350:     4491.060     4505.880     4505.890     4505.890     4505.890
  1355:     4505.890     4505.890     4509.890     4510.890     4510.890
  1360:     4512.720     4512.750     4513.160     4513.350     4515.880
  1365:     4566.260     4566.480     4566.900     4568.660     4569.050
  1370:     4569.820     4570.570     4570.610     4570.660     4570.750
  1375:     4571.400     4571.700     4572.300     4573.280     4573.310
  1380:     4575.880     4575.890     4575.890     4575.890     4575.890
  1385:     4575.890     4579.890     4580.890     4580.890     4585.880
  1390:     4586.220     4587.300     4613.620     4613.620     4613.620
  1395:     4613.630     4613.630     4613.630     4613.630     4613.630
  1400:     4617.630     4618.630     4618.630     4623.620     4630.940
  1405:     4645.740     4650.450     4683.620     4683.630     4683.630
  1410:     4683.630     4683.630     4683.630     4687.630     4688.630
  1415:     4688.630     4693.620     4703.970     4704.100     4704.210
  1420:     4704.330     4704.960     4705.680     4707.060     4709.290
  1425:     4714.440     4715.640     4748.130     4748.440     4753.620
  1430:     4753.630     4753.630     4753.630     4753.630     4753.630
  1435:     4757.630     4758.630     4758.630     4763.620     4767.880
  1440:     4800.840     4823.620     4823.630     4823.630     4823.630
  1445:     4823.630     4823.630     4827.630     4828.630     4828.630
  1450:     4833.620     4849.070     4849.590     4849.930     4851.080
  1455:     4851.100     4851.960     4852.000     4852.020     4855.070
  1460:     4861.850     4862.360     4863.720     4864.720     4868.140
  1465:     4869.430     4869.690     4869.790     4869.890     4870.070
  1470:     4877.780     4877.860     4878.330     4878.420     4893.620
  1475:     4893.630     4893.630     4893.630     4893.630     4893.630
  1480:     4897.630     4898.630     4898.630     4903.620     4905.660
  1485:     4909.970     4917.960     4918.760     4957.850     4963.620
  1490:     4963.630     4963.630     4963.630     4963.630     4963.630
  1495:     4967.630     4968.630     4968.630     4973.620     4976.140
  1500:     5033.620     5033.630     5033.630     5033.630     5033.630
  1505:     5033.630     5037.630     5038.630     5038.630     5043.620
  1510:     5060.240     5060.730     5065.130     5065.630     5084.300
  1515:     5084.710     5085.320     5086.220     5093.910     5095.540
  1520:     5095.570     5096.200     5097.690     5103.620     5103.630
  1525:     5103.630     5103.630     5103.630     5103.630     5107.630
  1530:     5108.630     5108.630     5113.620     5124.750     5128.660
  1535:     5137.740     5152.390     5154.110     5154.910     5155.360
  1540:     5158.230     5159.230     5159.360     5161.210     5162.000
  1545:     5162.120     5162.420     5173.620     5173.630     5173.630
  1550:     5173.630     5173.630     5173.630     5177.630     5178.630
  1555:     5178.630     5183.380     5183.440     5183.620     5184.710
  1560:     5184.760     5205.580     5214.150     5227.520     5243.620
  1565:     5243.630     5243.630     5243.630     5243.630     5243.630
  1570:     5245.100     5245.340     5245.460     5247.630     5248.630
  1575:     5248.630     5249.960     5249.990     5250.650     5251.590
  1580:     5253.620     5300.480     5304.040     5311.450     5313.620
  1585:     5313.630     5313.630     5313.630     5313.630     5313.630
  1590:     5317.630     5318.630     5318.630     5323.620     5357.870
  1595:     5357.890     5378.960     5378.960     5378.960     5378.970
  1600:     5378.970     5378.970     5378.970     5378.970     5382.970
  1605:     5383.970     5383.970     5384.740     5385.140     5385.260
  1610:     5385.300     5385.430     5388.630     5388.960     5389.570
  1615:     5390.050     5390.920     5391.380     5398.700     5412.530
  1620:     5421.170     5421.490     5425.480     5426.060     5426.610
  1625:     5427.270     5427.340     5428.040     5442.880     5445.700
  1630:     5448.960     5448.970     5448.970     5448.970     5448.970
  1635:     5448.970     5452.970     5453.970     5453.970     5457.600
  1640:     5458.960     5482.490     5503.760     5503.770     5503.920
  1645:     5503.940     5506.320     5507.470     5507.950     5508.080
  1650:     5508.390     5510.480     5510.510     5511.960     5511.980
  1655:     5512.070     5512.150     5512.540     5518.960     5518.970
  1660:     5518.970     5518.970     5518.970     5518.970     5522.970
  1665:     5523.970     5523.970     5528.240     5528.960     5532.730
  1670:     5533.180     5538.710     5588.960     5588.970     5588.970
  1675:     5588.970     5588.970     5588.970     5592.970     5593.970
  1680:     5593.970     5598.960     5605.280     5605.530     5607.090
  1685:     5607.480     5607.950     5608.130     5608.390     5608.960
  1690:     5658.960     5658.970     5658.970     5658.970     5658.970
  1695:     5658.970     5662.970     5663.970     5663.970     5668.960
  1700:     5698.600     5726.490     5728.960     5728.970     5728.970
  1705:     5728.970     5728.970     5728.970     5732.970     5733.970
  1710:     5733.970     5738.960     5765.960     5796.260     5797.770
  1715:     5798.420     5798.960     5798.970     5798.970     5798.970
  1720:     5798.970     5798.970     5800.200     5800.770     5801.670
  1725:     5802.970     5803.720     5803.970     5803.970     5806.070
  1730:     5806.650     5808.960     5822.420     5822.630     5824.070
  1735:     5826.020     5827.460     5827.500     5827.640     5827.760
  1740:     5828.160     5828.640     5828.940     5829.020     5832.440
  1745:     5832.660     5834.150     5834.230     5834.780     5835.760
  1750:     5836.720     5836.780     5868.960     5868.970     5868.970
  1755:     5868.970     5868.970     5868.970     5870.770     5871.740
  1760:     5871.780     5871.840     5871.920     5872.970     5873.010
  1765:     5873.110     5873.200     5873.970     5873.970     5875.330
  1770:     5876.010     5876.040     5878.960     5938.960     5938.970
  1775:     5938.970     5938.970     5938.970     5938.970     5942.970
  1780:     5943.970     5943.970     5948.960     6008.960     6008.970
  1785:     6008.970     6008.970     6008.970     6008.970     6012.970
  1790:     6013.970     6013.970     6018.960     6078.070     6078.410
  1795:     6078.960     6078.970     6078.970     6078.970     6078.970
  1800:     6078.970     6080.500     6082.970     6083.970     6083.970
  1805:     6088.960     6148.960     6148.970     6148.970     6148.970
  1810:     6148.970     6148.970     6149.200     6149.780     6152.970
  1815:     6153.970     6153.970     6158.960     6159.910     6160.370
  1820:     6163.180     6165.950     6172.800     6173.230     6173.350
  1825:     6176.030     6176.450     6177.750     6178.080     6178.420
  1830:     6178.900     6179.480     6179.620     6181.400     6191.910
  1835:     6192.340     6212.070     6218.960     6218.970     6218.970
  1840:     6218.970     6218.970     6218.970     6222.970     6223.970
  1845:     6223.970     6228.960     6229.620     6231.320     6231.500
  1850:     6236.320     6249.200     6249.940     6250.500     6252.440
  1855:     6252.940     6253.110     6253.170     6255.600     6255.840
  1860:     6255.880     6263.390     6265.140     6266.910     6271.790
  1865:     6273.150     6273.180     6273.230     6273.390     6273.760
  1870:     6285.650     6288.960     6288.970     6288.970     6288.970
  1875:     6288.970     6288.970     6292.970     6293.970     6293.970
  1880:     6298.960     6327.110     6327.240     6327.490     6328.520
  1885:     6334.470     6335.150     6337.490     6346.860     6347.500
  1890:     6348.870     6348.930     6358.960     6358.970     6358.970
  1895:     6358.970     6358.970     6358.970     6362.970     6363.970
  1900:     6363.970     6365.220     6368.960     6418.790     6418.940
  1905:     6419.110     6419.480     6428.960     6428.970     6428.970
  1910:     6428.970     6428.970     6428.970     6432.970     6433.970
  1915:     6433.970     6438.960     6443.140     6443.940     6443.970
  1920:     6444.130     6444.310     6449.260     6450.000     6451.000
  1925:     6451.080     6451.190     6451.280     6451.360     6451.570
  1930:     6453.260     6466.710     6466.710     6466.710     6466.720
  1935:     6466.720     6466.720     6466.720     6466.720     6470.720
  1940:     6471.720     6471.720     6472.300     6476.710     6481.150
  1945:     6488.930     6494.320     6515.470     6522.170     6523.560
  1950:     6525.230     6526.370     6536.710     6536.720     6536.720
  1955:     6536.720     6536.720     6536.720     6540.070     6540.580
  1960:     6540.670     6540.720     6541.280     6541.720     6541.720
  1965:     6545.780     6546.710     6558.520     6558.620     6558.860
  1970:     6558.960     6559.040     6560.190     6560.350     6560.530
  1975:     6561.350     6561.390     6562.240     6562.750     6565.500
  1980:     6565.930     6565.980     6567.200     6567.440     6569.280
  1985:     6570.790     6571.450     6571.920     6572.060     6572.450
  1990:     6572.480     6606.710     6606.720     6606.720     6606.720
  1995:     6606.720     6606.720     6607.890     6610.000     6610.360
  2000:     6610.720     6611.720     6611.720     6614.000     6614.050
  2005:     6614.430     6615.210     6616.710     6638.930     6640.120
  2010:     6640.700     6669.560     6669.700     6670.500     6672.610
  2015:     6672.720     6676.710     6676.720     6676.720     6676.720
  2020:     6676.720     6676.720     6680.720     6681.720     6681.720
  2025:     6686.710     6687.730     6688.060     6688.340     6689.180
  2030:     6689.370     6689.410     6689.430     6689.500     6696.770
  2035:     6697.230     6698.010     6698.180     6698.290     6698.320
  2040:     6701.670     6707.950     6708.570     6710.850     6711.510
  2045:     6740.020     6746.710     6746.720     6746.720     6746.720
  2050:     6746.720     6746.720     6750.720     6751.720     6751.720
  2055:     6755.720     6755.980     6756.710     6757.620     6758.460
  2060:     6759.470     6759.520     6759.630     6759.790     6760.600
  2065:     6760.750     6760.770     6777.330     6777.500     6778.040
  2070:     6778.150     6778.830     6779.540     6779.690     6779.820
  2075:     6780.330     6780.360     6780.460     6780.480     6780.560
  2080:     6780.920     6785.380     6785.380     6785.380     6785.390
  2085:     6785.390     6785.390     6785.390     6785.390     6789.390
  2090:     6790.390     6790.390     6795.380     6805.200     6806.130
  2095:     6841.310     6841.530     6841.610     6841.680     6842.980
  2100:     6845.230     6845.290     6845.300     6855.380     6855.390
  2105:     6855.390     6855.390     6855.390     6855.390     6859.390
  2110:     6860.390     6860.390     6865.380     6872.560     6872.840
  2115:     6873.350     6873.440     6874.980     6875.240     6904.230
  2120:     6905.010     6905.460     6906.910     6925.380     6925.390
  2125:     6925.390     6925.390     6925.390     6925.390     6929.390
  2130:     6930.390     6930.390     6935.380     6945.500     6947.910
  2135:     6950.370     6950.490     6954.850     6955.140     6955.830
  2140:     6964.130     6965.230     6965.270     6965.500     6965.770
  2145:     6965.900     6966.830     6967.820     6967.910     6970.770
  2150:     6971.790     6972.140     6973.280     6973.360     6973.720
  2155:     6974.630     6974.680     6974.690     6988.740     6989.470
  2160:     6991.940     6992.320     6992.730     6993.480     6994.080
  2165:     6994.250     6995.120     6995.380     6995.390     6995.390
  2170:     6995.390     6995.390     6995.390     6995.390     6997.320
  2175:     6997.640     6999.390     7000.390     7000.390     7002.080
  2180:     7002.720     7005.380     7005.570     7006.890     7020.300
  2185:     7020.530     7020.700     7022.180     7022.380     7022.830
  2190:     7048.820     7053.780     7054.180     7056.780     7057.220
  2195:     7059.580     7059.600     7059.750     7059.870     7065.380
  2200:     7065.390     7065.390     7065.390     7065.390     7065.390
  2205:     7069.390     7070.390     7070.390     7075.380     7090.950
  2210:     7111.850     7112.950     7113.960     7114.090     7114.260
  2215:     7119.890     7135.380     7135.390     7135.390     7135.390
  2220:     7135.390     7135.390     7139.390     7140.390     7140.390
  2225:     7143.090     7143.340     7143.430     7145.380     7148.920
  2230:     7149.480     7176.210     7205.380     7205.390     7205.390
  2235:     7205.390     7205.390     7205.390     7209.390     7210.390
  2240:     7210.390     7215.380     7243.050     7243.080     7250.830
  2245:     7256.630     7257.590     7275.380     7275.390     7275.390
  2250:     7275.390     7275.390     7275.390     7278.850     7278.850
  2255:     7279.390     7280.390     7280.390     7284.470     7284.470
  2260:     7285.380     7286.970     7286.970     7286.970     7286.980
  2265:     7286.980     7286.980     7286.980     7286.980     7290.980
  2270:     7291.980     7291.980     7294.790     7294.950     7295.260
  2275:     7295.380     7296.970     7313.460     7327.740     7328.080
  2280:     7347.390     7351.180     7355.230     7356.970     7356.980
  2285:     7356.980     7356.980     7356.980     7356.980     7360.980
  2290:     7361.980     7361.980     7366.970     7399.440     7415.740
  2295:     7426.970     7426.980     7426.980     7426.980     7426.980
  2300:     7426.980     7430.980     7431.980     7431.980     7436.970
  2305:     7444.110     7445.710     7445.770     7447.540     7449.630
  2310:     7450.190     7450.290     7455.420     7455.810     7456.790
  2315:     7457.580     7463.680     7496.970     7496.980     7496.980
  2320:     7496.980     7496.980     7496.980     7500.980     7501.980
  2325:     7501.980     7506.970     7566.970     7566.980     7566.980
  2330:     7566.980     7566.980     7566.980     7570.980     7571.980
  2335:     7571.980     7576.970     7591.560     7591.740     7592.800
  2340:     7593.680     7593.830     7604.520     7604.640     7604.740
  2345:     7604.960     7606.980     7612.390     7612.700     7636.970
  2350:     7636.980     7636.980     7636.980     7636.980     7636.980
  2355:     7639.020     7639.330     7640.690     7640.770     7640.860
  2360:     7640.980     7641.980     7641.980     7642.000     7646.970
  2365:     7649.060     7649.480     7649.570     7649.990     7668.620
  2370:     7668.770     7684.730     7706.970     7706.980     7706.980
  2375:     7706.980     7706.980     7706.980     7710.980     7711.980
  2380:     7711.980     7716.970     7737.900     7738.010     7740.580
  2385:     7741.210     7741.740     7744.400     7745.780     7752.570
  2390:     7753.500     7753.800     7755.140     7756.390     7757.110
  2395:     7776.970     7776.980     7776.980     7776.980     7776.980
  2400:     7776.980     7780.370     7780.700     7780.980     7781.780
  2405:     7781.980     7781.980     7784.770     7785.860     7785.930
  2410:     7786.080     7786.140     7786.730     7786.760     7786.890
  2415:     7786.960     7786.970     7787.520     7843.020     7844.140
  2420:     7844.260     7845.000     7846.970     7846.980     7846.980
  2425:     7846.980     7846.980     7846.980     7847.150     7847.270
  2430:     7850.980     7851.980     7851.980     7856.970     7857.900
  2435:     7860.860     7873.920     7873.980     7874.530     7875.230
  2440:     7877.330     7877.910     7916.970     7916.980     7916.980
  2445:     7916.980     7916.980     7916.980     7920.980     7921.980
  2450:     7921.980     7926.970     7938.910     7938.980     7939.080
  2455:     7946.520     7946.720     7956.560     7958.840     7964.300
  2460:     7964.480     7965.980     7986.970     7986.980     7986.980
  2465:     7986.980     7986.980     7986.980     7989.230     7989.350
  2470:     7989.450     7989.630     7990.980     7991.980     7991.980
  2475:     7992.770     7996.350     7996.430     7996.970     8006.350
  2480:     8007.680     8008.830     8008.960     8010.290     8010.420
  2485:     8010.490     8010.530     8010.650     8010.720     8010.730
  2490:     8015.620     8016.340     8017.740     8019.420     8056.970
  2495:     8056.980     8056.980     8056.980     8056.980     8056.980
  2500:     8060.980     8061.980     8061.980     8066.970     8071.070
  2505:     8071.190     8083.910     8084.990     8088.650     8091.820
  2510:     8091.860     8107.530     8108.840     8112.300     8113.910
  2515:     8114.120     8114.580     8126.970     8126.980     8126.980
  2520:     8126.980     8126.980     8126.980     8130.980     8131.980
  2525:     8131.980     8136.970     8196.970     8196.980     8196.980
  2530:     8196.980     8196.980     8196.980     8200.980     8201.980
  2535:     8201.980     8206.970     8210.460     8218.810     8266.970
  2540:     8266.980     8266.980     8266.980     8266.980     8266.980
  2545:     8270.980     8271.980     8271.980     8276.970     8279.890
  2550:     8280.010     8327.600     8336.480     8336.560     8336.970
  2555:     8336.980     8336.980     8336.980     8336.980     8336.980
  2560:     8340.980     8341.980     8341.980     8346.970     8379.250
  2565:     8380.670     8381.020     8381.030     8381.050     8381.140
  2570:     8381.220     8382.190     8406.970     8406.980     8406.980
  2575:     8406.980     8406.980     8406.980     8410.980     8411.980
  2580:     8411.980     8416.970     8417.140     8455.070     8455.170
  2585:     8455.240     8455.280     8468.840     8470.310     8474.700
  2590:     8475.960     8476.970     8476.980     8476.980     8476.980
  2595:     8476.980     8476.980     8477.140     8477.400     8478.170
  2600:     8478.200     8479.150     8479.680     8479.960     8480.050
  2605:     8480.980     8481.980     8481.980     8486.970     8495.270
  2610:     8496.690     8496.720     8498.560     8507.610     8508.260
  2615:     8511.330     8511.760     8513.490     8513.830     8519.970
  2620:     8520.340     8542.340     8542.860     8542.980     8546.970
  2625:     8546.980     8546.980     8546.980     8546.980     8546.980
  2630:     8547.690     8550.980     8551.980     8551.980     8556.970
  2635:     8570.780     8616.970     8616.980     8616.980     8616.980
  2640:     8616.980     8616.980     8618.740     8618.780     8619.670
  2645:     8620.980     8621.980     8621.980     8626.970     8668.700
  2650:     8686.970     8686.980     8686.980     8686.980     8686.980
  2655:     8686.980     8690.980     8691.980     8691.980     8696.970
  2660:     8713.460     8714.090     8714.870     8715.310     8716.270
  2665:     8716.510     8720.030     8721.330     8723.710     8724.490
  2670:     8728.710     8730.520     8732.400     8733.880     8738.100
  2675:     8746.420     8747.940     8749.500     8750.730     8754.620
  2680:     8756.970     8756.980     8756.980     8756.980     8756.980
  2685:     8756.980     8759.050     8759.260     8759.940     8760.470
  2690:     8760.540     8760.610     8760.710     8760.980     8761.980
  2695:     8761.980     8762.310     8766.970     8776.900     8779.810
  2700:     8784.240     8785.690     8786.860     8787.220     8788.920
  2705:     8810.120     8810.490     8811.400     8811.610     8811.800
  2710:     8811.890     8812.460     8812.600     8813.450     8814.030
  2715:     8815.810     8826.970     8826.980     8826.980     8826.980
  2720:     8826.980     8826.980     8827.330     8829.240     8829.710
  2725:     8830.980     8831.980     8831.980     8835.650     8836.390
  2730:     8836.800     8836.960     8836.970     8838.660     8838.990
  2735:     8845.250     8849.370     8849.710     8853.450     8855.780
  2740:     8855.870     8856.020     8858.810     8858.860     8860.270
  2745:     8860.610     8860.830
