File: C:\MED-PC IV\DATA\!2025-05-20_10h30m.Subject T5



Start Date: 05/20/25
End Date: 05/20/25
Subject: T5
Experiment: OralFentSA
Group: One
Box: 5
Start Time: 10:30:20
End Time: 13:30:37
MSN: Golden_Liq_SelfAdmin
F:       0.000
G:     816.000
H:   10800.010
I:       0.000
J:       0.000
K:       0.000
L:       0.000
M:       0.000
N:       0.000
O:       0.000
P:       0.000
Q:       0.000
R:       0.000
S:       0.000
U:       0.000
V:       0.000
W:       0.000
X:       0.000
Y:       0.000
Z:       0.000
A:
     0:        0.000        0.000      180.000        4.000        0.000
     5:        5.000        0.000        5.000        0.000        0.000
    10:        1.000        0.000       10.000 30000000.000       21.000
    15:        6.000      640.000        0.000        0.000        0.000
    20:        0.000
B:
     0:        0.000        0.000        0.000      400.000        0.000
     5:      500.000        0.000      500.000        0.000        0.000
    10:        0.000        0.000     1000.000 3000000000.0        0.000
    15:        0.000        0.000        0.000        0.000        0.000
    20:        0.000
C:
     0:        8.000        9.000        0.000        9.000      684.000
     5:     9355.170        5.750        8.000       27.800        3.475
    10:        9.000       14.000        0.000        0.000        0.000
    15:        0.000        0.000        0.000        0.000        0.000
    20:        0.000
D:
     0:        3.500        2.270        2.870        1.480        4.400
     5:        5.210        2.320        5.750
E:
     0:       19.000       11.000       26.000       27.000        6.000
     5:        6.000        6.000        6.000        6.000        6.000
    10:        6.000        6.000        6.000        6.000        6.000
    15:        6.000        6.000        6.000        6.000        6.000
    20:        6.000        6.000        6.000        6.000        6.000
    25:        6.000        6.000        6.000        6.000        6.000
    30:        6.000        6.000        6.000        6.000        6.000
    35:        6.000        6.000        6.000        6.000        6.000
    40:        6.000        6.000        6.000        6.000        6.000
    45:        6.000        6.000        6.000        6.000        6.000
    50:        6.000        6.000        6.000        6.000        6.000
    55:        6.000        6.000        6.000        6.000        6.000
    60:        6.000       23.000       23.000        6.000        6.000
    65:        6.000        6.000        6.000        6.000        6.000
    70:        6.000        6.000        6.000        6.000        6.000
    75:        6.000        6.000        6.000        6.000        6.000
    80:        6.000       23.000        6.000        6.000       23.000
    85:        6.000        6.000        6.000        6.000        6.000
    90:        6.000        6.000        6.000        6.000        6.000
    95:        6.000        6.000       23.000       23.000        6.000
   100:        6.000        6.000        6.000        6.000        6.000
   105:        6.000        6.000        6.000        6.000        6.000
   110:        6.000        6.000        6.000        6.000        6.000
   115:       23.000        6.000       23.000        6.000        6.000
   120:        6.000        6.000        6.000        6.000        6.000
   125:        6.000        6.000        6.000        6.000        6.000
   130:        6.000        6.000        6.000        6.000        6.000
   135:        6.000        6.000        6.000        6.000        6.000
   140:        6.000        6.000        6.000        6.000        6.000
   145:        6.000        6.000        6.000        6.000        6.000
   150:       23.000        6.000       23.000        6.000        6.000
   155:        6.000        6.000        6.000        6.000        6.000
   160:        6.000        6.000        6.000        6.000        6.000
   165:        6.000        6.000        6.000        6.000        6.000
   170:        6.000        6.000        6.000        6.000        6.000
   175:        6.000        6.000        6.000        6.000        6.000
   180:        6.000        6.000        2.000        4.000       22.000
   185:       24.000       12.000       13.000        8.000        5.000
   190:       17.000        6.000       18.000        6.000       14.000
   195:       10.000       19.000       11.000        6.000        6.000
   200:        2.000        4.000       22.000       24.000       12.000
   205:       13.000        8.000        5.000       17.000        6.000
   210:       18.000       14.000       10.000        6.000       19.000
   215:       11.000        6.000        6.000        6.000        6.000
   220:        6.000        6.000        6.000        6.000        6.000
   225:        6.000        6.000        6.000        6.000        6.000
   230:        6.000        6.000        6.000        6.000        6.000
   235:        6.000        6.000        6.000        6.000        6.000
   240:        6.000        6.000        6.000        6.000        6.000
   245:        6.000        6.000        6.000        6.000        6.000
   250:        6.000        6.000        6.000        6.000        6.000
   255:        6.000        6.000        6.000        6.000        6.000
   260:        6.000        6.000        6.000        6.000        6.000
   265:        6.000        6.000        6.000        6.000        6.000
   270:        6.000        6.000        2.000        4.000       22.000
   275:       24.000       12.000       13.000        8.000        5.000
   280:       17.000        6.000       18.000       14.000       10.000
   285:       19.000       11.000        6.000        6.000        6.000
   290:        6.000        6.000        6.000        6.000        6.000
   295:        6.000        6.000        2.000        4.000       22.000
   300:       24.000       12.000       13.000        8.000        5.000
   305:       17.000        6.000       18.000       14.000       10.000
   310:       19.000       11.000        6.000        6.000        6.000
   315:        6.000        6.000        6.000        6.000        6.000
   320:        6.000        6.000        6.000        6.000        6.000
   325:        6.000        6.000        6.000        6.000        6.000
   330:        6.000        6.000        6.000        6.000        6.000
   335:        6.000        6.000        6.000        6.000        6.000
   340:        6.000        6.000        6.000        6.000        6.000
   345:        6.000        6.000        6.000        6.000        6.000
   350:       23.000        6.000        6.000        6.000        6.000
   355:        6.000        6.000        6.000        6.000        6.000
   360:        6.000        6.000        6.000        6.000        6.000
   365:        6.000        6.000        6.000        6.000        6.000
   370:        6.000        6.000        6.000        6.000        6.000
   375:        6.000        6.000        6.000        6.000        6.000
   380:        6.000        6.000        6.000        6.000        6.000
   385:        6.000        6.000        6.000        6.000        6.000
   390:        6.000        6.000        6.000        6.000        6.000
   395:        6.000        6.000        6.000        6.000        6.000
   400:        6.000        6.000        6.000        6.000        6.000
   405:        6.000        6.000        6.000        6.000        6.000
   410:        6.000        6.000        6.000        6.000        6.000
   415:        6.000        6.000        6.000        6.000        6.000
   420:        6.000        6.000        6.000        6.000        6.000
   425:        6.000        6.000        6.000        6.000        6.000
   430:        6.000        6.000        6.000        6.000        6.000
   435:        6.000        6.000        6.000        6.000        6.000
   440:        6.000        6.000        6.000        6.000        6.000
   445:        6.000        6.000        6.000        6.000        6.000
   450:        6.000        6.000        6.000        6.000        6.000
   455:        6.000        6.000        6.000        6.000        6.000
   460:        6.000        6.000        6.000        6.000        6.000
   465:        6.000        6.000        6.000        6.000        6.000
   470:        6.000        6.000        6.000        6.000        6.000
   475:        6.000        6.000        6.000        6.000        6.000
   480:        6.000        6.000        6.000        6.000        6.000
   485:        6.000        6.000        6.000        6.000        6.000
   490:        6.000        6.000        6.000        6.000        6.000
   495:        6.000        6.000        6.000        6.000        6.000
   500:        6.000        6.000       23.000       23.000        6.000
   505:        6.000        6.000        6.000        6.000        6.000
   510:        6.000        6.000        6.000        6.000        6.000
   515:        6.000        6.000        6.000        6.000        6.000
   520:        6.000        6.000        6.000        6.000        6.000
   525:        6.000        6.000        6.000        6.000        6.000
   530:        6.000        6.000        6.000        6.000        6.000
   535:        6.000        6.000        6.000        6.000        6.000
   540:        6.000       23.000        6.000        6.000        6.000
   545:        6.000        6.000        6.000        6.000        6.000
   550:        6.000        6.000        6.000        6.000        6.000
   555:        6.000        6.000        6.000        6.000        6.000
   560:        2.000        4.000       22.000       24.000       12.000
   565:       13.000        8.000        5.000       17.000       21.000
   570:       22.000       18.000        6.000       14.000       10.000
   575:        6.000       19.000       11.000        6.000        6.000
   580:        2.000        4.000       22.000       24.000       12.000
   585:       13.000        8.000        5.000       17.000       18.000
   590:       14.000       10.000        6.000       19.000       11.000
   595:        6.000        6.000        6.000        6.000        6.000
   600:        6.000        6.000        6.000        6.000        6.000
   605:        6.000        6.000        6.000        6.000        6.000
   610:        6.000        6.000        6.000        6.000        6.000
   615:        6.000        6.000        6.000        6.000        6.000
   620:        6.000        6.000        6.000        6.000        6.000
   625:        6.000        6.000        6.000        6.000        6.000
   630:        6.000        6.000        6.000        6.000        6.000
   635:        6.000        6.000        6.000        6.000        6.000
   640:        6.000        6.000        6.000        6.000        6.000
   645:        6.000        6.000        6.000        6.000        6.000
   650:        6.000        6.000        6.000        6.000        6.000
   655:        6.000        6.000        6.000        6.000        6.000
   660:        6.000        6.000        6.000        6.000        6.000
   665:        6.000        6.000        6.000        6.000        6.000
   670:        6.000        6.000        6.000        6.000        6.000
   675:        6.000        6.000        6.000        6.000        6.000
   680:        6.000        6.000        6.000        6.000        6.000
   685:        6.000        6.000        6.000        6.000        6.000
   690:        6.000        6.000        6.000        6.000        6.000
   695:        6.000        6.000        6.000        6.000        6.000
   700:        6.000        6.000        6.000        6.000        6.000
   705:        6.000        6.000        6.000        6.000        6.000
   710:        6.000        6.000        6.000        6.000        6.000
   715:        6.000        6.000        6.000        6.000        6.000
   720:        6.000        6.000        6.000        6.000        6.000
   725:        2.000        4.000       22.000       24.000       12.000
   730:       13.000        8.000        5.000       17.000        6.000
   735:       18.000       14.000       10.000       19.000       11.000
   740:        2.000        4.000       22.000       24.000       12.000
   745:       13.000        8.000        5.000       17.000       18.000
   750:       14.000       10.000        6.000        6.000       19.000
   755:       11.000        6.000        6.000        6.000        6.000
   760:        6.000        6.000        6.000        6.000        6.000
   765:        6.000        6.000        6.000        6.000        6.000
   770:        6.000        6.000        6.000        6.000        6.000
   775:        6.000        6.000        6.000        6.000        6.000
   780:        6.000        6.000        6.000        6.000        6.000
   785:        6.000        6.000        6.000        6.000        6.000
   790:        6.000        6.000        6.000        6.000        6.000
   795:        6.000        6.000        6.000        6.000        6.000
   800:        6.000        6.000        6.000        6.000        6.000
   805:        6.000        6.000        6.000        6.000        6.000
   810:        6.000        6.000        6.000        6.000        6.000
   815:        6.000      100.000
T:
     0:        0.000        0.000        0.000        0.000       60.760
     5:       62.940       63.240       63.750       63.920       64.020
    10:       73.800       73.900       85.830       86.000       87.030
    15:      111.270      112.450      112.920      113.790      114.260
    20:      114.440      116.000      116.200      116.230      121.000
    25:      122.780      123.120      123.160      123.620      151.940
    30:      179.900      181.480      181.550      183.720      232.210
    35:      258.670      260.070      299.800      306.730      309.410
    40:      310.300      310.820      314.910      323.070      323.110
    45:      360.560      362.110      362.710      432.240      432.510
    50:      504.600      505.190      517.460      517.600      526.750
    55:      531.140      531.420      531.590      532.240      588.120
    60:      588.270      634.650      634.720      640.920      646.660
    65:      647.030      649.160      649.230      652.100      666.440
    70:      667.240      694.230      695.170      695.390      695.720
    75:      735.860      739.050      800.670      819.970      840.240
    80:      840.460      870.340      878.250      892.790      999.760
    85:     1008.440     1008.790     1009.410     1009.560     1009.810
    90:     1031.820     1044.180     1046.740     1047.300     1047.960
    95:     1048.380     1048.420     1062.750     1062.990     1119.120
   100:     1128.060     1128.330     1130.850     1131.020     1134.510
   105:     1135.420     1273.080     1273.420     1309.500     1309.590
   110:     1309.690     1309.980     1312.270     1325.960     1326.800
   115:     1341.040     1390.950     1593.840     1629.520     1632.860
   120:     1678.650     1681.080     1681.100     1681.180     1681.240
   125:     1688.410     1789.250     1806.460     1882.290     1884.840
   130:     1885.080     1885.590     1903.030     1912.720     1912.800
   135:     1914.020     1922.460     1938.300     1938.330     1953.010
   140:     2005.220     2006.240     2006.280     2018.250     2018.370
   145:     2029.150     2040.410     2040.510     2096.560     2097.480
   150:     2157.090     2205.970     2238.280     2245.360     2245.620
   155:     2317.140     2317.290     2317.410     2317.510     2317.720
   160:     2327.370     2327.630     2327.960     2329.560     2329.660
   165:     2329.690     2330.770     2330.830     2337.510     2338.590
   170:     2338.850     2340.390     2340.860     2340.900     2340.930
   175:     2341.680     2341.820     2342.150     2342.230     2342.280
   180:     2342.410     2342.550     2358.130     2358.130     2358.130
   185:     2358.140     2358.140     2358.140     2358.140     2358.140
   190:     2358.140     2361.640     2362.140     2362.180     2363.140
   195:     2363.140     2368.130     2368.140     2370.090     2413.970
   200:     2421.320     2421.320     2421.320     2421.330     2421.330
   205:     2421.330     2421.330     2421.330     2421.330     2423.600
   210:     2425.330     2426.330     2426.330     2427.640     2431.320
   215:     2431.330     2436.710     2443.720     2445.360     2463.490
   220:     2463.830     2596.520     2596.670     2596.890     2613.300
   225:     2620.470     2620.680     2621.540     2625.720     2627.910
   230:     2628.080     2689.890     2696.760     2704.730     2705.230
   235:     2710.090     2711.470     2711.520     2715.260     2716.960
   240:     2717.010     2722.940     2723.260     2725.330     2725.670
   245:     2743.270     2861.350     2960.940     2960.990     2961.020
   250:     2961.150     2961.500     2961.770     2961.830     3020.760
   255:     3021.570     3030.460     3030.730     3039.930     3041.480
   260:     3269.620     3271.840     3272.270     3277.470     3354.650
   265:     3407.270     3407.850     3462.430     3462.480     3462.630
   270:     3462.850     3467.370     3481.210     3481.210     3481.210
   275:     3481.220     3481.220     3481.220     3481.220     3481.220
   280:     3481.220     3484.090     3485.220     3486.220     3486.220
   285:     3491.210     3491.220     3498.370     3498.600     3498.830
   290:     3499.000     3503.840     3503.930     3509.540     3510.890
   295:     3517.440     3535.950     3655.250     3655.250     3655.250
   300:     3655.260     3655.260     3655.260     3655.260     3655.260
   305:     3655.260     3656.740     3659.260     3660.260     3660.260
   310:     3665.250     3665.260     3750.860     3751.210     3751.460
   315:     3876.340     3876.510     3877.600     3892.780     3897.950
   320:     3898.560     3899.250     3899.780     3905.460     3905.530
   325:     3908.600     3909.550     3909.730     3909.780     3927.420
   330:     4023.620     4024.040     4075.470     4270.410     4276.600
   335:     4316.080     4323.980     4423.780     4442.400     4500.750
   340:     4514.240     4514.350     4564.160     4564.190     4619.550
   345:     4662.790     4684.270     4775.420     4784.200     4829.030
   350:     4892.260     4940.260     4940.330     4940.670     4992.230
   355:     5013.190     5015.950     5078.890     5104.120     5166.750
   360:     5169.530     5178.340     5178.430     5178.770     5183.460
   365:     5183.640     5190.340     5198.030     5200.040     5209.000
   370:     5215.880     5216.160     5216.580     5216.670     5219.020
   375:     5219.040     5219.200     5224.300     5235.510     5236.100
   380:     5244.180     5244.350     5244.590     5244.800     5264.010
   385:     5264.630     5270.680     5289.410     5303.540     5305.470
   390:     5305.590     5305.680     5313.550     5321.710     5323.240
   395:     5341.280     5341.360     5342.720     5349.670     5354.510
   400:     5366.240     5373.470     5373.850     5373.950     5374.200
   405:     5374.280     5374.580     5374.600     5375.100     5375.680
   410:     5375.730     5376.300     5376.520     5390.480     5434.850
   415:     5456.050     5456.180     5456.740     5465.390     5465.440
   420:     5501.500     5502.050     5514.400     5516.320     5517.200
   425:     5517.260     5525.380     5528.630     5528.760     5528.840
   430:     5529.250     5529.500     5529.570     5529.640     5556.510
   435:     5574.640     5574.990     5613.850     5613.930     5614.030
   440:     5614.120     5615.450     5615.770     5616.880     5616.990
   445:     5617.240     5617.760     5618.010     5631.610     5631.630
   450:     5635.290     5635.530     5643.880     5666.040     5697.370
   455:     5764.380     5764.780     5766.160     5787.530     5787.600
   460:     5788.380     5788.900     5789.460     5792.050     5792.610
   465:     5795.040     5795.150     5797.730     5797.810     5797.950
   470:     5798.010     5799.740     5821.970     5822.720     5863.530
   475:     5864.040     5865.020     5865.570     5868.250     5869.190
   480:     5869.220     5870.230     5870.330     5887.980     5908.860
   485:     5928.980     5932.990     5933.130     5948.640     5952.050
   490:     5995.640     5995.930     6012.140     6012.320     6043.590
   495:     6084.530     6237.370     6240.340     6240.490     6289.060
   500:     6309.060     6309.140     6340.180     6340.250     6390.650
   505:     6391.000     6391.770     6394.310     6394.400     6394.640
   510:     6396.600     6399.270     6477.420     6478.350     6491.110
   515:     6579.320     6587.160     6587.970     6614.220     6614.600
   520:     6646.180     6646.640     6646.720     6652.050     6652.140
   525:     6655.430     6655.580     6656.250     6656.300     6664.260
   530:     6668.280     6668.730     6672.050     6672.140     6672.230
   535:     6689.600     6689.650     6709.810     6792.290     6802.100
   540:     6802.150     6937.770     6947.450     6947.660     6947.710
   545:     6965.090     6965.340     6965.950     6966.630     6968.370
   550:     6970.210     6972.240     6972.470     6973.470     6973.600
   555:     6973.810     6973.820     6974.020     6994.290     7039.080
   560:     7055.660     7055.660     7055.660     7055.670     7055.670
   565:     7055.670     7055.670     7055.670     7055.670     7056.690
   570:     7056.690     7059.670     7060.070     7060.670     7060.670
   575:     7063.460     7065.660     7065.670     7066.500     7066.590
   580:     7075.790     7075.790     7075.790     7075.800     7075.800
   585:     7075.800     7075.800     7075.800     7075.800     7079.800
   590:     7080.800     7080.800     7081.010     7085.790     7085.800
   595:     7100.460     7112.120     7160.220     7333.330     7364.280
   600:     7505.900     7508.240     7513.570     7514.090     7514.200
   605:     7514.620     7514.740     7516.870     7517.080     7552.930
   610:     7570.060     7573.530     7617.090     7617.210     7617.230
   615:     7617.370     7617.630     7636.800     7685.330     7720.170
   620:     7735.420     7746.350     7751.700     7752.260     7753.030
   625:     7763.230     7763.310     7778.610     7778.750     7779.010
   630:     7779.140     7789.380     7789.420     7798.180     7809.320
   635:     7809.420     7809.710     7810.100     7810.460     7810.620
   640:     7824.250     7825.650     7825.770     7825.800     7825.840
   645:     7826.550     7826.670     7841.600     7841.640     7844.650
   650:     7845.220     7861.950     7862.280     7869.080     7878.270
   655:     7878.990     7879.520     7886.830     7891.360     7899.840
   660:     7899.970     7903.130     7966.830     7967.220     7967.280
   665:     7969.060     7969.110     8017.670     8032.720     8154.790
   670:     8155.170     8155.280     8175.320     8175.420     8176.230
   675:     8176.370     8184.020     8184.180     8191.670     8201.810
   680:     8202.560     8202.610     8202.860     8299.040     8303.310
   685:     8303.350     8303.500     8318.060     8322.130     8322.310
   690:     8323.410     8323.870     8323.890     8324.160     8325.830
   695:     8326.050     8326.230     8326.440     8331.450     8613.560
   700:     8614.540     8645.870     8646.130     8692.220     8733.460
   705:     8745.680     8746.540     8801.790     8801.930     8802.120
   710:     9085.180     9085.240     9085.630     9258.970     9267.750
   715:     9267.770     9267.830     9269.070     9269.200     9269.900
   720:     9270.200     9271.090     9286.310     9286.430     9286.810
   725:     9339.510     9339.510     9339.510     9339.520     9339.520
   730:     9339.520     9339.520     9339.520     9339.520     9341.840
   735:     9343.520     9344.520     9344.520     9349.510     9349.520
   740:     9355.160     9355.160     9355.160     9355.170     9355.170
   745:     9355.170     9355.170     9355.170     9355.170     9359.170
   750:     9360.170     9360.170     9360.920     9361.420     9365.160
   755:     9365.170     9367.170     9368.610     9368.870     9382.560
   760:     9383.870     9417.940     9438.990     9472.120     9472.730
   765:     9473.030     9477.680     9477.920     9478.040     9478.190
   770:     9478.270     9486.630     9487.720     9487.770     9503.530
   775:     9507.030     9507.110     9507.730     9508.420     9508.480
   780:     9508.660     9508.710     9508.760     9508.980     9557.950
   785:     9673.920     9676.320     9677.930     9683.490     9688.800
   790:     9689.190     9689.220     9763.720     9765.640    10079.440
   795:    10233.070    10283.270    10359.400    10363.280    10369.940
   800:    10370.260    10370.560    10388.540    10388.790    10395.300
   805:    10407.130    10434.090    10434.520    10659.890    10711.680
   810:    10721.130    10732.450    10732.470    10744.530    10766.170
   815:    10795.350    10800.010
