File: C:\MED-PC IV\DATA\!2025-05-24_14h52m.Subject T8



Start Date: 05/24/25
End Date: 05/24/25
Subject: T8
Experiment: OralFentSA
Group: One
Box: 2
Start Time: 14:52:28
End Time: 17:52:36
MSN: Golden_Liq_SelfAdmin
F:       0.000
G:    1264.000
H:   10800.010
I:       0.000
J:       0.000
K:       0.000
L:       0.000
M:       0.000
N:       0.000
O:       0.000
P:       0.000
Q:       0.000
R:       0.000
S:       0.000
U:       0.000
V:       0.000
W:       0.000
X:       0.000
Y:       0.000
Z:       0.000
A:
     0:        0.000        0.000      180.000        4.000        0.000
     5:        5.000        0.000        5.000        0.000        0.000
    10:        1.000        0.000       10.000  3000000.000       20.000
    15:       10.000      640.000        0.000        0.000        0.000
    20:        0.000
B:
     0:        0.000        0.000        0.000      400.000        0.000
     5:      500.000        0.000      500.000        0.000        0.000
    10:        0.000        0.000     1000.000 300000000.00        0.000
    15:        0.000        0.000        0.000        0.000        0.000
    20:        0.000
C:
     0:       16.000       17.000        0.000       25.000     1000.000
     5:    10622.260       13.670       16.000      236.560       14.785
    10:       25.000       18.000        0.000        0.000        0.000
    15:        0.000        0.000        0.000        0.000        0.000
    20:        0.000
D:
     0:        8.400        5.060        2.010        8.250       14.760
     5:        4.010       13.140        7.000        8.810       51.360
    10:        4.420       50.010        7.510       37.060        1.090
    15:       13.670
E:
     0:       19.000       11.000       26.000       27.000        6.000
     5:        6.000       23.000        6.000        6.000        6.000
    10:        6.000        6.000        2.000        4.000       22.000
    15:       24.000       12.000       13.000        8.000        5.000
    20:       17.000       21.000       22.000       18.000       14.000
    25:       10.000        6.000       19.000       11.000        6.000
    30:        6.000        6.000        6.000        6.000        6.000
    35:        6.000        6.000        6.000        6.000        6.000
    40:        6.000        6.000        6.000        6.000        6.000
    45:        6.000        6.000        6.000        6.000        6.000
    50:        6.000        6.000        6.000        6.000        6.000
    55:        6.000        6.000        6.000        6.000        6.000
    60:        6.000        6.000       23.000       23.000        6.000
    65:        6.000        6.000        6.000        6.000        6.000
    70:        6.000        6.000        6.000        6.000        6.000
    75:        6.000        6.000        6.000        6.000        6.000
    80:        2.000        4.000       22.000       24.000       12.000
    85:       13.000        8.000        5.000       17.000       18.000
    90:       14.000       10.000        6.000        6.000       21.000
    95:       22.000       19.000       11.000        6.000        6.000
   100:        6.000        6.000        6.000        6.000        6.000
   105:        6.000        6.000        6.000        6.000        6.000
   110:        6.000        6.000        6.000        6.000        6.000
   115:        6.000        6.000        6.000        6.000        6.000
   120:        6.000        6.000        6.000        6.000        6.000
   125:        6.000        6.000        6.000        6.000        6.000
   130:        6.000        6.000       23.000        6.000        6.000
   135:        6.000        6.000        6.000        6.000        6.000
   140:        6.000        6.000        6.000        6.000        6.000
   145:        6.000        6.000        6.000        6.000        6.000
   150:        6.000        6.000        6.000        6.000        6.000
   155:        6.000        6.000        2.000        4.000       22.000
   160:       24.000       12.000       13.000        8.000        5.000
   165:       17.000        6.000       18.000       14.000       10.000
   170:       19.000       11.000        6.000        6.000        6.000
   175:       23.000       23.000        6.000        2.000        4.000
   180:       22.000       24.000       12.000       13.000        8.000
   185:        5.000       17.000       21.000       22.000       18.000
   190:       14.000       10.000        6.000       19.000       11.000
   195:        6.000        2.000        4.000       22.000       24.000
   200:       12.000       13.000        8.000        5.000       17.000
   205:       21.000       22.000       18.000       14.000       10.000
   210:       21.000       22.000       19.000       11.000        6.000
   215:        6.000        6.000        6.000        6.000        6.000
   220:        6.000        6.000        6.000        6.000        6.000
   225:        6.000        6.000        6.000        6.000        6.000
   230:        6.000        6.000        6.000        6.000        6.000
   235:        6.000        6.000        6.000        6.000        6.000
   240:        6.000        6.000        6.000        6.000        6.000
   245:        6.000        6.000        6.000        6.000        6.000
   250:        6.000        6.000        6.000        6.000        6.000
   255:        6.000        6.000       23.000        6.000        6.000
   260:        6.000        6.000        6.000        6.000        6.000
   265:        6.000        6.000        6.000        6.000        6.000
   270:        6.000        6.000        6.000        6.000        6.000
   275:        6.000        6.000        6.000        6.000        6.000
   280:        6.000        6.000        6.000       23.000        6.000
   285:        6.000        6.000        6.000        6.000        6.000
   290:        6.000        6.000        6.000        6.000        6.000
   295:        6.000        6.000        6.000        6.000        6.000
   300:        6.000        6.000        6.000        6.000        6.000
   305:        6.000        6.000        6.000        6.000        6.000
   310:        6.000        6.000        6.000        6.000        6.000
   315:        6.000        6.000        6.000        6.000        6.000
   320:        6.000        6.000        6.000        6.000        6.000
   325:        6.000        6.000        6.000        6.000        6.000
   330:        6.000        6.000        6.000        6.000        6.000
   335:        6.000        6.000        6.000        6.000        6.000
   340:        6.000        6.000        6.000        6.000        6.000
   345:        6.000        6.000        6.000        6.000        6.000
   350:        6.000        6.000        6.000        6.000        6.000
   355:        6.000        6.000        6.000        6.000        6.000
   360:        6.000        6.000        6.000        6.000        6.000
   365:        6.000        6.000        6.000        6.000        6.000
   370:        6.000        6.000        6.000        6.000        6.000
   375:        6.000        6.000        6.000        6.000        6.000
   380:        6.000        6.000        6.000        6.000        6.000
   385:        6.000        6.000        6.000        6.000        6.000
   390:        6.000        6.000        6.000        6.000        6.000
   395:        6.000        6.000        6.000        6.000        6.000
   400:        6.000        6.000        6.000        6.000        6.000
   405:        6.000        6.000        6.000        6.000        6.000
   410:        6.000        6.000        6.000        6.000        6.000
   415:        6.000        6.000        6.000        6.000        6.000
   420:        6.000        6.000        6.000        6.000        6.000
   425:        6.000        6.000        6.000        6.000        6.000
   430:        6.000        6.000        6.000        6.000        6.000
   435:        6.000        6.000        6.000        6.000        6.000
   440:        6.000        6.000        6.000        6.000        6.000
   445:        6.000        6.000        6.000        6.000        6.000
   450:        6.000        6.000        6.000        6.000        6.000
   455:        6.000        6.000        6.000        6.000        6.000
   460:        6.000        6.000        6.000        6.000        6.000
   465:        6.000        6.000        6.000        6.000        6.000
   470:        6.000        6.000        6.000        6.000        6.000
   475:        6.000        6.000        6.000        6.000        6.000
   480:        6.000        6.000        6.000        6.000        6.000
   485:        6.000        6.000        6.000        6.000        6.000
   490:        6.000        6.000        6.000        6.000        2.000
   495:        4.000       22.000       24.000       12.000       13.000
   500:        8.000        5.000       17.000       21.000       22.000
   505:       18.000        6.000       14.000       10.000        6.000
   510:        6.000       19.000       11.000       23.000        6.000
   515:        6.000        6.000        6.000        6.000        6.000
   520:        6.000        6.000        6.000        6.000        6.000
   525:        6.000        6.000        6.000        6.000        6.000
   530:        6.000        6.000        6.000        6.000        6.000
   535:        6.000        6.000        6.000        2.000        4.000
   540:       22.000       24.000       12.000       13.000        8.000
   545:        5.000       17.000       18.000       14.000       10.000
   550:       19.000       11.000        6.000        6.000        6.000
   555:        6.000        6.000        6.000        6.000        6.000
   560:        6.000        6.000        6.000        6.000        6.000
   565:        6.000        6.000        6.000        6.000        6.000
   570:        6.000        6.000        6.000        6.000        6.000
   575:        6.000       23.000       23.000       23.000       23.000
   580:        6.000        6.000        6.000        6.000        6.000
   585:        6.000        6.000        6.000        6.000        6.000
   590:        6.000        6.000        6.000        6.000        6.000
   595:        6.000        6.000        6.000        6.000        6.000
   600:        6.000        6.000        6.000        6.000        6.000
   605:        6.000        6.000        6.000        6.000        6.000
   610:        6.000        6.000        6.000        6.000        6.000
   615:        6.000        6.000        6.000        6.000        6.000
   620:        6.000        6.000        6.000        6.000        6.000
   625:        6.000        6.000        6.000        6.000        6.000
   630:        6.000        6.000        6.000        6.000        6.000
   635:        6.000        6.000        6.000        6.000        6.000
   640:        6.000        6.000        6.000        6.000        6.000
   645:        6.000        6.000        6.000        6.000        6.000
   650:        6.000        6.000       23.000        6.000        6.000
   655:        6.000        6.000        6.000        6.000        6.000
   660:        6.000        6.000        6.000        6.000        6.000
   665:        6.000        6.000        6.000        6.000        6.000
   670:        6.000        6.000        6.000        6.000        6.000
   675:        6.000        6.000        6.000        6.000        6.000
   680:        6.000        6.000        6.000        6.000        6.000
   685:        6.000        6.000        6.000        6.000        6.000
   690:        6.000        6.000        6.000        6.000        6.000
   695:        6.000        6.000        6.000        6.000        6.000
   700:        6.000        6.000        6.000        6.000        6.000
   705:        6.000        6.000        6.000        6.000        6.000
   710:        6.000        6.000        6.000        6.000        6.000
   715:        6.000        6.000        6.000        6.000        6.000
   720:        6.000        6.000        2.000        4.000       22.000
   725:       24.000       12.000       13.000        8.000        5.000
   730:       17.000       21.000       22.000       18.000       14.000
   735:       10.000        6.000       19.000       11.000        6.000
   740:        6.000        6.000        6.000        6.000        6.000
   745:        6.000        6.000        6.000        6.000        6.000
   750:        6.000        6.000        6.000        6.000        6.000
   755:        6.000        6.000        6.000        6.000        6.000
   760:        6.000        6.000        6.000        2.000        4.000
   765:       22.000       24.000       12.000       13.000        8.000
   770:        5.000       17.000       18.000       14.000       10.000
   775:        6.000        6.000       19.000       11.000        6.000
   780:        6.000        6.000        6.000        6.000        6.000
   785:        6.000        6.000        6.000        6.000        6.000
   790:        6.000        6.000        6.000        6.000        6.000
   795:        6.000        6.000        6.000       23.000        6.000
   800:        6.000        6.000        6.000        6.000        2.000
   805:        4.000       22.000       24.000       12.000       13.000
   810:        8.000        5.000       17.000       18.000       14.000
   815:       10.000       19.000       11.000        6.000        6.000
   820:        6.000        6.000        6.000        6.000        6.000
   825:        6.000        6.000        6.000        6.000        6.000
   830:        2.000        4.000       22.000       24.000       12.000
   835:       13.000        8.000        5.000       17.000       18.000
   840:        6.000        6.000        6.000       14.000       10.000
   845:        6.000        6.000        6.000        6.000        6.000
   850:       19.000       11.000        6.000        6.000        6.000
   855:        6.000        6.000        6.000        6.000        6.000
   860:        6.000        6.000        6.000        6.000        6.000
   865:        6.000        6.000        6.000        6.000        6.000
   870:        6.000        6.000        6.000        2.000        4.000
   875:       22.000       24.000       12.000       13.000        8.000
   880:        5.000       17.000       18.000       14.000       10.000
   885:       19.000       11.000        6.000        6.000        6.000
   890:        6.000        6.000        6.000        6.000        6.000
   895:        6.000        6.000        6.000        6.000        6.000
   900:        6.000        6.000        6.000        6.000        6.000
   905:        6.000        6.000        6.000        6.000        6.000
   910:        6.000        6.000        6.000        6.000        6.000
   915:        6.000        6.000       23.000        6.000        6.000
   920:        6.000        6.000        6.000        6.000        2.000
   925:        4.000       22.000       24.000       12.000       13.000
   930:        8.000        5.000       17.000       21.000       22.000
   935:       21.000       22.000       18.000       14.000       10.000
   940:        6.000        6.000       19.000       11.000        6.000
   945:        6.000        6.000        6.000        6.000        6.000
   950:        6.000        6.000        6.000        2.000        4.000
   955:       22.000       24.000       12.000       13.000        8.000
   960:        5.000       17.000       18.000       14.000       10.000
   965:       19.000       11.000        6.000        6.000        6.000
   970:        2.000        4.000       22.000       24.000       12.000
   975:       13.000        8.000        5.000       17.000        6.000
   980:        6.000        6.000       18.000       14.000       10.000
   985:        6.000        6.000        6.000        6.000        6.000
   990:        6.000       19.000       11.000        6.000        6.000
   995:        6.000        6.000        6.000        6.000        6.000
  1000:        6.000        6.000        6.000        6.000        6.000
  1005:        6.000        6.000        6.000        6.000        6.000
  1010:        6.000        6.000        6.000        6.000       23.000
  1015:        6.000        6.000        6.000        6.000        6.000
  1020:        6.000        6.000        6.000        6.000        6.000
  1025:        6.000        6.000        6.000        6.000        6.000
  1030:        6.000        6.000        6.000        6.000        6.000
  1035:        6.000        6.000        6.000        6.000        6.000
  1040:        6.000        6.000        6.000        6.000        6.000
  1045:        6.000        6.000        6.000        6.000        6.000
  1050:        6.000        6.000        6.000        6.000        6.000
  1055:        6.000        6.000        6.000        6.000        6.000
  1060:        6.000        6.000        6.000        6.000        6.000
  1065:        6.000        6.000        6.000        6.000        6.000
  1070:        6.000        6.000        6.000        6.000        6.000
  1075:        6.000        6.000        6.000        6.000        6.000
  1080:        6.000        6.000        6.000        6.000       23.000
  1085:        6.000        6.000        6.000        6.000        6.000
  1090:        6.000        6.000        6.000        6.000        6.000
  1095:        6.000        6.000        6.000        6.000        6.000
  1100:        6.000        6.000        6.000        6.000        6.000
  1105:        6.000        6.000        6.000        6.000        6.000
  1110:        6.000        6.000        6.000        6.000        6.000
  1115:        6.000        6.000        6.000        6.000        6.000
  1120:        6.000        6.000        6.000        6.000        6.000
  1125:        6.000        6.000        6.000        6.000        6.000
  1130:        6.000        6.000        6.000        6.000        6.000
  1135:        6.000        6.000        6.000        6.000        6.000
  1140:        6.000        6.000        6.000        6.000        6.000
  1145:        6.000        6.000        6.000        6.000        6.000
  1150:        6.000        6.000        6.000        6.000        6.000
  1155:        6.000        6.000        6.000        6.000        6.000
  1160:        6.000        6.000        6.000        6.000        6.000
  1165:        6.000        6.000        6.000        6.000        6.000
  1170:        6.000        6.000        6.000        6.000        6.000
  1175:        6.000        6.000        6.000        6.000        6.000
  1180:        6.000        6.000        6.000        6.000        6.000
  1185:        6.000        6.000        6.000        6.000        6.000
  1190:        6.000        6.000        6.000        6.000        6.000
  1195:        6.000        6.000        6.000        6.000        6.000
  1200:        6.000        6.000        6.000        6.000        6.000
  1205:        6.000        6.000        6.000        6.000        6.000
  1210:        6.000        6.000        6.000        6.000        6.000
  1215:        6.000        6.000        6.000        6.000        6.000
  1220:        6.000        6.000        6.000        6.000        6.000
  1225:        6.000        6.000        6.000        6.000        6.000
  1230:        6.000        2.000        4.000       22.000       24.000
  1235:       12.000       13.000        8.000        5.000       17.000
  1240:       18.000       14.000       10.000       19.000       11.000
  1245:        6.000        6.000        6.000        6.000        6.000
  1250:        6.000        6.000        6.000        6.000        6.000
  1255:        6.000        6.000        6.000        6.000        6.000
  1260:        6.000        6.000        6.000        6.000      100.000
T:
     0:        0.000        0.000        0.000        0.000       78.290
     5:       78.530      144.770      158.100      172.570      173.180
    10:      173.240      173.320      256.670      256.670      256.670
    15:      256.680      256.680      256.680      256.680      256.680
    20:      256.680      257.800      257.800      260.680      261.680
    25:      261.680      265.080      266.670      266.680      266.800
    30:      268.810      270.900      271.470      273.210      273.430
    35:      274.740      275.720      277.070      292.710      293.230
    40:      296.790      305.620      306.540      315.350      316.190
    45:      318.050      320.900      322.780      325.350      327.190
    50:      327.390      328.290      332.560      332.570      334.640
    55:      335.520      342.680      342.970      343.870      344.680
    60:      361.180      402.150      415.070      415.700      435.710
    65:      437.630      445.630      447.380      448.840      449.340
    70:      449.350      472.920      515.830      541.530      542.700
    75:      553.620      572.800      580.700      628.910      629.100
    80:      630.070      630.070      630.070      630.080      630.080
    85:      630.080      630.080      630.080      630.080      634.080
    90:      635.080      635.080      635.140      635.370      638.900
    95:      638.900      640.070      640.080      641.850      642.640
   100:      643.280      643.320      644.310      645.260      645.830
   105:      645.970      646.010      646.100      647.160      650.380
   110:      651.130      652.240      652.950      654.260      657.800
   115:      659.510      660.030      660.230      662.180      662.750
   120:      756.040      758.250      758.370      806.270      847.740
   125:      848.630      850.780      852.520      852.730      853.520
   130:      854.820      856.180      869.470      881.420      881.910
   135:      882.430      882.590      882.660      883.290      883.400
   140:      884.910      885.200      885.560      886.100      889.090
   145:      889.750      892.320      892.420      892.670      896.700
   150:      897.290      897.330      897.470      904.080      918.440
   155:      918.630      944.620      950.250      950.250      950.250
   160:      950.260      950.260      950.260      950.260      950.260
   165:      950.260      952.270      954.260      955.260      955.260
   170:      960.250      960.260      967.130      967.470      968.680
   175:      988.050      988.140      993.230      998.220      998.220
   180:      998.220      998.230      998.230      998.230      998.230
   185:      998.230      998.230      999.340      999.340     1002.230
   190:     1003.230     1003.230     1006.480     1008.220     1008.230
   195:     1018.270     1019.630     1019.630     1019.630     1019.640
   200:     1019.640     1019.640     1019.640     1019.640     1019.640
   205:     1020.720     1020.720     1023.640     1024.640     1024.640
   210:     1025.880     1025.880     1029.630     1029.640     1034.400
   215:     1102.190     1103.520     1105.000     1105.020     1105.040
   220:     1105.080     1105.100     1105.990     1107.630     1108.090
   225:     1108.280     1109.740     1111.120     1112.410     1115.210
   230:     1116.850     1117.970     1119.260     1120.320     1124.230
   235:     1124.930     1203.680     1204.330     1205.730     1208.980
   240:     1217.730     1218.600     1221.480     1230.170     1230.460
   245:     1235.470     1236.070     1243.010     1245.640     1249.490
   250:     1250.550     1281.930     1282.120     1283.520     1289.150
   255:     1289.670     1289.720     1294.540     1301.950     1305.810
   260:     1305.860     1305.960     1306.000     1350.150     1351.660
   265:     1354.010     1354.280     1354.320     1354.360     1354.860
   270:     1407.310     1492.660     1496.070     1521.180     1533.780
   275:     1541.000     1543.620     1544.740     1545.170     1547.980
   280:     1548.330     1819.000     1829.040     1871.470     1929.240
   285:     1930.480     1991.190     1991.450     1991.470     1991.920
   290:     2035.520     2038.490     2038.730     2040.800     2043.540
   295:     2049.780     2052.940     2055.680     2057.020     2057.760
   300:     2058.010     2059.140     2060.680     2062.040     2064.510
   305:     2066.240     2067.120     2071.360     2072.410     2073.060
   310:     2073.280     2075.290     2075.310     2076.930     2077.150
   315:     2078.260     2079.890     2083.770     2084.930     2086.490
   320:     2087.350     2094.160     2094.350     2094.610     2098.480
   325:     2103.730     2106.330     2106.500     2106.560     2106.630
   330:     2106.740     2106.800     2107.110     2108.230     2108.530
   335:     2109.390     2114.480     2147.140     2147.350     2153.580
   340:     2159.190     2161.070     2162.290     2163.390     2177.760
   345:     2180.960     2185.460     2188.410     2191.450     2194.240
   350:     2194.300     2194.680     2195.930     2199.570     2200.440
   355:     2204.390     2208.200     2211.450     2214.080     2218.090
   360:     2221.400     2223.200     2223.720     2258.890     2259.670
   365:     2260.230     2261.940     2263.400     2263.540     2268.480
   370:     2755.060     2757.870     2758.760     2758.890     2759.090
   375:     2759.130     2759.230     2759.450     2759.520     2759.950
   380:     2760.240     2761.130     2764.900     2765.120     2765.380
   385:     2799.980     2820.120     2821.950     2822.770     2822.830
   390:     2831.150     2865.870     2866.150     2873.670     2893.830
   395:     2893.980     2910.260     2916.980     2918.850     2921.360
   400:     2921.820     2925.470     2929.140     2929.900     2930.240
   405:     2934.910     2950.860     2952.560     2955.480     2956.000
   410:     2961.910     2962.920     2994.850     2998.340     3000.770
   415:     3006.160     3044.640     3076.560     3096.760     3140.920
   420:     3149.550     3150.270     3154.570     3154.680     3158.810
   425:     3208.940     3211.340     3238.540     3329.580     3329.790
   430:     3374.830     3375.870     3376.020     3384.250     3386.070
   435:     3494.480     3495.900     3497.790     3498.600     3512.540
   440:     3552.910     3553.350     3556.300     3559.720     3561.120
   445:     3561.210     3578.070     3603.440     3607.010     3608.170
   450:     3608.490     3611.940     3617.370     3618.640     3619.730
   455:     3621.310     3638.810     3639.420     3643.640     3646.120
   460:     3650.430     3650.700     3656.120     3657.190     3658.040
   465:     3663.140     3665.060     3684.730     3689.930     3695.820
   470:     3699.250     3702.740     3705.520     3713.630     3717.470
   475:     3717.580     3718.250     3718.760     3718.850     3723.210
   480:     3723.970     3724.560     3739.590     3741.110     3744.050
   485:     3744.090     3747.240     3749.340     3752.350     3882.340
   490:     3882.580     3889.300     3889.520     3891.030     3910.610
   495:     3910.610     3910.610     3910.620     3910.620     3910.620
   500:     3910.620     3910.620     3910.620     3912.450     3912.450
   505:     3914.620     3914.630     3915.620     3915.620     3917.540
   510:     3919.310     3920.610     3920.620     3937.450     3943.080
   515:     3943.350     3944.840     3946.700     3951.940     3967.170
   520:     4002.830     4004.370     4005.780     4009.090     4009.260
   525:     4009.270     4011.530     4029.430     4030.970     4032.320
   530:     4032.650     4033.070     4033.160     4038.860     4040.580
   535:     4042.380     4048.890     4052.430     4088.720     4088.720
   540:     4088.720     4088.730     4088.730     4088.730     4088.730
   545:     4088.730     4088.730     4092.730     4093.730     4093.730
   550:     4098.720     4098.730     4101.870     4102.060     4355.500
   555:     4355.700     4403.900     4404.080     4404.310     4411.540
   560:     4416.620     4420.490     4420.520     4421.020     4421.430
   565:     4421.700     4421.850     4422.470     4431.920     4437.910
   570:     4439.540     4445.350     4445.650     4445.850     4448.920
   575:     4450.190     4457.320     4459.870     4462.070     4463.330
   580:     4489.570     4504.500     4504.540     4504.910     4505.650
   585:     4507.030     4507.580     4507.900     4517.910     4522.710
   590:     4524.780     4527.620     4529.010     4534.570     4539.000
   595:     4542.430     4546.530     4556.620     4558.700     4559.890
   600:     4568.080     4569.130     4569.810     4570.130     4570.230
   605:     4570.350     4570.550     4570.760     4571.030     4572.420
   610:     4574.240     4689.410     4897.120     4907.210     4907.500
   615:     4908.370     5003.800     5010.780     5011.020     5023.450
   620:     5033.020     5039.690     5039.740     5039.930     5042.400
   625:     5046.500     5047.700     5048.200     5052.730     5053.050
   630:     5057.070     5060.760     5061.490     5064.850     5066.350
   635:     5066.790     5067.660     5068.300     5100.470     5101.410
   640:     5102.730     5107.670     5109.060     5113.070     5113.500
   645:     5124.490     5124.550     5124.840     5129.470     5131.630
   650:     5131.870     5140.750     5186.860     5191.410     5221.230
   655:     5230.970     5231.330     5231.370     5231.650     5231.780
   660:     5231.820     5231.860     5232.100     5232.310     5232.890
   665:     5233.080     5247.110     5247.990     5248.120     5259.070
   670:     5260.950     5277.210     5283.590     5296.350     5296.650
   675:     5297.790     5297.830     5297.880     5298.420     5298.500
   680:     5298.700     5301.380     5318.030     5319.840     5320.900
   685:     5322.120     5328.120     5328.780     5328.870     5333.380
   690:     5349.090     5350.710     5352.480     5359.480     5364.660
   695:     5367.830     5368.180     5383.560     5384.740     5396.090
   700:     5400.210     5430.000     5431.030     5431.270     5455.480
   705:     5456.420     5541.050     5561.840     5563.600     5563.890
   710:     5569.880     5570.250     5577.540     5579.420     5579.470
   715:     5641.060     5650.810     5651.060     5656.990     5666.390
   720:     5692.540     5693.870     5741.900     5741.900     5741.900
   725:     5741.910     5741.910     5741.910     5741.910     5741.910
   730:     5741.910     5742.880     5742.880     5745.910     5746.910
   735:     5746.910     5748.910     5751.900     5751.910     5764.770
   740:     5766.420     5769.320     5771.960     5772.600     5776.780
   745:     5781.480     5781.550     5789.440     5790.420     5797.050
   750:     5797.760     5822.750     5823.190     5824.130     5827.080
   755:     5827.220     5830.880     5831.010     5831.600     5833.490
   760:     5834.590     5835.460     5836.930     5843.260     5843.260
   765:     5843.260     5843.270     5843.270     5843.270     5843.270
   770:     5843.270     5843.270     5847.270     5848.270     5848.270
   775:     5852.080     5852.200     5853.260     5853.270     5863.520
   780:     5863.810     5863.850     5935.070     6100.410     6101.710
   785:     6155.810     6170.500     6172.770     6172.880     6184.620
   790:     6191.710     6214.590     6222.190     6235.410     6242.550
   795:     6243.240     6244.150     6265.670     6304.160     6307.320
   800:     6307.470     6311.310     6313.240     6324.950     6352.550
   805:     6352.550     6352.550     6352.560     6352.560     6352.560
   810:     6352.560     6352.560     6352.560     6356.560     6357.560
   815:     6357.560     6362.550     6362.560     6403.920     6425.610
   820:     6901.300     6901.490     6906.450     7004.210     7066.420
   825:     7073.480     7073.540     7080.400     7146.730     7151.850
   830:     7248.520     7248.520     7248.520     7248.530     7248.530
   835:     7248.530     7248.530     7248.530     7248.530     7252.530
   840:     7252.950     7253.010     7253.110     7253.530     7253.530
   845:     7256.210     7256.640     7256.680     7257.580     7257.720
   850:     7258.520     7258.530     7259.220     7260.200     7260.780
   855:     7261.750     7264.890     7265.360     7265.380     7266.380
   860:     7266.460     7269.520     7374.700     7377.600     7377.690
   865:     7377.820     7377.910     7472.340     7569.190     7612.150
   870:     7737.840     7737.860     7747.840     7757.780     7757.780
   875:     7757.780     7757.790     7757.790     7757.790     7757.790
   880:     7757.790     7757.790     7761.790     7762.790     7762.790
   885:     7767.780     7767.790     7807.800     7808.700     7808.850
   890:     7812.970     7813.370     7813.400     7813.520     7813.910
   895:     7814.210     7822.610     7824.640     7827.000     7830.590
   900:     7830.720     7831.830     7832.740     7834.680     7835.120
   905:     7835.140     7836.250     7839.070     7841.130     7841.660
   910:     7850.500     7852.850     7862.140     7917.610     8029.720
   915:     8030.720     8031.210     8054.640     8094.850     8094.880
   920:     8117.880     8138.010     8205.490     8205.940     8246.160
   925:     8246.160     8246.160     8246.170     8246.170     8246.170
   930:     8246.170     8246.170     8246.170     8246.730     8246.730
   935:     8249.620     8249.620     8250.170     8251.170     8251.170
   940:     8253.680     8254.020     8256.160     8256.170     8256.530
   945:     8264.290     8264.430     8266.620     8267.420     8274.860
   950:     8275.900     8339.100     8351.670     8371.500     8371.500
   955:     8371.500     8371.510     8371.510     8371.510     8371.510
   960:     8371.510     8371.510     8375.510     8376.510     8376.510
   965:     8381.500     8381.510     8408.570     8408.980     8412.220
   970:     8433.430     8433.430     8433.430     8433.440     8433.440
   975:     8433.440     8433.440     8433.440     8433.440     8434.530
   980:     8435.620     8436.500     8437.440     8438.440     8438.440
   985:     8438.910     8439.000     8439.170     8442.140     8442.560
   990:     8442.810     8443.430     8443.440     8446.110     8446.550
   995:     8446.580     8447.680     8449.520     8453.060     8458.310
  1000:     8458.850     8460.820     8463.530     8504.020     8505.830
  1005:     8508.630     8509.890     8514.270     8516.590     8517.580
  1010:     8518.800     8519.040     8519.150     8522.040     8883.860
  1015:     8891.420     8923.470     8924.020     8929.250     8931.700
  1020:     8932.220     8932.950     8938.220     8939.550     8939.770
  1025:     8941.500     8945.380     8945.900     8949.830     8956.150
  1030:     8957.720     8981.610     8983.430     8984.160     9017.790
  1035:     9018.310     9031.040     9031.890     9037.770     9037.910
  1040:     9042.820     9046.480     9048.030     9048.410     9048.470
  1045:     9048.610     9050.700     9055.640     9058.580     9060.180
  1050:     9062.960     9063.820     9063.940     9064.020     9064.110
  1055:     9064.420     9070.150     9073.010     9073.050     9073.590
  1060:     9076.790     9080.760     9083.640     9084.340     9091.920
  1065:     9094.020     9096.890     9101.020     9121.340     9130.680
  1070:     9135.070     9135.410     9138.600     9139.180     9141.500
  1075:     9149.860     9243.750     9246.990     9256.660     9323.030
  1080:     9323.180     9343.990     9386.290     9386.900     9392.860
  1085:     9402.080     9403.260     9404.890     9416.820     9417.760
  1090:     9424.420     9424.900     9429.540     9434.280     9439.880
  1095:     9442.800     9450.970     9454.970     9455.890     9460.290
  1100:     9460.820     9460.890     9467.350     9467.560     9467.790
  1105:     9467.920     9472.790     9473.750     9490.320     9501.200
  1110:     9510.390     9522.860     9528.660     9530.820     9531.670
  1115:     9532.390     9539.280     9551.040     9569.060     9569.430
  1120:     9575.240     9575.410     9575.800     9578.980     9580.410
  1125:     9580.690     9582.170     9583.250     9585.910     9590.840
  1130:     9595.540     9599.660     9605.070     9607.430     9609.070
  1135:     9611.190     9624.030     9624.700     9633.110     9637.810
  1140:     9638.490     9640.500     9643.150     9643.540     9654.240
  1145:     9660.600     9660.720     9673.120     9683.360     9721.140
  1150:     9723.920     9736.190     9746.530     9751.260     9753.380
  1155:     9758.960     9852.150     9854.050     9865.080     9869.370
  1160:     9870.060     9880.690     9881.670     9888.430     9890.860
  1165:     9897.160     9899.810     9901.650     9901.990     9907.260
  1170:     9907.920     9910.990     9919.390     9926.660     9929.470
  1175:     9929.540     9929.710     9939.720     9941.110     9948.650
  1180:     9964.180     9970.770    10121.850    10122.390    10122.410
  1185:    10129.470    10129.620    10148.430    10148.740    10154.830
  1190:    10155.380    10157.900    10194.080    10196.490    10196.930
  1195:    10199.310    10207.090    10214.730    10220.250    10248.480
  1200:    10256.950    10257.020    10270.070    10325.060    10325.940
  1205:    10326.610    10337.910    10344.630    10375.220    10402.740
  1210:    10462.110    10476.360    10486.670    10487.680    10501.820
  1215:    10503.960    10512.210    10512.660    10513.830    10520.710
  1220:    10522.620    10523.230    10527.320    10529.290    10541.350
  1225:    10541.590    10542.730    10546.850    10548.790    10553.740
  1230:    10557.050    10622.250    10622.250    10622.250    10622.260
  1235:    10622.260    10622.260    10622.260    10622.260    10622.260
  1240:    10626.260    10627.260    10627.260    10632.250    10632.260
  1245:    10635.930    10657.460    10660.110    10685.060    10733.930
  1250:    10756.100    10775.420    10775.870    10775.880    10776.760
  1255:    10778.690    10779.130    10779.180    10779.220    10779.580
  1260:    10779.980    10780.150    10781.460    10794.750    10800.010
