File: C:\MED-PC IV\DATA\!2025-08-17_19h49m.Subject T21



Start Date: 08/17/25
End Date: 08/17/25
Subject: T21
Experiment: OralFentSA
Group: One
Box: 3
Start Time: 19:49:01
End Time: 21:58:52
MSN: Golden_Liq_SelfAdmin_LIT
F:       0.000
G:    2009.000
H:    7775.170
I:       0.000
J:       0.000
K:       0.000
L:       0.000
M:       0.000
N:       0.000
O:       0.000
P:       0.000
Q:       0.000
R:       0.000
S:       0.000
U:       0.000
V:       0.000
W:       0.000
X:       0.000
Y:       0.000
Z:       0.000
A:
     0:        0.000        0.000      180.000        4.000        0.000
     5:        5.000        0.000        5.000        0.000        0.000
    10:        1.000        0.000       10.000       60.000       29.000
    15:        0.000      320.000        0.000        0.000        0.000
    20:        0.000
B:
     0:        0.000        0.000        0.000      400.000        0.000
     5:      500.000        0.000      500.000        0.000        0.000
    10:        0.000        0.000     1000.000     6000.000        0.000
    15:        0.000        0.000        0.000        0.000        0.000
    20:        0.000
C:
     0:      116.000      117.000        0.000       18.000      794.000
     5:     7744.770       17.500       84.000     1831.530       21.804
    10:       18.000       15.000      105.000        0.000        0.000
    15:        0.000        0.000        0.000        0.000        0.000
    20:        0.000
D:
     0:        3.100        0.170        3.210       12.490        6.750
     5:       62.930       17.470       14.370       28.370        6.640
    10:       57.770        0.730        1.100       23.700       42.730
    15:       17.270       58.440        0.520       45.500       52.260
    20:        1.700        6.320       14.100       59.800        1.080
    25:       27.170       49.650       40.700        2.720       47.980
    30:       36.830       28.150       21.580       62.190        0.170
    35:       14.240       27.800       17.430       62.230       15.680
    40:       21.170       12.310        1.340        5.450       47.720
    45:        1.210       33.390       10.850       46.540       37.640
    50:       14.060        6.030       63.480       22.470        1.940
    55:        0.010        0.210        0.310       22.250       13.510
    60:        0.450        3.050       30.920        0.070       61.020
    65:       13.760       29.220        1.850       69.870       13.780
    70:       26.540       30.400        0.080       56.430        6.340
    75:       15.860        4.780       18.250        0.290       37.990
    80:        4.860       32.010        1.280       17.500
E:
     0:       19.000       11.000       26.000       27.000        6.000
     5:        6.000        6.000        6.000        6.000        6.000
    10:        6.000        6.000        6.000       23.000       25.000
    15:       24.000       13.000        8.000        5.000       17.000
    20:       18.000       14.000       10.000       19.000       25.000
    25:       24.000       13.000        8.000        5.000       17.000
    30:       18.000       14.000       10.000       19.000        2.000
    35:        4.000       22.000       24.000       13.000        8.000
    40:        5.000       17.000        6.000       18.000        6.000
    45:       14.000       10.000       19.000        6.000        6.000
    50:        6.000        6.000       25.000       24.000       13.000
    55:        8.000        5.000       17.000        6.000        6.000
    60:        6.000        6.000        6.000       18.000        6.000
    65:        6.000       14.000       10.000        6.000       19.000
    70:        6.000        6.000        6.000        6.000        6.000
    75:        6.000        6.000        6.000        6.000        6.000
    80:        6.000        6.000        6.000       25.000       24.000
    85:       13.000        8.000        5.000       17.000        6.000
    90:       18.000       14.000       10.000       19.000        6.000
    95:        6.000        6.000        6.000       25.000       24.000
   100:       13.000        8.000        5.000       17.000       18.000
   105:       14.000       10.000       19.000        6.000        6.000
   110:        6.000        6.000        6.000        6.000       25.000
   115:       24.000       13.000        8.000        5.000       17.000
   120:       18.000       14.000       10.000        6.000        6.000
   125:       19.000        6.000        6.000        6.000        6.000
   130:        6.000       25.000       24.000       13.000        8.000
   135:        5.000       17.000       18.000       14.000       10.000
   140:       19.000        6.000        6.000        6.000        6.000
   145:        6.000       25.000       24.000       13.000        8.000
   150:        5.000       17.000       18.000       14.000       10.000
   155:       19.000        2.000        4.000       22.000       24.000
   160:       13.000        8.000        5.000       17.000       21.000
   165:       22.000       18.000       14.000       10.000       19.000
   170:        6.000        6.000        6.000        6.000        6.000
   175:        6.000       25.000       24.000       13.000        8.000
   180:        5.000       17.000       18.000       14.000       10.000
   185:       19.000       25.000       24.000       13.000        8.000
   190:        5.000       17.000       18.000       14.000       10.000
   195:       19.000        6.000        6.000        6.000       25.000
   200:       24.000       13.000        8.000        5.000       17.000
   205:       18.000       14.000       10.000       19.000       25.000
   210:       24.000       13.000        8.000        5.000       17.000
   215:       18.000       14.000       10.000       19.000        6.000
   220:        6.000        6.000        6.000        2.000        4.000
   225:       22.000       24.000       13.000        8.000        5.000
   230:       17.000       18.000       14.000       10.000        6.000
   235:       19.000       23.000        6.000        6.000        6.000
   240:        6.000        6.000        6.000        6.000        6.000
   245:        6.000        6.000        6.000        6.000        6.000
   250:        6.000        6.000        6.000        6.000        6.000
   255:       25.000       24.000       13.000        8.000        5.000
   260:       17.000       18.000       14.000       10.000       19.000
   265:       25.000       24.000       13.000        8.000        5.000
   270:       17.000       18.000       14.000       10.000       19.000
   275:        6.000        6.000        6.000        6.000        6.000
   280:        6.000       25.000       24.000       13.000        8.000
   285:        5.000       17.000        6.000        6.000        6.000
   290:        6.000       18.000       14.000       10.000       19.000
   295:        6.000        6.000        6.000        6.000        6.000
   300:       25.000       24.000       13.000        8.000        5.000
   305:       17.000        6.000       18.000       14.000       10.000
   310:       19.000       25.000       24.000       13.000        8.000
   315:        5.000       17.000       18.000       14.000       10.000
   320:       19.000        6.000        6.000        6.000        6.000
   325:        6.000        6.000        6.000        6.000       25.000
   330:       24.000       13.000        8.000        5.000       17.000
   335:       18.000       14.000       10.000       19.000        2.000
   340:        4.000       22.000       24.000       13.000        8.000
   345:        5.000       17.000       18.000       14.000       10.000
   350:       19.000        6.000        6.000        6.000        6.000
   355:        6.000        6.000        6.000        6.000        6.000
   360:        6.000        6.000        6.000        6.000        6.000
   365:        6.000        6.000       25.000       24.000       13.000
   370:        8.000        5.000       17.000       18.000       14.000
   375:       10.000       19.000       25.000       24.000       13.000
   380:        8.000        5.000       17.000       18.000       14.000
   385:       10.000       19.000       25.000       24.000       13.000
   390:        8.000        5.000       17.000       18.000       14.000
   395:       10.000       19.000        2.000        4.000       22.000
   400:       24.000       13.000        8.000        5.000       17.000
   405:       21.000       22.000       21.000       22.000       18.000
   410:       14.000       10.000       19.000        6.000        6.000
   415:       25.000       24.000       13.000        8.000        5.000
   420:       17.000       18.000       14.000       10.000       19.000
   425:       25.000       24.000       13.000        8.000        5.000
   430:       17.000       18.000       14.000       10.000       19.000
   435:       23.000        6.000        6.000        6.000        6.000
   440:        6.000        6.000       25.000       24.000       13.000
   445:        8.000        5.000       17.000        6.000       18.000
   450:       14.000       10.000        6.000        6.000        6.000
   455:       19.000        6.000        6.000        6.000        6.000
   460:        6.000        6.000        6.000        6.000        6.000
   465:        6.000       25.000       24.000       13.000        8.000
   470:        5.000       17.000       18.000       14.000       10.000
   475:       19.000        6.000       25.000       24.000       13.000
   480:        8.000        5.000       17.000       18.000       14.000
   485:       10.000       19.000        6.000        6.000        2.000
   490:        4.000       22.000       24.000       13.000        8.000
   495:        5.000       17.000       18.000       14.000       10.000
   500:       19.000       25.000       24.000       13.000        8.000
   505:        5.000       17.000        6.000        6.000        6.000
   510:       18.000       14.000       10.000       19.000        6.000
   515:        6.000        6.000        6.000        6.000        6.000
   520:        6.000        6.000        6.000        6.000        6.000
   525:        6.000       25.000       24.000       13.000        8.000
   530:        5.000       17.000       18.000       14.000       10.000
   535:        6.000        6.000       19.000       25.000       24.000
   540:       13.000        8.000        5.000       17.000       18.000
   545:       14.000       10.000       19.000       25.000       24.000
   550:       13.000        8.000        5.000       17.000       18.000
   555:       14.000       10.000       19.000        6.000        6.000
   560:        6.000       25.000       24.000       13.000        8.000
   565:        5.000       17.000       18.000       14.000       10.000
   570:       19.000       25.000       24.000       13.000        8.000
   575:        5.000       17.000       18.000       14.000       10.000
   580:       19.000       23.000       23.000        6.000        6.000
   585:        6.000        6.000        6.000        6.000        6.000
   590:        6.000        6.000        6.000        6.000       25.000
   595:       24.000       13.000        8.000        5.000       17.000
   600:        6.000        6.000       18.000       14.000       10.000
   605:       19.000       25.000       24.000       13.000        8.000
   610:        5.000       17.000       18.000       14.000       10.000
   615:       19.000        6.000        6.000        6.000        6.000
   620:       25.000       24.000       13.000        8.000        5.000
   625:       17.000       18.000       14.000       10.000       19.000
   630:       25.000       24.000       13.000        8.000        5.000
   635:       17.000       18.000       14.000       10.000       19.000
   640:        6.000        6.000        6.000        6.000        6.000
   645:       25.000       24.000       13.000        8.000        5.000
   650:       17.000       18.000       14.000       10.000       19.000
   655:        6.000        6.000        6.000        6.000        6.000
   660:        6.000        6.000        6.000       25.000       24.000
   665:       13.000        8.000        5.000       17.000       18.000
   670:       14.000       10.000       19.000       23.000       25.000
   675:       24.000       13.000        8.000        5.000       17.000
   680:        6.000        6.000       18.000        6.000       14.000
   685:       10.000       19.000       25.000       24.000       13.000
   690:        8.000        5.000       17.000       18.000       14.000
   695:       10.000       19.000       25.000       24.000       13.000
   700:        8.000        5.000       17.000       18.000       14.000
   705:       10.000       19.000        6.000        6.000        6.000
   710:        6.000        6.000        6.000        6.000        6.000
   715:        6.000        6.000        6.000        6.000        6.000
   720:        6.000        6.000        6.000       25.000       24.000
   725:       13.000        8.000        5.000       17.000       21.000
   730:       22.000       21.000       22.000       18.000       14.000
   735:       10.000       19.000        2.000        4.000       22.000
   740:       24.000       13.000        8.000        5.000       17.000
   745:       18.000       21.000       22.000       14.000       10.000
   750:       19.000        6.000        6.000        6.000        6.000
   755:       23.000       25.000       24.000       13.000        8.000
   760:        5.000       17.000       18.000       14.000       10.000
   765:       19.000       25.000       24.000       13.000        8.000
   770:        5.000       17.000       18.000       14.000       10.000
   775:       19.000        6.000        6.000        6.000        6.000
   780:        6.000        6.000        6.000        6.000        6.000
   785:        6.000        6.000        6.000       25.000       24.000
   790:       13.000        8.000        5.000       17.000       18.000
   795:       14.000       10.000       19.000        6.000        6.000
   800:        6.000        6.000       23.000       25.000       24.000
   805:       13.000        8.000        5.000       17.000       18.000
   810:       14.000       10.000       19.000        6.000        6.000
   815:        6.000        6.000        6.000       25.000       24.000
   820:       13.000        8.000        5.000       17.000        6.000
   825:       18.000       14.000       10.000        6.000        6.000
   830:        6.000        6.000        6.000       19.000        6.000
   835:        6.000        6.000        6.000        6.000        6.000
   840:        6.000        6.000        6.000        6.000        6.000
   845:       25.000       24.000       13.000        8.000        5.000
   850:       17.000       18.000       14.000       10.000       19.000
   855:       25.000       24.000       13.000        8.000        5.000
   860:       17.000       18.000       14.000       10.000       19.000
   865:        6.000        6.000        6.000        6.000        6.000
   870:        6.000        6.000        6.000        6.000        6.000
   875:        6.000       25.000       24.000       13.000        8.000
   880:        5.000       17.000       18.000       14.000       10.000
   885:       19.000        6.000        6.000        6.000        6.000
   890:        6.000        6.000        6.000        6.000        6.000
   895:        6.000        6.000        6.000       25.000       24.000
   900:       13.000        8.000        5.000       17.000       18.000
   905:       14.000       10.000       19.000        6.000        6.000
   910:        6.000        6.000        6.000        6.000        6.000
   915:        6.000        6.000        6.000        6.000        6.000
   920:        6.000        6.000        6.000        6.000        6.000
   925:        2.000        4.000       22.000       24.000       13.000
   930:        8.000        5.000       17.000       18.000       14.000
   935:       10.000       19.000        6.000       25.000       24.000
   940:       13.000        8.000        5.000       17.000       18.000
   945:       14.000       10.000       19.000        6.000        6.000
   950:        6.000       25.000       24.000       13.000        8.000
   955:        5.000       17.000       18.000       14.000       10.000
   960:       19.000       25.000       24.000       13.000        8.000
   965:        5.000       17.000       18.000       14.000       10.000
   970:       19.000       25.000       24.000       13.000        8.000
   975:        5.000       17.000       18.000       14.000       10.000
   980:       19.000        6.000        6.000        6.000        6.000
   985:        6.000        6.000        6.000        6.000        6.000
   990:        6.000        6.000        6.000       25.000       24.000
   995:       13.000        8.000        5.000       17.000       18.000
  1000:       14.000       10.000       19.000        2.000        4.000
  1005:       22.000       24.000       13.000        8.000        5.000
  1010:       17.000       18.000       14.000       10.000       19.000
  1015:       25.000       24.000       13.000        8.000        5.000
  1020:       17.000       18.000       14.000       10.000       19.000
  1025:        6.000        6.000        6.000        6.000        6.000
  1030:        6.000       25.000       24.000       13.000        8.000
  1035:        5.000       17.000        6.000       18.000       14.000
  1040:       10.000       19.000        6.000        6.000        6.000
  1045:        6.000        6.000        6.000        6.000        6.000
  1050:        6.000        6.000        6.000        6.000        6.000
  1055:        6.000        6.000        6.000        6.000        6.000
  1060:       25.000       24.000       13.000        8.000        5.000
  1065:       17.000       18.000       14.000       10.000        6.000
  1070:       19.000        6.000       25.000       24.000       13.000
  1075:        8.000        5.000       17.000       18.000       14.000
  1080:       10.000       19.000       23.000       23.000        6.000
  1085:        6.000        6.000        6.000        6.000        6.000
  1090:        6.000        6.000        6.000        6.000        6.000
  1095:        6.000        6.000        6.000        6.000        6.000
  1100:        6.000        6.000        6.000        6.000        6.000
  1105:        6.000        6.000        6.000        6.000        6.000
  1110:       25.000       24.000       13.000        8.000        5.000
  1115:       17.000        6.000        6.000        6.000        6.000
  1120:        6.000        6.000       18.000        6.000        6.000
  1125:        6.000        6.000       14.000       10.000        6.000
  1130:        6.000        6.000        6.000        6.000        6.000
  1135:        6.000       19.000        6.000        6.000        6.000
  1140:        6.000        6.000       25.000       24.000       13.000
  1145:        8.000        5.000       17.000       18.000       14.000
  1150:       10.000       19.000        6.000        6.000        6.000
  1155:       25.000       24.000       13.000        8.000        5.000
  1160:       17.000       18.000       14.000       10.000       19.000
  1165:        6.000        6.000        6.000        6.000       25.000
  1170:       24.000       13.000        8.000        5.000       17.000
  1175:       18.000       14.000       10.000       19.000       23.000
  1180:        6.000       25.000       24.000       13.000        8.000
  1185:        5.000       17.000       18.000       14.000       10.000
  1190:       19.000        6.000        6.000        6.000        6.000
  1195:        6.000        6.000        6.000        6.000        6.000
  1200:        6.000       25.000       24.000       13.000        8.000
  1205:        5.000       17.000       23.000       18.000       23.000
  1210:       14.000       10.000       19.000        6.000        6.000
  1215:        6.000       25.000       24.000       13.000        8.000
  1220:        5.000       17.000       18.000       14.000       10.000
  1225:       19.000        2.000        4.000       22.000       24.000
  1230:       13.000        8.000        5.000       17.000       18.000
  1235:       14.000       10.000       19.000       23.000       25.000
  1240:       24.000       13.000        8.000        5.000       17.000
  1245:       18.000       14.000       10.000        6.000        6.000
  1250:        6.000       19.000        6.000        6.000        6.000
  1255:        6.000        6.000        6.000        6.000        6.000
  1260:        6.000        6.000        6.000        6.000        6.000
  1265:        6.000        6.000        6.000        6.000        6.000
  1270:        6.000        6.000        6.000        6.000        6.000
  1275:        6.000        6.000        6.000        6.000        6.000
  1280:        6.000        6.000        6.000        6.000        6.000
  1285:       25.000       24.000       13.000        8.000        5.000
  1290:       17.000       18.000       14.000       10.000       19.000
  1295:        6.000        6.000        6.000        6.000       25.000
  1300:       24.000       13.000        8.000        5.000       17.000
  1305:       18.000       14.000       10.000       19.000       25.000
  1310:       24.000       13.000        8.000        5.000       17.000
  1315:       18.000       14.000       10.000       19.000        6.000
  1320:        6.000        6.000        6.000        6.000        6.000
  1325:        6.000        6.000        6.000       25.000       24.000
  1330:       13.000        8.000        5.000       17.000        6.000
  1335:        6.000       18.000       14.000       10.000       19.000
  1340:        6.000        6.000        6.000        6.000        6.000
  1345:        6.000        6.000        6.000        6.000        6.000
  1350:        6.000        6.000        6.000        6.000        6.000
  1355:        6.000        6.000        6.000        6.000        6.000
  1360:        6.000        6.000        6.000        6.000        6.000
  1365:        6.000        6.000       25.000       24.000       13.000
  1370:        8.000        5.000       17.000        6.000        6.000
  1375:       18.000       14.000       10.000       19.000        6.000
  1380:        6.000        6.000        6.000        6.000        6.000
  1385:        6.000        6.000        6.000        6.000        6.000
  1390:        6.000        6.000        6.000        6.000        6.000
  1395:        6.000       25.000       24.000       13.000        8.000
  1400:        5.000       17.000        6.000        6.000        6.000
  1405:        6.000        6.000        6.000        6.000        6.000
  1410:       18.000       14.000       10.000        6.000        6.000
  1415:        6.000        6.000       19.000        6.000        6.000
  1420:        6.000        6.000        6.000        6.000        6.000
  1425:        6.000        6.000        6.000        6.000        6.000
  1430:        6.000       25.000       24.000       13.000        8.000
  1435:        5.000       17.000        6.000        6.000        6.000
  1440:        6.000        6.000        6.000       18.000        6.000
  1445:       14.000       10.000       19.000        6.000        6.000
  1450:        6.000       25.000       24.000       13.000        8.000
  1455:        5.000       17.000       18.000       14.000       10.000
  1460:       19.000       25.000       24.000       13.000        8.000
  1465:        5.000       17.000       18.000       14.000       10.000
  1470:       19.000        6.000        6.000        6.000        6.000
  1475:        6.000        6.000       25.000       24.000       13.000
  1480:        8.000        5.000       17.000       18.000       14.000
  1485:       10.000       19.000        6.000        6.000        6.000
  1490:        6.000        6.000       25.000       24.000       13.000
  1495:        8.000        5.000       17.000        6.000        6.000
  1500:       18.000       14.000       10.000       19.000        6.000
  1505:        6.000        6.000        6.000        6.000        6.000
  1510:       25.000       24.000       13.000        8.000        5.000
  1515:       17.000        6.000        6.000        6.000       18.000
  1520:       14.000       10.000        6.000        6.000        6.000
  1525:        6.000        6.000       19.000        6.000        6.000
  1530:        6.000        6.000        6.000        2.000        4.000
  1535:       22.000       24.000       13.000        8.000        5.000
  1540:       17.000       21.000       22.000       18.000       14.000
  1545:       10.000       19.000        6.000       25.000       24.000
  1550:       13.000        8.000        5.000       17.000        6.000
  1555:        6.000        6.000       18.000       14.000       10.000
  1560:       19.000        6.000        6.000        6.000        6.000
  1565:        6.000        6.000        6.000       25.000       24.000
  1570:       13.000        8.000        5.000       17.000       18.000
  1575:       14.000       10.000       19.000        6.000        6.000
  1580:        6.000       25.000       24.000       13.000        8.000
  1585:        5.000       17.000       18.000       14.000       10.000
  1590:       19.000        6.000        6.000        6.000        6.000
  1595:        6.000        6.000        6.000        6.000        6.000
  1600:        6.000        6.000        6.000        6.000        6.000
  1605:        6.000        6.000       25.000       24.000       13.000
  1610:        8.000        5.000       17.000       18.000       14.000
  1615:       10.000       19.000       25.000       24.000       13.000
  1620:        8.000        5.000       17.000       18.000       14.000
  1625:       10.000       19.000        6.000        6.000        6.000
  1630:        6.000        6.000        6.000        6.000        6.000
  1635:        6.000        6.000        6.000        6.000       25.000
  1640:       24.000       13.000        8.000        5.000       17.000
  1645:        6.000       18.000       14.000       10.000        6.000
  1650:       19.000        6.000        6.000        6.000        6.000
  1655:        6.000        6.000        6.000        6.000        6.000
  1660:        6.000        6.000        6.000        6.000        6.000
  1665:        6.000        6.000        6.000        6.000        6.000
  1670:        6.000        6.000        6.000        6.000        6.000
  1675:        6.000        6.000        6.000       25.000       24.000
  1680:       13.000        8.000        5.000       17.000       18.000
  1685:       14.000       10.000       19.000        6.000       25.000
  1690:       24.000       13.000        8.000        5.000       17.000
  1695:       18.000       14.000       10.000       19.000        6.000
  1700:        6.000        6.000       25.000       24.000       13.000
  1705:        8.000        5.000       17.000       18.000       14.000
  1710:       10.000       19.000        6.000        6.000        6.000
  1715:        6.000       25.000       24.000       13.000        8.000
  1720:        5.000       17.000       18.000       14.000       10.000
  1725:       19.000        6.000        6.000        6.000        6.000
  1730:        6.000        6.000        6.000        6.000        6.000
  1735:       25.000       24.000       13.000        8.000        5.000
  1740:       17.000        6.000        6.000        6.000       18.000
  1745:       14.000       10.000       19.000        6.000        6.000
  1750:        6.000        6.000        6.000        6.000        6.000
  1755:        6.000        6.000        6.000        6.000        6.000
  1760:       25.000       24.000       13.000        8.000        5.000
  1765:       17.000       18.000       14.000       10.000       19.000
  1770:        6.000       25.000       24.000       13.000        8.000
  1775:        5.000       17.000       18.000       14.000       10.000
  1780:        6.000        6.000       19.000        6.000        6.000
  1785:        6.000        6.000        6.000        6.000        6.000
  1790:       25.000       24.000       13.000        8.000        5.000
  1795:       17.000       18.000       14.000       10.000       19.000
  1800:        6.000        6.000        6.000        6.000        6.000
  1805:        6.000        6.000        6.000        6.000        6.000
  1810:        6.000       25.000       24.000       13.000        8.000
  1815:        5.000       17.000       18.000       14.000       10.000
  1820:       19.000       25.000       24.000       13.000        8.000
  1825:        5.000       17.000       18.000        6.000       14.000
  1830:       10.000        6.000       19.000       23.000        6.000
  1835:        6.000        6.000        6.000        6.000        6.000
  1840:        6.000        6.000       25.000       24.000       13.000
  1845:        8.000        5.000       17.000       18.000       14.000
  1850:       10.000       19.000        6.000        6.000        6.000
  1855:        6.000        6.000        6.000        6.000        6.000
  1860:        6.000        6.000        6.000        6.000        6.000
  1865:        6.000        6.000        6.000        6.000        6.000
  1870:        6.000        6.000        6.000        6.000        6.000
  1875:        6.000        6.000        6.000       25.000       24.000
  1880:       13.000        8.000        5.000       17.000        6.000
  1885:        6.000        6.000        6.000        6.000        6.000
  1890:        6.000       18.000        6.000       14.000       10.000
  1895:        6.000        6.000        6.000       19.000       25.000
  1900:       24.000       13.000        8.000        5.000       17.000
  1905:       18.000       14.000       10.000       19.000       25.000
  1910:       24.000       13.000        8.000        5.000       17.000
  1915:       18.000       14.000       10.000       19.000        6.000
  1920:        6.000        6.000       25.000       24.000       13.000
  1925:        8.000        5.000       17.000       18.000       14.000
  1930:       10.000       19.000       25.000       24.000       13.000
  1935:        8.000        5.000       17.000       18.000        6.000
  1940:       14.000       10.000        6.000        6.000        6.000
  1945:       19.000        6.000        6.000        6.000       25.000
  1950:       24.000       13.000        8.000        5.000       17.000
  1955:       18.000       14.000       10.000       19.000        6.000
  1960:        6.000        6.000        6.000        6.000        6.000
  1965:        6.000        6.000        6.000        6.000        6.000
  1970:        6.000        6.000        6.000        6.000        6.000
  1975:        6.000        6.000        6.000        6.000        6.000
  1980:        6.000        6.000       25.000       24.000       13.000
  1985:        8.000        5.000       17.000        6.000        6.000
  1990:       18.000       14.000       10.000       19.000       25.000
  1995:       24.000       13.000        8.000        5.000       17.000
  2000:       18.000       14.000       10.000       19.000        6.000
  2005:        6.000        6.000        6.000        6.000
T:
     0:        0.000        0.000        0.000        0.000        5.210
     5:        5.270       14.190       15.800       16.130       31.610
    10:       32.720       32.870       33.360       52.650       59.990
    15:       60.000       60.000       60.000       60.000       60.000
    20:       64.000       65.000       65.000       69.990      129.990
    25:      130.000      130.000      130.000      130.000      130.000
    30:      134.000      135.000      135.000      139.990      157.850
    35:      157.850      157.850      157.860      157.860      157.860
    40:      157.860      157.860      160.960      161.860      161.880
    45:      162.860      162.860      167.850      223.750      224.440
    50:      225.840      227.690      227.850      227.860      227.860
    55:      227.860      227.860      227.860      228.030      229.290
    60:      229.590      231.140      231.840      231.860      231.960
    65:      232.520      232.860      232.860      234.590      237.850
    70:      258.840      260.710      260.800      282.500      283.850
    75:      291.410      291.690      292.420      293.490      293.550
    80:      293.980      294.050      294.130      297.850      297.860
    85:      297.860      297.860      297.860      297.860      301.070
    90:      301.860      302.860      302.860      307.850      358.900
    95:      359.770      364.220      364.470      367.850      367.860
   100:      367.860      367.860      367.860      367.860      371.860
   105:      372.860      372.860      377.850      380.350      380.580
   110:      381.670      427.700      427.940      428.280      437.850
   115:      437.860      437.860      437.860      437.860      437.860
   120:      441.860      442.860      442.860      444.610      444.870
   125:      447.850      491.620      491.750      492.730      496.220
   130:      497.690      507.850      507.860      507.860      507.860
   135:      507.860      507.860      511.860      512.860      512.860
   140:      517.850      570.790      571.330      572.500      572.840
   145:      572.960      577.850      577.860      577.860      577.860
   150:      577.860      577.860      581.860      582.860      582.860
   155:      587.850      625.770      625.770      625.770      625.780
   160:      625.780      625.780      625.780      625.780      628.150
   165:      628.150      629.780      630.780      630.780      635.770
   170:      643.250      644.430      645.230      645.540      652.030
   175:      654.410      695.770      695.780      695.780      695.780
   180:      695.780      695.780      699.780      700.780      700.780
   185:      705.770      765.770      765.780      765.780      765.780
   190:      765.780      765.780      769.780      770.780      770.780
   195:      775.770      780.150      781.350      781.970      835.770
   200:      835.780      835.780      835.780      835.780      835.780
   205:      839.780      840.780      840.780      845.770      905.770
   210:      905.780      905.780      905.780      905.780      905.780
   215:      909.780      910.780      910.780      915.770      934.150
   220:      945.900      946.520      946.810      962.000      962.000
   225:      962.000      962.010      962.010      962.010      962.010
   230:      962.010      966.010      967.010      967.010      968.650
   235:      972.000      979.100      985.850      988.840      989.080
   240:     1001.290     1001.750     1002.180     1004.660     1007.440
   245:     1011.740     1011.880     1012.150     1013.160     1019.210
   250:     1021.470     1022.770     1025.210     1026.120     1026.410
   255:     1032.000     1032.010     1032.010     1032.010     1032.010
   260:     1032.010     1036.010     1037.010     1037.010     1042.000
   265:     1102.000     1102.010     1102.010     1102.010     1102.010
   270:     1102.010     1106.010     1107.010     1107.010     1112.000
   275:     1159.780     1159.940     1160.110     1161.760     1162.540
   280:     1163.140     1172.000     1172.010     1172.010     1172.010
   285:     1172.010     1172.010     1172.740     1173.480     1174.550
   290:     1175.040     1176.010     1177.010     1177.010     1182.000
   295:     1219.170     1240.390     1240.520     1241.490     1241.910
   300:     1242.000     1242.010     1242.010     1242.010     1242.010
   305:     1242.010     1243.110     1246.010     1247.010     1247.010
   310:     1252.000     1312.000     1312.010     1312.010     1312.010
   315:     1312.010     1312.010     1316.010     1317.010     1317.010
   320:     1322.000     1335.710     1336.190     1337.200     1337.360
   325:     1340.480     1377.180     1377.240     1378.360     1382.000
   330:     1382.010     1382.010     1382.010     1382.010     1382.010
   335:     1386.010     1387.010     1387.010     1392.000     1397.370
   340:     1397.370     1397.370     1397.380     1397.380     1397.380
   345:     1397.380     1397.380     1401.380     1402.380     1402.380
   350:     1407.370     1440.110     1440.330     1441.350     1441.570
   355:     1441.700     1441.850     1441.990     1449.400     1449.870
   360:     1450.000     1450.220     1450.630     1451.860     1455.580
   365:     1455.680     1455.710     1467.370     1467.380     1467.380
   370:     1467.380     1467.380     1467.380     1471.380     1472.380
   375:     1472.380     1477.370     1537.370     1537.380     1537.380
   380:     1537.380     1537.380     1537.380     1541.380     1542.380
   385:     1542.380     1547.370     1607.370     1607.380     1607.380
   390:     1607.380     1607.380     1607.380     1611.380     1612.380
   395:     1612.380     1617.370     1627.070     1627.070     1627.070
   400:     1627.080     1627.080     1627.080     1627.080     1627.080
   405:     1628.630     1628.630     1630.260     1630.260     1631.080
   410:     1632.080     1632.080     1637.070     1644.350     1645.860
   415:     1697.070     1697.080     1697.080     1697.080     1697.080
   420:     1697.080     1701.080     1702.080     1702.080     1707.070
   425:     1767.070     1767.080     1767.080     1767.080     1767.080
   430:     1767.080     1771.080     1772.080     1772.080     1777.070
   435:     1807.450     1825.520     1825.780     1829.900     1834.460
   440:     1835.610     1836.500     1837.070     1837.080     1837.080
   445:     1837.080     1837.080     1837.080     1837.600     1841.080
   450:     1842.080     1842.080     1842.970     1843.220     1846.940
   455:     1847.070     1848.630     1848.690     1848.710     1850.030
   460:     1852.010     1852.130     1862.480     1863.650     1867.990
   465:     1868.120     1907.070     1907.080     1907.080     1907.080
   470:     1907.080     1907.080     1911.080     1912.080     1912.080
   475:     1917.070     1952.580     1977.070     1977.080     1977.080
   480:     1977.080     1977.080     1977.080     1981.080     1982.080
   485:     1982.080     1987.070     2029.340     2029.460     2043.410
   490:     2043.410     2043.410     2043.420     2043.420     2043.420
   495:     2043.420     2043.420     2047.420     2048.420     2048.420
   500:     2053.410     2113.410     2113.420     2113.420     2113.420
   505:     2113.420     2113.420     2115.120     2115.600     2116.270
   510:     2117.420     2118.420     2118.420     2123.410     2142.620
   515:     2143.150     2143.730     2144.130     2145.770     2145.890
   520:     2145.950     2146.040     2149.260     2149.970     2150.810
   525:     2151.390     2183.410     2183.420     2183.420     2183.420
   530:     2183.420     2183.420     2187.420     2188.420     2188.420
   535:     2189.740     2189.930     2193.410     2253.410     2253.420
   540:     2253.420     2253.420     2253.420     2253.420     2257.420
   545:     2258.420     2258.420     2263.410     2323.410     2323.420
   550:     2323.420     2323.420     2323.420     2323.420     2327.420
   555:     2328.420     2328.420     2333.410     2337.520     2341.340
   560:     2344.700     2393.410     2393.420     2393.420     2393.420
   565:     2393.420     2393.420     2397.420     2398.420     2398.420
   570:     2403.410     2463.410     2463.420     2463.420     2463.420
   575:     2463.420     2463.420     2467.420     2468.420     2468.420
   580:     2473.410     2507.660     2512.450     2523.220     2526.830
   585:     2528.340     2529.510     2531.190     2531.200     2531.430
   590:     2532.090     2532.350     2533.140     2533.150     2533.410
   595:     2533.420     2533.420     2533.420     2533.420     2533.420
   600:     2534.500     2534.850     2537.420     2538.420     2538.420
   605:     2543.410     2603.410     2603.420     2603.420     2603.420
   610:     2603.420     2603.420     2607.420     2608.420     2608.420
   615:     2613.410     2630.590     2631.550     2635.280     2636.510
   620:     2673.410     2673.420     2673.420     2673.420     2673.420
   625:     2673.420     2677.420     2678.420     2678.420     2683.410
   630:     2743.410     2743.420     2743.420     2743.420     2743.420
   635:     2743.420     2747.420     2748.420     2748.420     2753.410
   640:     2793.070     2793.290     2793.820     2794.260     2801.190
   645:     2813.410     2813.420     2813.420     2813.420     2813.420
   650:     2813.420     2817.420     2818.420     2818.420     2823.410
   655:     2854.120     2855.810     2856.010     2856.290     2856.670
   660:     2858.350     2858.470     2858.780     2883.410     2883.420
   665:     2883.420     2883.420     2883.420     2883.420     2887.420
   670:     2888.420     2888.420     2893.410     2914.980     2953.410
   675:     2953.420     2953.420     2953.420     2953.420     2953.420
   680:     2956.140     2956.620     2957.420     2957.710     2958.420
   685:     2958.420     2963.410     3023.410     3023.420     3023.420
   690:     3023.420     3023.420     3023.420     3027.420     3028.420
   695:     3028.420     3033.410     3093.410     3093.420     3093.420
   700:     3093.420     3093.420     3093.420     3097.420     3098.420
   705:     3098.420     3103.410     3141.400     3143.070     3143.980
   710:     3144.890     3145.020     3145.640     3145.910     3145.980
   715:     3146.210     3147.850     3147.980     3151.350     3151.540
   720:     3151.860     3152.200     3153.260     3163.410     3163.420
   725:     3163.420     3163.420     3163.420     3163.420     3166.250
   730:     3166.250     3166.470     3166.470     3167.420     3168.420
   735:     3168.420     3173.410     3174.080     3174.080     3174.080
   740:     3174.090     3174.090     3174.090     3174.090     3174.090
   745:     3178.090     3179.040     3179.040     3179.090     3179.090
   750:     3184.080     3210.920     3211.130     3211.230     3211.640
   755:     3225.820     3244.080     3244.090     3244.090     3244.090
   760:     3244.090     3244.090     3248.090     3249.090     3249.090
   765:     3254.080     3314.080     3314.090     3314.090     3314.090
   770:     3314.090     3314.090     3318.090     3319.090     3319.090
   775:     3324.080     3342.240     3343.350     3344.320     3345.160
   780:     3346.310     3346.400     3346.420     3346.490     3346.560
   785:     3346.760     3347.350     3347.970     3384.080     3384.090
   790:     3384.090     3384.090     3384.090     3384.090     3388.090
   795:     3389.090     3389.090     3394.080     3405.670     3406.560
   800:     3409.270     3409.680     3444.790     3454.080     3454.090
   805:     3454.090     3454.090     3454.090     3454.090     3458.090
   810:     3459.090     3459.090     3464.080     3516.280     3518.220
   815:     3519.170     3522.590     3523.360     3524.080     3524.090
   820:     3524.090     3524.090     3524.090     3524.090     3524.260
   825:     3528.090     3529.090     3529.090     3531.730     3531.850
   830:     3533.360     3533.440     3533.550     3534.080     3534.930
   835:     3535.660     3538.000     3538.030     3550.180     3550.270
   840:     3550.620     3550.640     3553.180     3553.330     3554.500
   845:     3594.080     3594.090     3594.090     3594.090     3594.090
   850:     3594.090     3598.090     3599.090     3599.090     3604.080
   855:     3664.080     3664.090     3664.090     3664.090     3664.090
   860:     3664.090     3668.090     3669.090     3669.090     3674.080
   865:     3678.330     3678.410     3679.770     3680.070     3680.220
   870:     3680.490     3682.340     3683.020     3684.510     3694.040
   875:     3694.470     3734.080     3734.090     3734.090     3734.090
   880:     3734.090     3734.090     3738.090     3739.090     3739.090
   885:     3744.080     3761.890     3762.070     3762.250     3762.590
   890:     3762.910     3763.050     3763.500     3763.630     3765.680
   895:     3768.410     3768.880     3780.000     3804.080     3804.090
   900:     3804.090     3804.090     3804.090     3804.090     3808.090
   905:     3809.090     3809.090     3814.080     3821.520     3821.650
   910:     3823.000     3823.310     3827.580     3828.070     3829.640
   915:     3831.490     3831.920     3832.020     3832.120     3832.320
   920:     3832.550     3833.140     3837.230     3837.900     3840.220
   925:     3846.850     3846.850     3846.850     3846.860     3846.860
   930:     3846.860     3846.860     3846.860     3850.860     3851.860
   935:     3851.860     3856.850     3909.090     3916.850     3916.860
   940:     3916.860     3916.860     3916.860     3916.860     3920.860
   945:     3921.860     3921.860     3926.850     3932.540     3933.830
   950:     3934.400     3986.850     3986.860     3986.860     3986.860
   955:     3986.860     3986.860     3990.860     3991.860     3991.860
   960:     3996.850     4056.850     4056.860     4056.860     4056.860
   965:     4056.860     4056.860     4060.860     4061.860     4061.860
   970:     4066.850     4126.850     4126.860     4126.860     4126.860
   975:     4126.860     4126.860     4130.860     4131.860     4131.860
   980:     4136.850     4148.030     4148.410     4149.710     4149.930
   985:     4151.090     4151.670     4152.540     4154.180     4154.270
   990:     4154.700     4173.700     4174.140     4196.850     4196.860
   995:     4196.860     4196.860     4196.860     4196.860     4200.860
  1000:     4201.860     4201.860     4206.850     4244.240     4244.240
  1005:     4244.240     4244.250     4244.250     4244.250     4244.250
  1010:     4244.250     4248.250     4249.250     4249.250     4254.240
  1015:     4314.240     4314.250     4314.250     4314.250     4314.250
  1020:     4314.250     4318.250     4319.250     4319.250     4324.240
  1025:     4326.560     4326.730     4327.340     4328.160     4382.790
  1030:     4383.310     4384.240     4384.250     4384.250     4384.250
  1035:     4384.250     4384.250     4385.590     4388.250     4389.250
  1040:     4389.250     4394.240     4433.690     4434.340     4435.120
  1045:     4437.370     4438.940     4439.160     4439.740     4440.710
  1050:     4441.930     4442.670     4442.880     4442.960     4443.030
  1055:     4443.700     4443.830     4448.980     4450.200     4451.950
  1060:     4454.240     4454.250     4454.250     4454.250     4454.250
  1065:     4454.250     4458.250     4459.250     4459.250     4459.700
  1070:     4464.240     4477.590     4524.240     4524.250     4524.250
  1075:     4524.250     4524.250     4524.250     4528.250     4529.250
  1080:     4529.250     4534.240     4537.770     4539.720     4571.970
  1085:     4573.160     4573.510     4574.070     4576.300     4577.350
  1090:     4577.750     4577.930     4578.010     4579.150     4579.330
  1095:     4579.390     4579.430     4579.440     4580.420     4583.160
  1100:     4585.970     4586.010     4586.030     4589.010     4589.220
  1105:     4589.300     4589.380     4589.720     4592.910     4593.540
  1110:     4594.240     4594.250     4594.250     4594.250     4594.250
  1115:     4594.250     4595.460     4596.420     4597.670     4597.860
  1120:     4597.910     4598.140     4598.250     4598.580     4599.000
  1125:     4599.070     4599.200     4599.250     4599.250     4599.620
  1130:     4601.650     4601.710     4602.280     4602.640     4602.750
  1135:     4603.420     4604.240     4604.350     4604.980     4605.140
  1140:     4605.210     4606.130     4664.240     4664.250     4664.250
  1145:     4664.250     4664.250     4664.250     4668.250     4669.250
  1150:     4669.250     4674.240     4697.640     4697.760     4698.790
  1155:     4734.240     4734.250     4734.250     4734.250     4734.250
  1160:     4734.250     4738.250     4739.250     4739.250     4744.240
  1165:     4745.100     4745.210     4749.090     4765.700     4804.240
  1170:     4804.250     4804.250     4804.250     4804.250     4804.250
  1175:     4808.250     4809.250     4809.250     4814.240     4841.100
  1180:     4850.790     4874.240     4874.250     4874.250     4874.250
  1185:     4874.250     4874.250     4878.250     4879.250     4879.250
  1190:     4884.240     4911.890     4915.640     4915.820     4915.880
  1195:     4915.940     4916.490     4917.280     4918.130     4921.680
  1200:     4922.100     4944.240     4944.250     4944.250     4944.250
  1205:     4944.250     4944.250     4946.380     4948.250     4948.520
  1210:     4949.250     4949.250     4954.240     4958.310     4959.700
  1215:     5000.640     5014.240     5014.250     5014.250     5014.250
  1220:     5014.250     5014.250     5018.250     5019.250     5019.250
  1225:     5024.240     5028.460     5028.460     5028.460     5028.470
  1230:     5028.470     5028.470     5028.470     5028.470     5032.470
  1235:     5033.470     5033.470     5038.460     5097.370     5098.460
  1240:     5098.470     5098.470     5098.470     5098.470     5098.470
  1245:     5102.470     5103.470     5103.470     5104.500     5105.970
  1250:     5108.050     5108.460     5108.530     5108.630     5108.730
  1255:     5109.150     5111.680     5112.340     5113.890     5114.140
  1260:     5120.140     5121.750     5122.560     5123.330     5123.680
  1265:     5126.140     5126.620     5129.150     5129.460     5129.540
  1270:     5133.420     5137.200     5148.960     5149.170     5150.300
  1275:     5150.830     5150.950     5151.430     5151.790     5152.180
  1280:     5152.310     5154.050     5154.530     5155.270     5155.470
  1285:     5168.460     5168.470     5168.470     5168.470     5168.470
  1290:     5168.470     5172.470     5173.470     5173.470     5178.460
  1295:     5231.950     5232.210     5232.540     5233.310     5238.460
  1300:     5238.470     5238.470     5238.470     5238.470     5238.470
  1305:     5242.470     5243.470     5243.470     5248.460     5308.460
  1310:     5308.470     5308.470     5308.470     5308.470     5308.470
  1315:     5312.470     5313.470     5313.470     5318.460     5330.940
  1320:     5358.990     5359.840     5362.680     5363.260     5364.610
  1325:     5367.200     5369.560     5370.410     5378.460     5378.470
  1330:     5378.470     5378.470     5378.470     5378.470     5380.410
  1335:     5380.790     5382.470     5383.470     5383.470     5388.460
  1340:     5427.850     5428.450     5428.760     5434.070     5435.320
  1345:     5435.400     5436.500     5437.420     5438.270     5438.660
  1350:     5439.520     5439.810     5440.440     5440.920     5441.330
  1355:     5441.410     5441.500     5441.590     5441.670     5442.330
  1360:     5442.390     5442.460     5444.590     5445.120     5445.150
  1365:     5446.990     5447.280     5448.460     5448.470     5448.470
  1370:     5448.470     5448.470     5448.470     5448.480     5448.630
  1375:     5452.470     5453.470     5453.470     5458.460     5459.450
  1380:     5459.660     5460.510     5460.850     5460.900     5461.060
  1385:     5461.270     5461.330     5462.500     5462.670     5463.230
  1390:     5464.510     5464.670     5512.510     5512.670     5515.740
  1395:     5516.870     5518.460     5518.470     5518.470     5518.470
  1400:     5518.470     5518.470     5518.680     5518.740     5518.860
  1405:     5518.930     5520.610     5521.020     5521.660     5522.410
  1410:     5522.470     5523.470     5523.470     5523.750     5523.870
  1415:     5523.990     5524.060     5528.460     5566.320     5571.300
  1420:     5572.240     5572.450     5572.790     5573.070     5574.250
  1425:     5575.230     5579.910     5580.070     5584.010     5584.410
  1430:     5586.030     5588.460     5588.470     5588.470     5588.470
  1435:     5588.470     5588.470     5588.780     5588.890     5588.940
  1440:     5589.700     5589.740     5589.860     5592.470     5592.920
  1445:     5593.470     5593.470     5598.460     5601.570     5602.000
  1450:     5606.290     5658.460     5658.470     5658.470     5658.470
  1455:     5658.470     5658.470     5662.470     5663.470     5663.470
  1460:     5668.460     5728.460     5728.470     5728.470     5728.470
  1465:     5728.470     5728.470     5732.470     5733.470     5733.470
  1470:     5738.460     5750.720     5751.700     5759.100     5759.610
  1475:     5759.790     5760.010     5798.460     5798.470     5798.470
  1480:     5798.470     5798.470     5798.470     5802.470     5803.470
  1485:     5803.470     5808.460     5811.980     5867.360     5867.910
  1490:     5868.390     5868.440     5868.460     5868.470     5868.470
  1495:     5868.470     5868.470     5868.470     5868.920     5869.820
  1500:     5872.470     5873.470     5873.470     5878.460     5879.730
  1505:     5899.410     5899.800     5900.080     5903.560     5905.180
  1510:     5938.460     5938.470     5938.470     5938.470     5938.470
  1515:     5938.470     5941.520     5941.660     5941.820     5942.470
  1520:     5943.470     5943.470     5945.520     5945.740     5946.220
  1525:     5946.440     5947.240     5948.460     5957.120     5957.330
  1530:     5958.630     5959.930     5960.200     5994.760     5994.760
  1535:     5994.760     5994.770     5994.770     5994.770     5994.770
  1540:     5994.770     5998.590     5998.590     5998.770     5999.770
  1545:     5999.770     6004.760     6025.690     6064.760     6064.770
  1550:     6064.770     6064.770     6064.770     6064.770     6064.840
  1555:     6065.030     6065.570     6068.770     6069.770     6069.770
  1560:     6074.760     6094.770     6094.880     6095.030     6095.240
  1565:     6096.380     6097.860     6107.450     6134.760     6134.770
  1570:     6134.770     6134.770     6134.770     6134.770     6138.770
  1575:     6139.770     6139.770     6144.760     6195.790     6195.880
  1580:     6197.830     6204.760     6204.770     6204.770     6204.770
  1585:     6204.770     6204.770     6208.770     6209.770     6209.770
  1590:     6214.760     6218.530     6218.660     6218.860     6219.110
  1595:     6219.330     6220.860     6221.200     6221.280     6221.630
  1600:     6221.920     6222.290     6222.440     6222.580     6222.960
  1605:     6223.070     6260.110     6274.760     6274.770     6274.770
  1610:     6274.770     6274.770     6274.770     6278.770     6279.770
  1615:     6279.770     6284.760     6344.760     6344.770     6344.770
  1620:     6344.770     6344.770     6344.770     6348.770     6349.770
  1625:     6349.770     6354.760     6373.990     6374.870     6384.980
  1630:     6385.000     6386.010     6386.860     6387.050     6387.110
  1635:     6387.260     6387.300     6412.130     6412.360     6414.760
  1640:     6414.770     6414.770     6414.770     6414.770     6414.770
  1645:     6416.620     6418.770     6419.770     6419.770     6421.150
  1650:     6424.760     6426.210     6426.970     6427.260     6427.350
  1655:     6427.500     6427.550     6427.940     6428.670     6430.770
  1660:     6431.410     6431.630     6431.680     6434.140     6440.280
  1665:     6440.710     6440.890     6440.910     6441.030     6441.700
  1670:     6441.720     6442.170     6442.580     6443.010     6447.380
  1675:     6447.680     6454.100     6454.220     6484.760     6484.770
  1680:     6484.770     6484.770     6484.770     6484.770     6488.770
  1685:     6489.770     6489.770     6494.760     6554.640     6554.760
  1690:     6554.770     6554.770     6554.770     6554.770     6554.770
  1695:     6558.770     6559.770     6559.770     6564.760     6568.550
  1700:     6569.940     6580.770     6624.760     6624.770     6624.770
  1705:     6624.770     6624.770     6624.770     6628.770     6629.770
  1710:     6629.770     6634.760     6651.310     6651.390     6652.160
  1715:     6656.410     6694.760     6694.770     6694.770     6694.770
  1720:     6694.770     6694.770     6698.770     6699.770     6699.770
  1725:     6704.760     6725.170     6736.040     6741.430     6741.510
  1730:     6752.970     6753.840     6753.860     6754.140     6762.220
  1735:     6764.760     6764.770     6764.770     6764.770     6764.770
  1740:     6764.770     6764.850     6766.380     6767.650     6768.770
  1745:     6769.770     6769.770     6774.760     6786.430     6786.600
  1750:     6787.080     6792.430     6802.190     6802.400     6817.370
  1755:     6819.470     6819.650     6827.780     6830.310     6830.350
  1760:     6834.760     6834.770     6834.770     6834.770     6834.770
  1765:     6834.770     6838.770     6839.770     6839.770     6844.760
  1770:     6891.200     6904.760     6904.770     6904.770     6904.770
  1775:     6904.770     6904.770     6908.770     6909.770     6909.770
  1780:     6911.110     6911.530     6914.760     6930.420     6933.050
  1785:     6938.610     6953.240     6954.040     6963.720     6964.750
  1790:     6974.760     6974.770     6974.770     6974.770     6974.770
  1795:     6974.770     6978.770     6979.770     6979.770     6984.760
  1800:     6990.630     6990.900     6991.130     6991.250     6994.240
  1805:     6994.930     6995.360     6995.430     6996.420     6996.730
  1810:     7038.610     7044.760     7044.770     7044.770     7044.770
  1815:     7044.770     7044.770     7048.770     7049.770     7049.770
  1820:     7054.760     7114.760     7114.770     7114.770     7114.770
  1825:     7114.770     7114.770     7118.770     7119.550     7119.770
  1830:     7119.770     7119.790     7124.760     7133.980     7147.040
  1835:     7147.670     7148.480     7149.380     7151.330     7170.400
  1840:     7171.470     7172.700     7184.760     7184.770     7184.770
  1845:     7184.770     7184.770     7184.770     7188.770     7189.770
  1850:     7189.770     7194.760     7203.020     7205.680     7206.650
  1855:     7208.250     7208.270     7208.340     7208.710     7213.010
  1860:     7213.150     7221.250     7221.460     7223.540     7224.740
  1865:     7246.580     7247.500     7248.890     7250.190     7250.230
  1870:     7250.340     7250.500     7252.170     7252.560     7252.850
  1875:     7253.590     7254.370     7254.600     7254.760     7254.770
  1880:     7254.770     7254.770     7254.770     7254.770     7255.060
  1885:     7255.840     7256.080     7257.220     7257.310     7257.520
  1890:     7257.690     7258.770     7259.660     7259.770     7259.770
  1895:     7259.770     7259.980     7260.460     7264.760     7324.760
  1900:     7324.770     7324.770     7324.770     7324.770     7324.770
  1905:     7328.770     7329.770     7329.770     7334.760     7394.760
  1910:     7394.770     7394.770     7394.770     7394.770     7394.770
  1915:     7398.770     7399.770     7399.770     7404.760     7432.760
  1920:     7433.780     7434.230     7464.760     7464.770     7464.770
  1925:     7464.770     7464.770     7464.770     7468.770     7469.770
  1930:     7469.770     7474.760     7534.760     7534.770     7534.770
  1935:     7534.770     7534.770     7534.770     7538.770     7539.630
  1940:     7539.770     7539.770     7539.840     7540.150     7540.720
  1945:     7544.760     7602.510     7602.660     7603.370     7604.760
  1950:     7604.770     7604.770     7604.770     7604.770     7604.770
  1955:     7608.770     7609.770     7609.770     7614.760     7636.780
  1960:     7637.710     7638.430     7638.780     7659.590     7659.830
  1965:     7661.740     7661.960     7663.050     7666.490     7667.320
  1970:     7672.100     7672.230     7672.380     7672.510     7673.260
  1975:     7673.640     7673.680     7673.960     7674.040     7674.420
  1980:     7674.550     7674.610     7674.760     7674.770     7674.770
  1985:     7674.770     7674.770     7674.770     7676.050     7676.620
  1990:     7678.770     7679.770     7679.770     7684.760     7744.760
  1995:     7744.770     7744.770     7744.770     7744.770     7744.770
  2000:     7748.770     7749.770     7749.770     7754.760     7762.270
  2005:     7762.450     7767.320     7770.660     7775.000
