File: C:\MED-PC IV\DATA\!2025-09-03_16h44m.Subject T25



Start Date: 09/03/25
End Date: 09/03/25
Subject: T25
Experiment: OralFentSA
Group: One
Box: 8
Start Time: 16:44:48
End Time: 19:44:49
MSN: Golden_Liq_SelfAdmin_LIT
F:       0.000
G:    1307.000
H:   10800.010
I:       0.000
J:       0.000
K:       0.000
L:       0.000
M:       0.000
N:       0.000
O:       0.000
P:       0.000
Q:       0.000
R:       0.000
S:       0.000
U:       0.000
V:       0.000
W:       0.000
X:       0.000
Y:       0.000
Z:       0.000
A:
     0:        0.000        0.000      180.000        4.000        0.000
     5:        5.000        0.000        5.000        0.000        0.000
    10:        1.000        0.000       10.000 180000000.00       20.000
    15:       13.000      320.000        0.000        0.000        0.000
    20:        0.000
B:
     0:        0.000        0.000        0.000      400.000        0.000
     5:      500.000        0.000      500.000        0.000        0.000
    10:        0.000        0.000     1000.000 18000000000.        0.000
    15:        0.000        0.000        0.000        0.000        0.000
    20:        0.000
C:
     0:        4.000        5.000        0.000        4.000     1252.000
     5:     7818.580        2.530        4.000       37.490        9.372
    10:        4.000        3.000        0.000        0.000        0.000
    15:        0.000        0.000        0.000        0.000        0.000
    20:        0.000
D:
     0:        6.980       24.970        3.010        2.530
E:
     0:       19.000       11.000       26.000       27.000        6.000
     5:        6.000        6.000        6.000        6.000        6.000
    10:        6.000        6.000        6.000        2.000        4.000
    15:       22.000       24.000       13.000        8.000        5.000
    20:       17.000       18.000       14.000       10.000        6.000
    25:        6.000        6.000        6.000       19.000        6.000
    30:        6.000        6.000        6.000        6.000        6.000
    35:        6.000        6.000        6.000        6.000        6.000
    40:        2.000        4.000       22.000       24.000       13.000
    45:        8.000        5.000       17.000       18.000       14.000
    50:       10.000       23.000       19.000        6.000        6.000
    55:        6.000        6.000        6.000        6.000        6.000
    60:        6.000        6.000        6.000        6.000        6.000
    65:        6.000        6.000        6.000        6.000        6.000
    70:        6.000        6.000        6.000        6.000        6.000
    75:        6.000        6.000        6.000        6.000        2.000
    80:        4.000       22.000       24.000       13.000        8.000
    85:        5.000       17.000        6.000       18.000       14.000
    90:       10.000        6.000        6.000        6.000       19.000
    95:        6.000        6.000        6.000        6.000        6.000
   100:        6.000        6.000        6.000        6.000        6.000
   105:        6.000        6.000        6.000        6.000        6.000
   110:        6.000        6.000        6.000        6.000        6.000
   115:        6.000        6.000        6.000        6.000        6.000
   120:        6.000        6.000        6.000        6.000        6.000
   125:        6.000        6.000        6.000        6.000        6.000
   130:        6.000        6.000        6.000        6.000        6.000
   135:        6.000        6.000        6.000        6.000        6.000
   140:        6.000        6.000        6.000        6.000        6.000
   145:        6.000        6.000        6.000        6.000        6.000
   150:        6.000        6.000        6.000        6.000        6.000
   155:        6.000        6.000        6.000        6.000        6.000
   160:        6.000        6.000        6.000        6.000        6.000
   165:        6.000        6.000        6.000        6.000        6.000
   170:        6.000        6.000        6.000        6.000        6.000
   175:        6.000        6.000        6.000        6.000        6.000
   180:        6.000        6.000        6.000        6.000        6.000
   185:        6.000        6.000        6.000        6.000        6.000
   190:        6.000        6.000        6.000        6.000        6.000
   195:        6.000        6.000        6.000        6.000        6.000
   200:        6.000        6.000        6.000        6.000        6.000
   205:        6.000        6.000        6.000        6.000        6.000
   210:        6.000        6.000        6.000        6.000        6.000
   215:        6.000        6.000       23.000        6.000        6.000
   220:        6.000        6.000        6.000        6.000        6.000
   225:        6.000        6.000        6.000        6.000        6.000
   230:        6.000        6.000        6.000        6.000        6.000
   235:        6.000        6.000        6.000        6.000        6.000
   240:        6.000        6.000        6.000        6.000        6.000
   245:        6.000        6.000        6.000        6.000        6.000
   250:        6.000        6.000        6.000        6.000        6.000
   255:        6.000        6.000        6.000        6.000        6.000
   260:        6.000        6.000        6.000        6.000        6.000
   265:        6.000        6.000        6.000        6.000        6.000
   270:        6.000        6.000        6.000        6.000        6.000
   275:        6.000        6.000        6.000        6.000        6.000
   280:        6.000        6.000        6.000        6.000        6.000
   285:        6.000        6.000        6.000        6.000        6.000
   290:        6.000        6.000        6.000        6.000        6.000
   295:        6.000        6.000        6.000        6.000        6.000
   300:        6.000        6.000        6.000        6.000        6.000
   305:        6.000        6.000        6.000        6.000        6.000
   310:        6.000        6.000        6.000        6.000        6.000
   315:        6.000        6.000        6.000        6.000        6.000
   320:        6.000        6.000        6.000        6.000        6.000
   325:        6.000       23.000        6.000        6.000        6.000
   330:        6.000        6.000        6.000        6.000        6.000
   335:        6.000        6.000        6.000        6.000        6.000
   340:        6.000        6.000        6.000        6.000        6.000
   345:        6.000        6.000        6.000        6.000        6.000
   350:        6.000        6.000        6.000        6.000        6.000
   355:        6.000        6.000        6.000        6.000        6.000
   360:        6.000        6.000        6.000        6.000        6.000
   365:        6.000        6.000        6.000        6.000        6.000
   370:        6.000        6.000        6.000        6.000        6.000
   375:        6.000        6.000        6.000        6.000        6.000
   380:        6.000        6.000        6.000        6.000        6.000
   385:        6.000        6.000        6.000        6.000        6.000
   390:        6.000        6.000        6.000        6.000        6.000
   395:        6.000        6.000        6.000        6.000        6.000
   400:        6.000        6.000        6.000        6.000        6.000
   405:        6.000        6.000        6.000        6.000        6.000
   410:        6.000        6.000        6.000        6.000        6.000
   415:        6.000        6.000        6.000        6.000        6.000
   420:        6.000        6.000        6.000        6.000        6.000
   425:        6.000        6.000        6.000        6.000        6.000
   430:        6.000        6.000        6.000        6.000        6.000
   435:        6.000        6.000        6.000        6.000        6.000
   440:        6.000        6.000        6.000        6.000        6.000
   445:        6.000        6.000        6.000        6.000        6.000
   450:        6.000        6.000        6.000        6.000        6.000
   455:        6.000        6.000        6.000        6.000        6.000
   460:        6.000        6.000        6.000        6.000        6.000
   465:        6.000        6.000        6.000        6.000        6.000
   470:        6.000        6.000        6.000        6.000        6.000
   475:        6.000        6.000        6.000        6.000        6.000
   480:        6.000        6.000        6.000        6.000        6.000
   485:        6.000        6.000        6.000        6.000        6.000
   490:        6.000        6.000        6.000        6.000        6.000
   495:        6.000        6.000        6.000        6.000        6.000
   500:        6.000        6.000        6.000        6.000        6.000
   505:        6.000        6.000        6.000        6.000        6.000
   510:        6.000        6.000        6.000        6.000        6.000
   515:        6.000        6.000        6.000        6.000        6.000
   520:        6.000        6.000        6.000        6.000        6.000
   525:        6.000        6.000        6.000        6.000        6.000
   530:        6.000        6.000        6.000        6.000        6.000
   535:        6.000        6.000        6.000        6.000        6.000
   540:        6.000        6.000        6.000        6.000        6.000
   545:        6.000        6.000        6.000        6.000        6.000
   550:        6.000        6.000        6.000        6.000        6.000
   555:        6.000        6.000        6.000        6.000        6.000
   560:        6.000        6.000        6.000        6.000        6.000
   565:        6.000        6.000        6.000        6.000        6.000
   570:        6.000        6.000        6.000        6.000        6.000
   575:        6.000        6.000        6.000        6.000        6.000
   580:        6.000        6.000        6.000        6.000        6.000
   585:        6.000        6.000        6.000        6.000        6.000
   590:        6.000        6.000        6.000        6.000        6.000
   595:        6.000        6.000        6.000        6.000        6.000
   600:        6.000        6.000        6.000        6.000        6.000
   605:        6.000        6.000        6.000        6.000        6.000
   610:        6.000        6.000        6.000        6.000        6.000
   615:        6.000        6.000        6.000        6.000        6.000
   620:        6.000        6.000        6.000        6.000        6.000
   625:        6.000        6.000        6.000        6.000        6.000
   630:        6.000        6.000        6.000        6.000        6.000
   635:        6.000        6.000        6.000        6.000        6.000
   640:        6.000        6.000        6.000        6.000        6.000
   645:        6.000        6.000        6.000        6.000        6.000
   650:        6.000        6.000        6.000        6.000        6.000
   655:        6.000        6.000        6.000        6.000        6.000
   660:        6.000        6.000        6.000        6.000        6.000
   665:        6.000        6.000        6.000        6.000        6.000
   670:        6.000        6.000        6.000        6.000        6.000
   675:        6.000        6.000        6.000        6.000        6.000
   680:        6.000        6.000        6.000        6.000        6.000
   685:        6.000        6.000        6.000        6.000        6.000
   690:        6.000        6.000        6.000        6.000        6.000
   695:        6.000        6.000        6.000        6.000        6.000
   700:        6.000        6.000        6.000        6.000        6.000
   705:        6.000        6.000        2.000        4.000       22.000
   710:       24.000       13.000        8.000        5.000       17.000
   715:        6.000       18.000       14.000       10.000        6.000
   720:       19.000        6.000        6.000        6.000        6.000
   725:        6.000        6.000        6.000        6.000        6.000
   730:        6.000        6.000        6.000        6.000        6.000
   735:        6.000        6.000        6.000        6.000        6.000
   740:        6.000        6.000        6.000        6.000        6.000
   745:        6.000        6.000        6.000        6.000        6.000
   750:        6.000        6.000        6.000        6.000        6.000
   755:        6.000        6.000        6.000        6.000        6.000
   760:        6.000        6.000        6.000        6.000        6.000
   765:        6.000        6.000        6.000        6.000        6.000
   770:        6.000        6.000        6.000        6.000        6.000
   775:        6.000        6.000        6.000        6.000        6.000
   780:        6.000        6.000        6.000        6.000        6.000
   785:        6.000        6.000        6.000        6.000        6.000
   790:        6.000        6.000        6.000        6.000        6.000
   795:        6.000        6.000        6.000        6.000        6.000
   800:        6.000        6.000        6.000        6.000        6.000
   805:        6.000        6.000        6.000        6.000        6.000
   810:        6.000        6.000        6.000        6.000        6.000
   815:        6.000        6.000        6.000        6.000        6.000
   820:        6.000        6.000        6.000        6.000        6.000
   825:        6.000        6.000        6.000        6.000        6.000
   830:        6.000        6.000        6.000        6.000        6.000
   835:        6.000        6.000        6.000        6.000        6.000
   840:        6.000        6.000        6.000        6.000        6.000
   845:        6.000        6.000        6.000        6.000        6.000
   850:        6.000        6.000        6.000        6.000        6.000
   855:        6.000        6.000        6.000        6.000        6.000
   860:        6.000        6.000        6.000        6.000        6.000
   865:        6.000        6.000        6.000        6.000        6.000
   870:        6.000        6.000        6.000        6.000        6.000
   875:        6.000        6.000        6.000        6.000        6.000
   880:        6.000        6.000        6.000        6.000        6.000
   885:        6.000        6.000        6.000        6.000        6.000
   890:        6.000        6.000        6.000        6.000        6.000
   895:        6.000        6.000        6.000        6.000        6.000
   900:        6.000        6.000        6.000        6.000        6.000
   905:        6.000        6.000        6.000        6.000        6.000
   910:        6.000        6.000        6.000        6.000        6.000
   915:        6.000        6.000        6.000        6.000        6.000
   920:        6.000        6.000        6.000        6.000        6.000
   925:        6.000        6.000        6.000        6.000        6.000
   930:        6.000        6.000        6.000        6.000        6.000
   935:        6.000        6.000        6.000        6.000        6.000
   940:        6.000        6.000        6.000        6.000        6.000
   945:        6.000        6.000        6.000        6.000        6.000
   950:        6.000        6.000        6.000        6.000        6.000
   955:        6.000        6.000        6.000        6.000        6.000
   960:        6.000        6.000        6.000        6.000        6.000
   965:        6.000        6.000        6.000        6.000        6.000
   970:        6.000        6.000        6.000        6.000        6.000
   975:        6.000        6.000        6.000        6.000        6.000
   980:        6.000        6.000        6.000        6.000        6.000
   985:        6.000        6.000        6.000        6.000        6.000
   990:        6.000        6.000        6.000        6.000        6.000
   995:        6.000        6.000        6.000        6.000        6.000
  1000:        6.000        6.000        6.000        6.000        6.000
  1005:        6.000        6.000        6.000        6.000        6.000
  1010:        6.000        6.000        6.000        6.000        6.000
  1015:        6.000        6.000        6.000        6.000        6.000
  1020:        6.000        6.000        6.000        6.000        6.000
  1025:        6.000        6.000        6.000        6.000        6.000
  1030:        6.000        6.000        6.000        6.000        6.000
  1035:        6.000        6.000        6.000        6.000        6.000
  1040:        6.000        6.000        6.000        6.000        6.000
  1045:        6.000        6.000        6.000        6.000        6.000
  1050:        6.000        6.000        6.000        6.000        6.000
  1055:        6.000        6.000        6.000        6.000        6.000
  1060:        6.000        6.000        6.000        6.000        6.000
  1065:        6.000        6.000        6.000        6.000        6.000
  1070:        6.000        6.000        6.000        6.000        6.000
  1075:        6.000        6.000        6.000        6.000        6.000
  1080:        6.000        6.000        6.000        6.000        6.000
  1085:        6.000        6.000        6.000        6.000        6.000
  1090:        6.000        6.000        6.000        6.000        6.000
  1095:        6.000        6.000        6.000        6.000        6.000
  1100:        6.000        6.000        6.000        6.000        6.000
  1105:        6.000        6.000        6.000        6.000        6.000
  1110:        6.000        6.000        6.000        6.000        6.000
  1115:        6.000        6.000        6.000        6.000        6.000
  1120:        6.000        6.000        6.000        6.000        6.000
  1125:        6.000        6.000        6.000        6.000        6.000
  1130:        6.000        6.000        6.000        6.000        6.000
  1135:        6.000        6.000        6.000        6.000        6.000
  1140:        6.000        6.000        6.000        6.000        6.000
  1145:        6.000        6.000        6.000        6.000        6.000
  1150:        6.000        6.000        6.000        6.000        6.000
  1155:        6.000        6.000        6.000        6.000        6.000
  1160:        6.000        6.000        6.000        6.000        6.000
  1165:        6.000        6.000        6.000        6.000        6.000
  1170:        6.000        6.000        6.000        6.000        6.000
  1175:        6.000        6.000        6.000        6.000        6.000
  1180:        6.000        6.000        6.000        6.000        6.000
  1185:        6.000        6.000        6.000        6.000        6.000
  1190:        6.000        6.000        6.000        6.000        6.000
  1195:        6.000        6.000        6.000        6.000        6.000
  1200:        6.000        6.000        6.000        6.000        6.000
  1205:        6.000        6.000        6.000        6.000        6.000
  1210:        6.000        6.000        6.000        6.000        6.000
  1215:        6.000        6.000        6.000        6.000        6.000
  1220:        6.000        6.000        6.000        6.000        6.000
  1225:        6.000        6.000        6.000        6.000        6.000
  1230:        6.000        6.000        6.000        6.000        6.000
  1235:        6.000        6.000        6.000        6.000        6.000
  1240:        6.000        6.000        6.000        6.000        6.000
  1245:        6.000        6.000        6.000        6.000        6.000
  1250:        6.000        6.000        6.000        6.000        6.000
  1255:        6.000        6.000        6.000        6.000        6.000
  1260:        6.000        6.000        6.000        6.000        6.000
  1265:        6.000        6.000        6.000        6.000        6.000
  1270:        6.000        6.000        6.000        6.000        6.000
  1275:        6.000        6.000        6.000        6.000        6.000
  1280:        6.000        6.000        6.000        6.000        6.000
  1285:        6.000        6.000        6.000        6.000        6.000
  1290:        6.000        6.000        6.000        6.000        6.000
  1295:        6.000        6.000        6.000        6.000        6.000
  1300:        6.000        6.000        6.000        6.000        6.000
  1305:        6.000        6.000      100.000
T:
     0:        0.000        0.000        0.000        0.000        5.030
     5:        9.020        9.080       12.420       34.460       38.940
    10:       39.100       43.350       43.470       61.280       61.280
    15:       61.280       61.290       61.290       61.290       61.290
    20:       61.290       65.290       66.290       66.290       68.270
    25:       68.380       68.470       70.510       71.280       72.140
    30:       72.540       78.780       86.530       86.900       86.950
    35:       87.190       87.330       87.420       87.480      104.190
    40:      113.070      113.070      113.070      113.080      113.080
    45:      113.080      113.080      113.080      117.080      118.080
    50:      118.080      122.050      123.070      138.050      209.920
    55:      210.530      214.290      216.390      218.100      221.660
    60:      222.600      233.550      233.600      258.850      259.430
    65:      260.140      266.480      266.990      267.340      267.630
    70:      287.580      287.680      287.760      287.870      288.000
    75:      313.630      313.950      325.350      328.830      331.860
    80:      331.860      331.860      331.870      331.870      331.870
    85:      331.870      331.870      334.880      335.870      336.870
    90:      336.870      337.680      337.720      337.800      341.860
    95:      366.870      367.840      374.690      374.770      378.040
   100:      382.750      383.570      384.440      393.130      393.210
   105:      393.230      398.150      403.780      403.840      406.670
   110:      406.870      407.100      407.160      411.120      411.200
   115:      411.350      414.520      414.590      419.510      419.550
   120:      424.330      424.530      430.370      441.720      442.110
   125:      442.450      467.000      520.760      521.150      522.440
   130:      522.810      522.820      527.560      577.620      578.130
   135:      579.280      750.260      751.410      751.490      752.660
   140:      752.730      773.120      847.960      891.030      891.550
   145:     1074.410     1169.800     1170.410     1171.660     1189.630
   150:     1190.320     1191.580     1192.220     1192.290     1192.870
   155:     1194.410     1195.450     1195.660     1197.470     1198.430
   160:     1198.460     1198.870     1200.620     1229.700     1230.580
   165:     1232.370     1242.840     1272.140     1274.480     1289.660
   170:     1290.840     1354.330     1379.140     1485.070     1485.110
   175:     1489.840     1491.170     1494.580     1499.560     1517.420
   180:     1538.250     1538.490     1576.340     1581.380     1635.050
   185:     1636.070     1639.240     1640.190     1644.250     1669.180
   190:     1731.210     1731.240     1733.560     1774.820     1775.060
   195:     1808.410     1838.020     1850.960     1867.210     1924.480
   200:     1930.710     1965.570     1979.820     2038.160     2107.330
   205:     2191.810     2267.410     2267.570     2269.280     2271.360
   210:     2320.380     2359.010     2360.160     2373.240     2396.750
   215:     2397.250     2397.720     2405.890     2422.190     2422.280
   220:     2422.450     2422.610     2422.840     2461.270     2480.500
   225:     2503.710     2503.900     2504.080     2504.580     2508.580
   230:     2509.180     2509.200     2509.570     2517.870     2521.160
   235:     2521.170     2521.280     2525.850     2527.080     2529.940
   240:     2531.760     2533.400     2533.460     2537.170     2538.070
   245:     2538.230     2546.410     2547.780     2548.790     2549.270
   250:     2601.720     2605.490     2605.810     2606.300     2611.020
   255:     2612.320     2620.040     2629.890     2629.940     2630.560
   260:     2633.220     2634.090     2634.260     2642.600     2642.640
   265:     2646.250     2647.230     2647.590     2653.380     2654.630
   270:     2654.750     2659.440     2659.820     2659.940     2660.750
   275:     2660.920     2665.820     2666.360     2666.690     2666.820
   280:     2667.190     2668.280     2669.020     2670.790     2670.830
   285:     2670.850     2671.620     2674.940     2675.220     2675.330
   290:     2675.550     2675.590     2675.690     2676.240     2677.060
   295:     2677.410     2677.540     2707.840     2714.280     2717.610
   300:     2718.210     2718.340     2718.410     2719.120     2720.480
   305:     2745.270     2763.880     2778.450     2873.040     2901.070
   310:     2902.310     2904.270     2906.420     2906.770     2936.070
   315:     2939.190     2950.740     2978.630     2979.050     2983.660
   320:     2984.670     2988.010     2988.550     2997.790     3079.980
   325:     3080.020     3132.980     3282.790     3283.120     3291.500
   330:     3305.950     3438.850     3440.730     3443.210     3461.450
   335:     3475.960     3511.490     3529.430     3578.990     3587.560
   340:     3588.180     3655.610     3655.960     3656.070     3656.090
   345:     3656.910     3657.000     3661.490     3672.190     3675.620
   350:     3679.590     3682.220     3722.120     3723.460     3771.210
   355:     3771.460     3782.090     3782.790     3782.820     3782.910
   360:     3792.320     3794.160     3798.290     3801.990     3803.010
   365:     3804.310     3804.930     3877.060     3879.170     3901.440
   370:     3901.660     3901.670     3901.750     3901.840     3905.760
   375:     3905.990     3906.620     3920.200     3920.720     3920.870
   380:     3939.680     3949.380     3954.770     3959.740     3960.680
   385:     3961.000     3961.030     3963.400     3963.480     3963.600
   390:     3963.710     3963.870     3967.180     3967.340     3967.450
   395:     3967.770     3967.910     3968.020     3971.790     3972.520
   400:     3976.380     3976.420     3976.690     3979.520     3980.180
   405:     3981.400     3982.770     3982.950     3983.520     3984.370
   410:     3985.000     3985.120     3985.270     3985.350     3985.850
   415:     3997.230     4002.210     4003.930     4005.420     4007.190
   420:     4008.950     4016.850     4019.190     4021.300     4045.700
   425:     4045.890     4049.280     4121.450     4137.480     4138.580
   430:     4165.680     4171.240     4268.270     4316.880     4317.170
   435:     4340.850     4383.460     4393.120     4400.460     4401.020
   440:     4401.190     4443.310     4500.590     4500.720     4505.820
   445:     4505.960     4506.530     4514.510     4532.130     4532.750
   450:     4534.410     4534.460     4535.630     4538.390     4549.930
   455:     4627.500     4717.140     4775.050     4783.220     4786.640
   460:     4803.550     4804.300     4937.650     4939.560     4942.380
   465:     4945.410     4949.070     4949.160     4950.380     4953.920
   470:     4960.950     4961.100     4964.030     4967.780     4969.350
   475:     4969.420     4988.440     4988.710     4990.580     4991.120
   480:     4996.340     5006.190     5007.890     5009.200     5010.490
   485:     5012.990     5015.970     5016.460     5020.830     5021.440
   490:     5024.180     5024.210     5024.250     5024.420     5025.090
   495:     5030.830     5035.160     5035.570     5035.710     5040.100
   500:     5041.040     5042.270     5045.350     5045.630     5047.340
   505:     5047.420     5047.630     5047.750     5047.780     5047.940
   510:     5069.870     5070.030     5070.140     5173.930     5176.740
   515:     5177.170     5214.630     5214.650     5215.990     5216.020
   520:     5216.080     5381.800     5381.850     5383.490     5383.590
   525:     5383.700     5426.100     5513.070     5532.690     5532.890
   530:     5562.830     5566.160     5631.220     5882.250     5884.600
   535:     5884.730     5884.840     5885.550     5885.590     5952.220
   540:     5966.920     5983.890     5984.290     5984.900     5990.490
   545:     5990.950     5995.430     5999.430     5999.470     5999.540
   550:     5999.810     6004.460     6033.220     6034.980     6035.370
   555:     6079.800     6132.310     6210.240     6211.180     6214.540
   560:     6215.580     6305.910     6307.830     6380.550     6390.260
   565:     6398.060     6399.240     6400.780     6401.130     6401.310
   570:     6404.180     6404.640     6405.190     6409.590     6411.090
   575:     6411.650     6413.720     6418.850     6603.470     6603.910
   580:     6617.530     6618.340     6618.780     6620.990     6635.080
   585:     6659.120     6659.780     6660.970     6661.000     6664.780
   590:     6684.170     6689.290     6711.960     6712.130     6712.260
   595:     6719.490     6719.600     6722.860     6727.360     6731.200
   600:     6731.590     6736.000     6737.010     6738.370     6738.720
   605:     6741.130     6743.340     6743.650     6749.090     6754.840
   610:     6755.460     6755.610     6755.710     6756.230     6756.410
   615:     6756.640     6756.800     6757.050     6757.180     6757.290
   620:     6758.210     6760.940     6761.410     6767.970     6860.870
   625:     6861.160     6866.250     6866.350     6866.480     6867.010
   630:     6867.250     6867.470     6870.050     6870.670     6873.530
   635:     6874.760     6874.790     6874.830     6875.000     6877.560
   640:     6942.880     6943.140     7006.400     7053.860     7054.460
   645:     7054.490     7054.500     7058.780     7069.790     7095.750
   650:     7146.090     7146.440     7146.570     7159.880     7163.990
   655:     7318.540     7323.530     7456.340     7456.670     7463.610
   660:     7464.500     7468.100     7469.450     7471.080     7497.230
   665:     7511.510     7514.850     7515.290     7516.020     7522.520
   670:     7523.620     7528.470     7529.270     7533.420     7537.720
   675:     7537.970     7540.330     7629.120     7636.880     7642.260
   680:     7642.550     7643.610     7643.770     7643.890     7643.980
   685:     7646.220     7652.010     7653.830     7656.490     7657.340
   690:     7661.020     7664.660     7669.380     7670.710     7671.360
   695:     7675.570     7676.600     7678.620     7678.680     7678.970
   700:     7793.940     7802.390     7805.360     7805.730     7810.370
   705:     7811.570     7812.720     7818.570     7818.570     7818.570
   710:     7818.580     7818.580     7818.580     7818.580     7818.580
   715:     7821.110     7822.580     7823.580     7823.580     7826.760
   720:     7828.570     7830.080     7834.740     7842.440     7853.150
   725:     7854.160     7857.780     7857.920     7860.380     7861.250
   730:     7890.460     7891.010     7891.920     7892.350     7897.350
   735:     7897.520     7897.670     7898.610     7904.800     7905.110
   740:     7906.340     7906.550     7906.660     7906.910     7909.710
   745:     7919.930     7920.050     7921.430     7925.930     7927.300
   750:     7927.340     7927.350     7928.990     7929.350     7933.510
   755:     7934.410     7935.300     7944.450     7964.160     7965.160
   760:     7966.090     8004.680     8005.680     8005.700     8005.750
   765:     8006.620     8008.250     8011.280     8021.090     8023.900
   770:     8024.620     8061.020     8063.700     8066.530     8068.060
   775:     8068.220     8069.950     8070.920     8072.920     8094.510
   780:     8097.290     8099.590     8101.350     8101.420     8130.480
   785:     8138.460     8139.740     8141.560     8226.880     8227.080
   790:     8231.170     8231.200     8232.250     8236.470     8238.070
   795:     8238.970     8239.010     8239.030     8416.120     8416.390
   800:     8416.850     8417.900     8422.600     8423.190     8424.170
   805:     8424.620     8427.010     8428.860     8434.220     8436.090
   810:     8436.120     8436.750     8438.000     8438.200     8438.240
   815:     8481.180     8481.630     8482.580     8677.520     8681.850
   820:     8682.050     8682.110     8682.310     8682.820     8683.530
   825:     8683.690     8684.090     8687.060     8688.120     8688.770
   830:     8695.070     8695.530     8695.540     8696.220     8698.970
   835:     8699.070     8699.100     8699.120     8769.960     8788.950
   840:     8789.550     8789.660     8789.730     8789.800     8790.780
   845:     8792.130     8807.110     8808.400     8822.210     8825.290
   850:     8825.820     8825.930     8831.500     8833.590     8833.780
   855:     8835.540     8837.370     8837.470     8861.360     8873.810
   860:     8874.430     8875.240     8876.530     8883.150     8889.340
   865:     8889.860     8890.510     8890.690     8890.830     8890.850
   870:     8892.580     8892.990     8893.260     8895.620     8895.650
   875:     8895.900     8897.250     8900.420     8901.650     8902.750
   880:     8902.820     8905.600     8905.770     8906.820     8906.850
   885:     8906.950     8907.770     8908.220     8908.290     8908.720
   890:     8910.940     8913.390     8913.620     8913.700     8914.100
   895:     8914.520     8958.630     8963.620     8963.700     8965.840
   900:     8966.000     8966.160     8966.490     8966.570     8966.610
   905:     8967.160     8968.340     8968.620     8968.710     8969.300
   910:     8969.980     8970.940     8970.980     8974.480     8974.580
   915:     8975.770     8975.850     8978.140     8978.270     8978.330
   920:     9004.470     9041.560     9041.600     9045.710     9045.770
   925:     9045.840     9045.860     9048.260     9048.390     9054.000
   930:     9054.220     9055.100     9056.290     9056.800     9057.970
   935:     9058.200     9063.110     9063.430     9063.740     9064.290
   940:     9115.790     9143.430     9144.240     9145.490     9146.220
   945:     9175.150     9179.650     9181.020     9181.140     9181.190
   950:     9186.890     9193.370     9220.070     9220.600     9221.560
   955:     9223.120     9228.280     9229.470     9232.010     9248.600
   960:     9250.300     9253.440     9275.490     9276.610     9282.370
   965:     9282.810     9282.900     9284.880     9297.020     9299.490
   970:     9301.380     9301.630     9302.510     9326.680     9327.900
   975:     9328.020     9337.980     9340.670     9341.570     9342.620
   980:     9342.950     9344.270     9349.300     9400.120     9400.320
   985:     9407.940     9408.240     9410.010     9410.020     9415.310
   990:     9420.720     9424.780     9431.010     9432.870     9434.330
   995:     9437.940     9438.470     9439.320     9443.010     9444.600
  1000:     9550.650     9605.490     9606.670     9606.970     9610.270
  1005:     9611.380     9611.480     9611.530     9613.900     9613.980
  1010:     9614.650     9614.680     9614.770     9614.830     9617.850
  1015:     9617.960     9618.100     9619.310     9619.870     9619.900
  1020:     9620.060     9620.080     9620.110     9620.210     9621.790
  1025:     9622.150     9622.680     9622.900     9623.240     9628.580
  1030:     9634.610     9634.780     9635.010     9635.370     9635.390
  1035:     9635.560     9635.690     9635.820     9636.110     9636.620
  1040:     9636.940     9637.030     9637.190     9673.780     9675.730
  1045:     9677.380     9677.400     9677.550     9688.580     9689.390
  1050:     9694.420     9694.550     9694.680     9694.800     9696.010
  1055:     9700.280     9700.380     9705.580     9705.650     9705.700
  1060:     9706.550     9710.070     9710.290     9712.170     9712.310
  1065:     9712.920     9713.750     9715.320     9717.760     9717.950
  1070:     9718.190     9718.480     9720.840     9720.990     9721.120
  1075:     9721.280     9723.410     9723.730     9723.790     9724.470
  1080:     9724.730     9738.350     9739.370     9739.510     9741.050
  1085:     9741.710     9741.830     9747.710     9747.780     9747.910
  1090:     9752.270     9752.560     9752.740     9754.730     9754.900
  1095:     9758.330     9758.390     9776.510     9777.420     9779.800
  1100:     9783.910     9788.030     9790.190     9790.270     9790.400
  1105:     9790.610     9794.460     9794.600     9800.220     9800.260
  1110:     9800.300     9800.410     9800.590     9800.620     9800.680
  1115:     9800.730     9804.720     9804.830     9807.100     9807.190
  1120:     9807.370     9810.980     9811.230     9812.950     9812.990
  1125:     9813.160     9813.210     9814.790     9814.840     9814.910
  1130:     9815.110     9815.200     9815.330     9815.900     9822.430
  1135:     9822.780     9823.780     9827.020     9829.560     9829.740
  1140:     9829.880     9829.930     9830.030     9830.200     9832.860
  1145:     9834.390     9875.980     9876.240     9878.960     9879.060
  1150:     9879.090     9879.280     9879.330     9879.380     9879.390
  1155:     9879.620     9879.660     9879.830     9879.920     9880.060
  1160:     9880.090     9880.830     9880.870     9882.190     9882.320
  1165:     9882.450     9882.590     9882.880     9887.330     9887.360
  1170:     9887.420     9887.590     9888.770     9894.270     9894.360
  1175:     9897.670     9915.450     9917.030     9917.200     9918.450
  1180:     9918.650     9918.970     9933.820     9936.500     9937.860
  1185:     9937.920     9938.030     9938.060     9938.120     9938.160
  1190:     9938.210     9938.480     9942.550     9943.660     9943.780
  1195:     9948.850     9955.710     9965.460     9966.330     9970.320
  1200:     9974.680     9975.160     9975.410     9975.490     9986.560
  1205:     9987.190     9987.360     9987.470     9987.580     9987.820
  1210:     9988.300     9988.470     9988.730    10032.240    10032.790
  1215:    10037.000    10040.030    10040.180    10040.350    10040.530
  1220:    10044.490    10044.580    10044.690    10046.680    10049.030
  1225:    10049.220    10054.830    10055.070    10060.670    10060.750
  1230:    10061.080    10061.340    10065.710    10065.790    10069.740
  1235:    10077.010    10080.670    10080.780    10081.780    10085.570
  1240:    10085.950    10086.390    10086.490    10091.240    10121.700
  1245:    10124.360    10125.610    10129.080    10144.660    10159.040
  1250:    10160.340    10163.110    10163.190    10164.840    10184.850
  1255:    10203.180    10205.050    10228.240    10240.370    10251.140
  1260:    10251.200    10252.180    10254.930    10255.120    10255.500
  1265:    10257.090    10257.190    10257.240    10257.440    10258.910
  1270:    10275.000    10275.930    10276.140    10276.500    10278.040
  1275:    10278.420    10289.050    10322.080    10325.590    10349.100
  1280:    10350.120    10350.180    10350.210    10353.340    10355.420
  1285:    10376.710    10376.960    10378.300    10428.230    10469.310
  1290:    10470.160    10472.830    10473.080    10474.700    10474.780
  1295:    10481.450    10509.550    10531.690    10622.280    10651.310
  1300:    10651.820    10651.930    10720.380    10720.420    10722.630
  1305:    10732.700    10732.760    10800.010
