File: C:\MED-PC IV\DATA\!2025-05-29_09h24m.Subject T3



Start Date: 05/29/25
End Date: 05/29/25
Subject: T3
Experiment: OralFentSA
Group: One
Box: 7
Start Time:  9:24:35
End Time: 12:24:37
MSN: Golden_Liq_SelfAdmin
F:       0.000
G:     636.000
H:   10800.010
I:       0.000
J:       0.000
K:       0.000
L:       0.000
M:       0.000
N:       0.000
O:       0.000
P:       0.000
Q:       0.000
R:       0.000
S:       0.000
U:       0.000
V:       0.000
W:       0.000
X:       0.000
Y:       0.000
Z:       0.000
A:
     0:        0.000        0.000      180.000        4.000        0.000
     5:        5.000        0.000        5.000        0.000        0.000
    10:        1.000        0.000       10.000  3000000.000       29.000
    15:       13.000      640.000        0.000        0.000        0.000
    20:        0.000
B:
     0:        0.000        0.000        0.000      400.000        0.000
     5:      500.000        0.000      500.000        0.000        0.000
    10:        0.000        0.000     1000.000 300000000.00        0.000
    15:        0.000        0.000        0.000        0.000        0.000
    20:        0.000
C:
     0:       17.000       18.000        0.000       18.000      374.000
     5:    10196.720        5.050       17.000      159.110        9.359
    10:       18.000       18.000        0.000        0.000        0.000
    15:        0.000        0.000        0.000        0.000        0.000
    20:        0.000
D:
     0:        9.390        1.610       11.850       41.630        9.380
     5:        5.200       19.240        5.240        6.040        8.520
    10:        5.400        4.500        7.960        7.180        6.880
    15:        4.040        5.050
E:
     0:       19.000       11.000       26.000       27.000        6.000
     5:        6.000        6.000        6.000        6.000        6.000
    10:        6.000        6.000        6.000        6.000        6.000
    15:        6.000        6.000        6.000        6.000        6.000
    20:        6.000        6.000        6.000        6.000        6.000
    25:        6.000        6.000        6.000        6.000        6.000
    30:        6.000        6.000        6.000       23.000        6.000
    35:       23.000        6.000       23.000       23.000       23.000
    40:        6.000        6.000        6.000        6.000        6.000
    45:        6.000        2.000        4.000       22.000       24.000
    50:       12.000       13.000        8.000        5.000       17.000
    55:       18.000       14.000       10.000        6.000       19.000
    60:       11.000        6.000        2.000        4.000       22.000
    65:       24.000       12.000       13.000        8.000        5.000
    70:       17.000        6.000       18.000       14.000       10.000
    75:       19.000       11.000        6.000        6.000        6.000
    80:        6.000        6.000        2.000        4.000       22.000
    85:       24.000       12.000       13.000        8.000        5.000
    90:       17.000       18.000       14.000       10.000       19.000
    95:       11.000        6.000        2.000        4.000       22.000
   100:       24.000       12.000       13.000        8.000        5.000
   105:       17.000       18.000       14.000       10.000       19.000
   110:       11.000        6.000        6.000        6.000        6.000
   115:        6.000        6.000        6.000        6.000        6.000
   120:        6.000        2.000        4.000       22.000       24.000
   125:       12.000       13.000        8.000        5.000       17.000
   130:       18.000       14.000       10.000       21.000       22.000
   135:        6.000       19.000       11.000        6.000        6.000
   140:       23.000       23.000        6.000        6.000        6.000
   145:        6.000        6.000        6.000        6.000        6.000
   150:        6.000        6.000        6.000        6.000        6.000
   155:        6.000        6.000        6.000        6.000        6.000
   160:        6.000        6.000        6.000        6.000        6.000
   165:        6.000        6.000        6.000        6.000        6.000
   170:        6.000        6.000        6.000        6.000        6.000
   175:        6.000        6.000        6.000        6.000        6.000
   180:        6.000        6.000        6.000        6.000        6.000
   185:        6.000        6.000        6.000        6.000        6.000
   190:        6.000       23.000       23.000       23.000        6.000
   195:        6.000        6.000        2.000        4.000       22.000
   200:       24.000       12.000       13.000        8.000        5.000
   205:       17.000       18.000       14.000       10.000        6.000
   210:       19.000       11.000        6.000        6.000        6.000
   215:        6.000        6.000        6.000        6.000        6.000
   220:        6.000        6.000        6.000        6.000        6.000
   225:        6.000        6.000        6.000        6.000        6.000
   230:        6.000        6.000        6.000        6.000        6.000
   235:        2.000        4.000       22.000       24.000       12.000
   240:       13.000        8.000        5.000       17.000       18.000
   245:       14.000       10.000       19.000       11.000        6.000
   250:        6.000        6.000        6.000        6.000        6.000
   255:        6.000        6.000        6.000        6.000        6.000
   260:        6.000        6.000        6.000        6.000        6.000
   265:        6.000        6.000        6.000        6.000        6.000
   270:        6.000        6.000        6.000        6.000        6.000
   275:        6.000        6.000        6.000        6.000        6.000
   280:        6.000        6.000        6.000       23.000       23.000
   285:        6.000        6.000        6.000        6.000        6.000
   290:        6.000        6.000        6.000        6.000        6.000
   295:        6.000        6.000        6.000        6.000        6.000
   300:        6.000        6.000        6.000        6.000        6.000
   305:        6.000        6.000        6.000        6.000        6.000
   310:        6.000        6.000        6.000        6.000        6.000
   315:        6.000        6.000        6.000        6.000        2.000
   320:        4.000       22.000       24.000       12.000       13.000
   325:        8.000        5.000       17.000       18.000       14.000
   330:       10.000        6.000        6.000       19.000       11.000
   335:        6.000        6.000        6.000        6.000        6.000
   340:        6.000        6.000        6.000        6.000        6.000
   345:        6.000        6.000        6.000        6.000        6.000
   350:        6.000        6.000        6.000        6.000        6.000
   355:        6.000        6.000        6.000        6.000        6.000
   360:        2.000        4.000       22.000       24.000       12.000
   365:       13.000        8.000        5.000       17.000       18.000
   370:       14.000       10.000        6.000        6.000        6.000
   375:        6.000        6.000        6.000        6.000        6.000
   380:        6.000        6.000        6.000        6.000        6.000
   385:        6.000        6.000       19.000       11.000        6.000
   390:        6.000        6.000        6.000        6.000        6.000
   395:        6.000        6.000        6.000        6.000        6.000
   400:        6.000        6.000        6.000        6.000       23.000
   405:        6.000        6.000       23.000       23.000       23.000
   410:        6.000        6.000        6.000        2.000        4.000
   415:       22.000       24.000       12.000       13.000        8.000
   420:        5.000       17.000       18.000       14.000       10.000
   425:        6.000        6.000        6.000        6.000        6.000
   430:       19.000       11.000        6.000        6.000        6.000
   435:        6.000        6.000        6.000        6.000        2.000
   440:        4.000       22.000       24.000       12.000       13.000
   445:        8.000        5.000       17.000       18.000       14.000
   450:       10.000        6.000        6.000       19.000       11.000
   455:        6.000        2.000        4.000       22.000       24.000
   460:       12.000       13.000        8.000        5.000       17.000
   465:       18.000        6.000       14.000       10.000        6.000
   470:       19.000       11.000        2.000        4.000       22.000
   475:       24.000       12.000       13.000        8.000        5.000
   480:       17.000       18.000       14.000       10.000        6.000
   485:        6.000       19.000       11.000        2.000        4.000
   490:       22.000       24.000       12.000       13.000        8.000
   495:        5.000       17.000       18.000       14.000       10.000
   500:        6.000        6.000       19.000       11.000        6.000
   505:        2.000        4.000       22.000       24.000       12.000
   510:       13.000        8.000        5.000       17.000       18.000
   515:       14.000       10.000        6.000       19.000       11.000
   520:        6.000        6.000        6.000        6.000        6.000
   525:        6.000        6.000        6.000        6.000        6.000
   530:        6.000        6.000        6.000        6.000        6.000
   535:        6.000        6.000        6.000        6.000       23.000
   540:        6.000        6.000        6.000        6.000        6.000
   545:        6.000        6.000        6.000        6.000        6.000
   550:        6.000        6.000        6.000        6.000        6.000
   555:        6.000       23.000        6.000        6.000        6.000
   560:        6.000        6.000        6.000        6.000        6.000
   565:        6.000        6.000        6.000        6.000        6.000
   570:        6.000        6.000        6.000        6.000        6.000
   575:        2.000        4.000       22.000       24.000       12.000
   580:       13.000        8.000        5.000       17.000       18.000
   585:        6.000       14.000       10.000        6.000        6.000
   590:       19.000       11.000        6.000        6.000        6.000
   595:        2.000        4.000       22.000       24.000       12.000
   600:       13.000        8.000        5.000       17.000       18.000
   605:       14.000       10.000        6.000        6.000       19.000
   610:       11.000        6.000        6.000        6.000        6.000
   615:        6.000        6.000        6.000        6.000        6.000
   620:        6.000        6.000        6.000        6.000        6.000
   625:        6.000        6.000        6.000        6.000        6.000
   630:        6.000        6.000        6.000        6.000        6.000
   635:        6.000      100.000
T:
     0:        0.000        0.000        0.000        0.000        0.770
     5:       42.960       85.860      315.540      339.280      353.470
    10:      418.350      419.010      420.370      634.330      786.980
    15:      787.470      801.910      802.030      814.930      817.050
    20:      892.920      892.980      894.750     1166.370     1166.730
    25:     1166.930     1231.960     1497.040     1497.300     1721.560
    30:     1721.610     1996.740     3518.020     4733.310     4942.070
    35:     5309.970     5366.430     5373.230     5381.460     5400.850
    40:     5412.790     5434.980     5435.450     5451.870     5452.440
    45:     5501.440     5504.590     5504.590     5504.590     5504.600
    50:     5504.600     5504.600     5504.600     5504.600     5504.600
    55:     5508.600     5509.600     5509.600     5513.990     5514.590
    60:     5514.600     5524.720     5530.770     5530.770     5530.770
    65:     5530.780     5530.780     5530.780     5530.780     5530.780
    70:     5530.780     5532.390     5534.780     5535.780     5535.780
    75:     5540.770     5540.780     5545.050     5551.040     5552.030
    80:     5552.420     5553.500     5556.960     5556.960     5556.960
    85:     5556.970     5556.970     5556.970     5556.970     5556.970
    90:     5556.970     5560.970     5561.970     5561.970     5566.960
    95:     5566.970     5568.820     5610.160     5610.160     5610.160
   100:     5610.170     5610.170     5610.170     5610.170     5610.170
   105:     5610.170     5614.170     5615.170     5615.170     5620.160
   110:     5620.170     5651.800     5653.390     5656.900     5661.270
   115:     5669.960     5671.750     5671.970     5672.100     5683.030
   120:     5684.060     5686.770     5686.770     5686.770     5686.780
   125:     5686.780     5686.780     5686.780     5686.780     5686.780
   130:     5690.780     5691.780     5691.780     5693.580     5693.580
   135:     5696.160     5696.770     5696.780     5745.150     5746.440
   140:     5777.490     5895.750     5958.530     6049.150     6049.330
   145:     6051.090     6153.850     6154.020     6476.500     6491.610
   150:     6505.290     6505.490     6509.230     6525.770     6536.440
   155:     6536.900     6578.140     6604.440     6645.180     6646.520
   160:     6646.680     6655.680     6778.480     6778.740     6806.460
   165:     6806.570     6826.960     6991.780     7000.280     7059.860
   170:     7077.710     7086.770     7133.490     7164.630     7165.060
   175:     7165.230     7165.250     7234.860     7234.890     7262.120
   180:     7262.210     7262.450     7262.830     7262.860     7269.460
   185:     7270.760     7270.810     7270.980     7270.990     7271.030
   190:     7271.320     7280.120     7375.520     7386.830     7462.450
   195:     7476.620     7491.890     7494.790     7494.790     7494.790
   200:     7494.800     7494.800     7494.800     7494.800     7494.800
   205:     7494.800     7498.800     7499.800     7499.800     7500.000
   210:     7504.790     7504.800     7556.160     7584.770     7584.840
   215:     7584.890     7585.000     7585.110     7585.120     7596.790
   220:     7596.910     7597.030     7597.120     7624.530     7624.950
   225:     7625.110     7631.350     7637.010     7637.070     7637.220
   230:     7637.260     7637.330     7645.140     7645.510     7645.630
   235:     7650.930     7650.930     7650.930     7650.940     7650.940
   240:     7650.940     7650.940     7650.940     7650.940     7654.940
   245:     7655.940     7655.940     7660.930     7660.940     7670.180
   250:     7670.300     7670.380     7670.510     7670.730     7674.430
   255:     7678.200     7679.820     7685.010     7729.450     7729.470
   260:     7729.500     7734.130     7734.210     7734.220     7742.680
   265:     7742.790     7742.800     7776.440     7776.930     7776.970
   270:     7833.900     7902.670     7919.330     7920.280     7979.170
   275:     7979.340     8001.010     8017.120     8025.550     8025.630
   280:     8026.090     8026.480     8026.660     8050.470     8060.720
   285:     8145.110     8157.820     8164.300     8164.470     8165.180
   290:     8165.200     8165.240     8165.290     8165.300     8165.330
   295:     8166.010     8166.050     8210.210     8210.820     8210.870
   300:     8210.980     8211.250     8217.050     8217.100     8217.140
   305:     8224.140     8224.260     8224.340     8224.590     8329.880
   310:     8329.950     8340.020     8340.820     8347.820     8347.890
   315:     8348.010     8348.050     8394.820     8394.870     8396.320
   320:     8396.320     8396.320     8396.330     8396.330     8396.330
   325:     8396.330     8396.330     8396.330     8400.330     8401.330
   330:     8401.330     8401.570     8403.470     8406.320     8406.330
   335:     8419.770     8421.940     8429.120     8429.180     8429.200
   340:     8431.390     8431.450     8432.420     8432.560     8435.340
   345:     8435.490     8435.580     8435.990     8436.090     8436.190
   350:     8438.330     8438.440     8438.650     8440.550     8447.280
   355:     8451.110     8459.280     8459.320     8475.430     8475.830
   360:     8488.160     8488.160     8488.160     8488.170     8488.170
   365:     8488.170     8488.170     8488.170     8488.170     8492.170
   370:     8493.170     8493.170     8494.210     8494.370     8494.950
   375:     8495.000     8495.080     8495.180     8495.360     8495.490
   380:     8495.640     8495.700     8495.800     8495.810     8495.930
   385:     8496.110     8496.170     8498.160     8498.170     8503.030
   390:     8625.930     8626.040     8626.080     8626.390     8626.420
   395:     8688.800     8695.670     8695.750     8695.760     8696.100
   400:     8708.740     8716.260     8716.500     8717.010     8757.140
   405:     8808.730     8808.900     8854.600     8860.180     8862.950
   410:     8895.570     8895.680     8895.720     8913.420     8913.420
   415:     8913.420     8913.430     8913.430     8913.430     8913.430
   420:     8913.430     8913.430     8917.430     8918.430     8918.430
   425:     8921.950     8922.650     8923.110     8923.230     8923.260
   430:     8923.420     8923.430     8923.440     8923.500     8923.600
   435:     8923.650     8923.830     8927.080     8927.130     8929.340
   440:     8929.340     8929.340     8929.350     8929.350     8929.350
   445:     8929.350     8929.350     8929.350     8933.350     8934.350
   450:     8934.350     8934.750     8937.680     8939.340     8939.350
   455:     8939.900     8950.520     8950.520     8950.520     8950.530
   460:     8950.530     8950.530     8950.530     8950.530     8950.530
   465:     8954.530     8955.030     8955.530     8955.530     8956.390
   470:     8960.520     8960.530     8970.460     8970.460     8970.460
   475:     8970.470     8970.470     8970.470     8970.470     8970.470
   480:     8970.470     8974.470     8975.470     8975.470     8978.430
   485:     8979.170     8980.460     8980.470     8989.590     8989.590
   490:     8989.590     8989.600     8989.600     8989.600     8989.600
   495:     8989.600     8989.600     8993.600     8994.600     8994.600
   500:     8996.780     8997.220     8999.590     8999.600     8999.980
   505:     9002.760     9002.760     9002.760     9002.770     9002.770
   510:     9002.770     9002.770     9002.770     9002.770     9006.770
   515:     9007.770     9007.770     9009.650     9012.760     9012.770
   520:     9036.320     9073.560     9083.590     9097.610     9097.700
   525:     9105.970     9122.650     9133.310     9153.750     9197.260
   530:     9197.550     9198.280     9222.720     9223.620     9223.760
   535:     9251.820     9276.690     9276.760     9276.770     9297.890
   540:     9303.780     9320.020     9324.450     9331.050     9331.410
   545:     9332.070     9334.040     9356.790     9610.610     9715.840
   550:     9715.940     9715.950     9716.050     9716.150     9740.970
   555:     9741.220     9764.190     9788.410     9791.880     9792.710
   560:     9808.300     9811.890     9818.610     9818.730     9867.220
   565:     9871.730     9915.240     9959.320    10092.930    10098.040
   570:    10103.150    10114.600    10115.850    10115.900    10166.880
   575:    10178.420    10178.420    10178.420    10178.430    10178.430
   580:    10178.430    10178.430    10178.430    10178.430    10182.430
   585:    10182.470    10183.430    10183.430    10187.950    10188.400
   590:    10188.420    10188.430    10193.890    10193.900    10194.070
   595:    10196.710    10196.710    10196.710    10196.720    10196.720
   600:    10196.720    10196.720    10196.720    10196.720    10200.720
   605:    10201.720    10201.720    10201.770    10205.240    10206.710
   610:    10206.720    10227.720    10237.250    10253.380    10276.030
   615:    10296.090    10296.150    10393.940    10415.370    10579.600
   620:    10606.390    10697.540    10698.510    10698.700    10702.900
   625:    10703.190    10703.230    10703.320    10703.400    10703.420
   630:    10703.490    10711.110    10711.830    10741.380    10754.380
   635:    10799.400    10800.010
