File: C:\MED-PC IV\DATA\!2025-05-20_10h30m.Subject T2



Start Date: 05/20/25
End Date: 05/20/25
Subject: T2
Experiment: OralFentSA
Group: One
Box: 2
Start Time: 10:30:17
End Time: 13:30:37
MSN: Golden_Liq_SelfAdmin
F:       0.000
G:    1061.000
H:   10800.010
I:       0.000
J:       0.000
K:       0.000
L:       0.000
M:       0.000
N:       0.000
O:       0.000
P:       0.000
Q:       0.000
R:       0.000
S:       0.000
U:       0.000
V:       0.000
W:       0.000
X:       0.000
Y:       0.000
Z:       0.000
A:
     0:        0.000        0.000      180.000        4.000        0.000
     5:        5.000        0.000        5.000        0.000        0.000
    10:        1.000        0.000       10.000 240000000.00       29.000
    15:        6.000      640.000        0.000        0.000        0.000
    20:        0.000
B:
     0:        0.000        0.000        0.000        0.000        0.000
     5:        0.000        0.000        0.000        0.000        0.000
    10:        0.000        0.000        0.000 24000000000.        0.000
    15:        0.000        0.000        0.000        0.000        0.000
    20:        0.000
C:
     0:        0.000        1.000        0.000        0.000      998.000
     5:        0.000        0.000        0.000        0.000        0.000
    10:        0.000       59.000        0.000        0.000        0.000
    15:        0.000        0.000        0.000        0.000        0.000
    20:        0.000
D:
E:
     0:       19.000       11.000       26.000       27.000        6.000
     5:        6.000        6.000        6.000        6.000        6.000
    10:        6.000       23.000        6.000        6.000        6.000
    15:        6.000        6.000        6.000        6.000        6.000
    20:        6.000        6.000        6.000        6.000        6.000
    25:        6.000        6.000        6.000        6.000        6.000
    30:        6.000        6.000        6.000        6.000        6.000
    35:        6.000        6.000        6.000        6.000        6.000
    40:        6.000        6.000        6.000        6.000        6.000
    45:        6.000        6.000        6.000        6.000        6.000
    50:        6.000        6.000        6.000        6.000        6.000
    55:        6.000        6.000        6.000        6.000        6.000
    60:        6.000        6.000        6.000        6.000       23.000
    65:       23.000        6.000        6.000        6.000        6.000
    70:        6.000        6.000        6.000        6.000        6.000
    75:        6.000        6.000        6.000        6.000        6.000
    80:        6.000        6.000        6.000        6.000        6.000
    85:        6.000        6.000        6.000        6.000        6.000
    90:        6.000        6.000        6.000        6.000        6.000
    95:        6.000        6.000        6.000        6.000        6.000
   100:        6.000        6.000        6.000        6.000        6.000
   105:        6.000        6.000        6.000        6.000        6.000
   110:        6.000        6.000        6.000        6.000        6.000
   115:        6.000        6.000        6.000        6.000        6.000
   120:        6.000        6.000        6.000        6.000        6.000
   125:        6.000        6.000        6.000        6.000        6.000
   130:        6.000        6.000        6.000        6.000        6.000
   135:        6.000        6.000        6.000        6.000        6.000
   140:        6.000        6.000        6.000        6.000        6.000
   145:        6.000        6.000        6.000        6.000        6.000
   150:        6.000        6.000        6.000        6.000        6.000
   155:        6.000        6.000        6.000        6.000        6.000
   160:        6.000        6.000       23.000        6.000        6.000
   165:        6.000        6.000        6.000        6.000        6.000
   170:        6.000        6.000        6.000        6.000        6.000
   175:        6.000        6.000        6.000        6.000        6.000
   180:        6.000        6.000        6.000        6.000        6.000
   185:        6.000        6.000        6.000        6.000        6.000
   190:        6.000       23.000       23.000        6.000        6.000
   195:        6.000        6.000        6.000        6.000        6.000
   200:        6.000        6.000        6.000        6.000        6.000
   205:        6.000        6.000        6.000        6.000        6.000
   210:        6.000        6.000        6.000        6.000        6.000
   215:        6.000        6.000        6.000        6.000        6.000
   220:        6.000        6.000        6.000        6.000        6.000
   225:        6.000        6.000        6.000        6.000        6.000
   230:        6.000        6.000        6.000        6.000        6.000
   235:        6.000        6.000        6.000        6.000        6.000
   240:        6.000        6.000        6.000        6.000        6.000
   245:        6.000        6.000        6.000        6.000       23.000
   250:       23.000       23.000        6.000        6.000        6.000
   255:        6.000        6.000        6.000        6.000        6.000
   260:        6.000        6.000        6.000        6.000        6.000
   265:        6.000        6.000        6.000        6.000        6.000
   270:        6.000        6.000        6.000        6.000        6.000
   275:        6.000        6.000        6.000        6.000        6.000
   280:        6.000        6.000        6.000        6.000        6.000
   285:        6.000        6.000        6.000        6.000        6.000
   290:        6.000        6.000        6.000        6.000       23.000
   295:       23.000        6.000        6.000        6.000        6.000
   300:        6.000        6.000        6.000        6.000        6.000
   305:        6.000        6.000        6.000        6.000        6.000
   310:        6.000        6.000        6.000        6.000        6.000
   315:        6.000        6.000        6.000       23.000        6.000
   320:        6.000        6.000        6.000        6.000        6.000
   325:        6.000        6.000        6.000        6.000        6.000
   330:        6.000        6.000       23.000        6.000        6.000
   335:        6.000        6.000        6.000        6.000        6.000
   340:        6.000        6.000        6.000        6.000        6.000
   345:        6.000        6.000        6.000        6.000        6.000
   350:        6.000        6.000        6.000        6.000        6.000
   355:        6.000        6.000        6.000        6.000        6.000
   360:        6.000        6.000        6.000        6.000        6.000
   365:        6.000        6.000        6.000        6.000        6.000
   370:        6.000        6.000        6.000       23.000        6.000
   375:        6.000       23.000       23.000       23.000        6.000
   380:        6.000        6.000        6.000        6.000        6.000
   385:        6.000       23.000        6.000        6.000        6.000
   390:        6.000        6.000        6.000        6.000        6.000
   395:        6.000        6.000        6.000        6.000        6.000
   400:        6.000        6.000        6.000        6.000        6.000
   405:        6.000        6.000        6.000        6.000        6.000
   410:        6.000        6.000        6.000        6.000        6.000
   415:        6.000        6.000        6.000        6.000        6.000
   420:        6.000        6.000        6.000       23.000       23.000
   425:        6.000        6.000        6.000        6.000        6.000
   430:        6.000        6.000        6.000        6.000        6.000
   435:        6.000        6.000        6.000        6.000        6.000
   440:        6.000       23.000       23.000       23.000       23.000
   445:        6.000        6.000       23.000       23.000       23.000
   450:       23.000        6.000        6.000        6.000        6.000
   455:        6.000        6.000        6.000        6.000        6.000
   460:        6.000        6.000       23.000       23.000       23.000
   465:       23.000        6.000        6.000        6.000        6.000
   470:        6.000        6.000        6.000        6.000        6.000
   475:        6.000        6.000        6.000        6.000        6.000
   480:        6.000        6.000        6.000        6.000        6.000
   485:        6.000        6.000        6.000        6.000        6.000
   490:        6.000        6.000        6.000        6.000        6.000
   495:        6.000        6.000        6.000        6.000        6.000
   500:        6.000        6.000        6.000        6.000        6.000
   505:        6.000        6.000        6.000        6.000       23.000
   510:        6.000        6.000        6.000        6.000        6.000
   515:        6.000        6.000        6.000        6.000        6.000
   520:        6.000        6.000        6.000        6.000        6.000
   525:        6.000        6.000        6.000        6.000        6.000
   530:        6.000        6.000        6.000        6.000        6.000
   535:        6.000       23.000        6.000        6.000        6.000
   540:        6.000        6.000        6.000        6.000        6.000
   545:        6.000        6.000        6.000        6.000        6.000
   550:        6.000        6.000       23.000        6.000        6.000
   555:        6.000        6.000        6.000        6.000        6.000
   560:        6.000        6.000        6.000        6.000        6.000
   565:        6.000        6.000        6.000        6.000        6.000
   570:        6.000        6.000        6.000        6.000        6.000
   575:        6.000        6.000        6.000        6.000        6.000
   580:        6.000        6.000        6.000        6.000       23.000
   585:        6.000        6.000        6.000       23.000       23.000
   590:       23.000        6.000        6.000        6.000        6.000
   595:        6.000        6.000        6.000        6.000        6.000
   600:        6.000        6.000        6.000        6.000       23.000
   605:       23.000        6.000        6.000        6.000        6.000
   610:        6.000        6.000        6.000        6.000        6.000
   615:        6.000        6.000        6.000        6.000        6.000
   620:        6.000        6.000        6.000        6.000        6.000
   625:        6.000        6.000        6.000        6.000        6.000
   630:        6.000        6.000        6.000        6.000        6.000
   635:        6.000        6.000        6.000        6.000        6.000
   640:        6.000        6.000        6.000        6.000        6.000
   645:        6.000        6.000        6.000       23.000        6.000
   650:        6.000        6.000        6.000        6.000        6.000
   655:        6.000        6.000        6.000        6.000        6.000
   660:        6.000        6.000        6.000        6.000        6.000
   665:        6.000        6.000        6.000        6.000        6.000
   670:        6.000        6.000        6.000        6.000        6.000
   675:        6.000        6.000        6.000        6.000        6.000
   680:        6.000        6.000        6.000        6.000        6.000
   685:        6.000        6.000        6.000        6.000        6.000
   690:        6.000        6.000        6.000        6.000        6.000
   695:        6.000        6.000        6.000        6.000        6.000
   700:        6.000        6.000        6.000        6.000        6.000
   705:        6.000        6.000        6.000        6.000        6.000
   710:        6.000        6.000       23.000        6.000        6.000
   715:        6.000        6.000        6.000        6.000        6.000
   720:        6.000        6.000        6.000        6.000        6.000
   725:        6.000        6.000        6.000        6.000        6.000
   730:        6.000        6.000        6.000        6.000        6.000
   735:        6.000        6.000        6.000        6.000        6.000
   740:        6.000        6.000        6.000        6.000        6.000
   745:        6.000        6.000        6.000        6.000        6.000
   750:        6.000        6.000        6.000        6.000        6.000
   755:        6.000        6.000        6.000        6.000        6.000
   760:        6.000        6.000        6.000        6.000        6.000
   765:        6.000        6.000        6.000        6.000        6.000
   770:        6.000        6.000        6.000        6.000        6.000
   775:        6.000        6.000        6.000        6.000        6.000
   780:        6.000        6.000        6.000        6.000        6.000
   785:        6.000        6.000        6.000        6.000        6.000
   790:        6.000        6.000        6.000        6.000        6.000
   795:        6.000        6.000        6.000        6.000        6.000
   800:        6.000        6.000        6.000        6.000        6.000
   805:        6.000        6.000        6.000        6.000        6.000
   810:        6.000        6.000        6.000        6.000        6.000
   815:        6.000        6.000        6.000        6.000        6.000
   820:        6.000        6.000        6.000        6.000        6.000
   825:        6.000        6.000        6.000        6.000        6.000
   830:        6.000        6.000        6.000        6.000        6.000
   835:        6.000        6.000        6.000        6.000        6.000
   840:        6.000        6.000        6.000        6.000        6.000
   845:        6.000        6.000        6.000        6.000        6.000
   850:        6.000        6.000        6.000        6.000        6.000
   855:        6.000        6.000        6.000        6.000        6.000
   860:        6.000        6.000        6.000        6.000        6.000
   865:        6.000        6.000        6.000        6.000        6.000
   870:        6.000        6.000        6.000        6.000        6.000
   875:        6.000        6.000        6.000        6.000        6.000
   880:        6.000        6.000        6.000        6.000        6.000
   885:        6.000        6.000        6.000        6.000        6.000
   890:        6.000        6.000        6.000        6.000        6.000
   895:        6.000        6.000        6.000        6.000        6.000
   900:        6.000        6.000        6.000        6.000        6.000
   905:        6.000        6.000        6.000        6.000        6.000
   910:        6.000        6.000       23.000        6.000        6.000
   915:        6.000        6.000       23.000        6.000        6.000
   920:       23.000        6.000        6.000        6.000        6.000
   925:        6.000        6.000        6.000        6.000        6.000
   930:        6.000        6.000        6.000        6.000        6.000
   935:        6.000        6.000        6.000        6.000        6.000
   940:        6.000        6.000        6.000        6.000        6.000
   945:        6.000        6.000        6.000        6.000        6.000
   950:        6.000        6.000        6.000        6.000        6.000
   955:        6.000        6.000        6.000        6.000        6.000
   960:        6.000        6.000        6.000        6.000        6.000
   965:        6.000        6.000        6.000        6.000        6.000
   970:        6.000       23.000       23.000       23.000        6.000
   975:       23.000       23.000       23.000       23.000       23.000
   980:        6.000        6.000        6.000        6.000        6.000
   985:        6.000        6.000        6.000        6.000        6.000
   990:        6.000        6.000        6.000        6.000        6.000
   995:        6.000        6.000        6.000        6.000       23.000
  1000:        6.000        6.000       23.000       23.000        6.000
  1005:        6.000       23.000        6.000        6.000        6.000
  1010:        6.000        6.000        6.000        6.000        6.000
  1015:        6.000        6.000        6.000        6.000        6.000
  1020:        6.000        6.000        6.000        6.000        6.000
  1025:        6.000        6.000        6.000        6.000        6.000
  1030:        6.000        6.000        6.000        6.000       23.000
  1035:        6.000        6.000        6.000        6.000        6.000
  1040:        6.000        6.000        6.000        6.000        6.000
  1045:        6.000        6.000        6.000        6.000        6.000
  1050:        6.000        6.000        6.000        6.000        6.000
  1055:        6.000        6.000        6.000        6.000        6.000
  1060:        6.000      100.000
T:
     0:        0.000        0.000        0.000        0.000        9.620
     5:        9.960       13.550       13.800       41.760       58.560
    10:       63.220       89.800      113.730      119.230      176.300
    15:      217.740      217.820      230.310      233.170      233.350
    20:      233.470      233.780      234.170      234.870      235.280
    25:      235.320      235.860      236.030      236.100      236.180
    30:      236.270      241.450      241.650      241.800      241.840
    35:      241.900      242.060      246.100      255.960      256.660
    40:      311.710      311.880      315.920      316.000      330.750
    45:      333.280      344.160      364.180      364.570      386.120
    50:      386.560      386.600      387.190      387.580      400.680
    55:      417.690      419.310      425.690      531.710      550.060
    60:      552.180      560.300      561.490      561.730      566.040
    65:      568.180      610.690      610.890      610.990      654.540
    70:      664.470      664.580      677.560      687.550      716.930
    75:      735.290      735.550      750.000      755.840      756.510
    80:      760.530      761.410      767.730      776.100      778.340
    85:      798.980      833.670      834.320      861.640      868.180
    90:      873.350      874.240      874.390      878.360      883.860
    95:      884.770      889.530      905.210      958.260      998.700
   100:     1002.260     1029.150     1067.860     1068.860     1069.120
   105:     1082.570     1121.710     1121.900     1183.450     1184.610
   110:     1186.290     1186.460     1204.460     1204.590     1205.610
   115:     1209.920     1221.140     1228.040     1228.340     1228.430
   120:     1273.640     1319.010     1334.390     1335.440     1335.550
   125:     1335.990     1349.580     1351.390     1354.810     1360.950
   130:     1363.700     1365.180     1365.220     1374.780     1374.860
   135:     1375.240     1387.990     1426.160     1475.060     1492.120
   140:     1499.150     1499.450     1499.570     1499.870     1500.280
   145:     1507.120     1518.070     1545.020     1551.410     1551.590
   150:     1552.520     1553.890     1554.360     1554.730     1557.640
   155:     1557.790     1561.390     1561.530     1562.080     1562.130
   160:     1562.440     1567.480     1575.220     1586.010     1588.100
   165:     1588.140     1588.450     1601.200     1602.030     1602.280
   170:     1604.770     1640.650     1641.130     1662.120     1671.950
   175:     1678.650     1732.670     1741.250     1742.120     1752.530
   180:     1752.600     1752.730     1752.860     1763.070     1763.660
   185:     1782.390     1788.240     1803.620     1804.690     1807.440
   190:     1825.460     1844.710     1845.610     1858.070     1858.200
   195:     1874.920     1938.080     1955.150     1955.330     1955.690
   200:     1964.640     1965.990     1973.010     1973.870     1993.400
   205:     2001.090     2001.240     2001.660     2003.140     2003.290
   210:     2004.660     2005.170     2005.270     2005.370     2005.410
   215:     2007.980     2011.360     2011.770     2017.930     2017.990
   220:     2019.900     2023.850     2024.260     2024.470     2025.890
   225:     2028.960     2032.430     2038.240     2039.710     2040.280
   230:     2040.340     2041.020     2041.490     2041.890     2042.030
   235:     2042.200     2042.410     2042.700     2043.250     2043.710
   240:     2058.820     2059.850     2081.420     2081.680     2092.960
   245:     2093.100     2093.410     2102.420     2103.970     2107.840
   250:     2107.930     2109.750     2126.380     2130.550     2131.540
   255:     2132.140     2132.500     2169.620     2169.910     2172.600
   260:     2188.100     2189.910     2190.020     2192.680     2214.900
   265:     2214.910     2217.130     2219.060     2241.330     2266.250
   270:     2266.830     2279.520     2311.020     2341.630     2341.660
   275:     2341.710     2351.790     2354.100     2354.120     2354.380
   280:     2354.420     2354.520     2354.820     2371.270     2372.450
   285:     2389.700     2389.850     2390.820     2390.930     2427.090
   290:     2433.830     2444.200     2444.580     2447.030     2467.130
   295:     2473.110     2486.980     2488.860     2499.040     2521.590
   300:     2532.410     2569.900     2601.580     2604.700     2616.730
   305:     2617.570     2640.670     2654.160     2660.090     2661.280
   310:     2662.660     2713.280     2776.070     2785.270     2785.460
   315:     2786.310     2803.000     2826.750     2833.000     2861.700
   320:     2869.820     2875.690     2881.020     2897.820     2897.970
   325:     2898.300     2906.980     2950.870     2952.280     2962.270
   330:     3032.660     3033.870     3125.300     3131.970     3141.350
   335:     3170.210     3170.490     3170.950     3170.960     3172.800
   340:     3172.830     3172.960     3205.250     3206.740     3223.290
   345:     3227.520     3258.680     3259.030     3260.540     3261.120
   350:     3261.250     3285.880     3286.020     3286.590     3287.410
   355:     3287.540     3297.280     3402.380     3413.280     3416.860
   360:     3422.590     3425.580     3431.110     3444.320     3448.490
   365:     3451.830     3451.920     3467.600     3467.700     3468.510
   370:     3469.390     3477.930     3478.840     3484.430     3512.100
   375:     3517.550     3533.740     3536.290     3541.360     3560.530
   380:     3560.590     3567.620     3567.850     3664.420     3673.380
   385:     3722.800     3744.360     3750.480     3780.850     3786.830
   390:     3786.970     3787.840     3787.920     3788.030     3861.150
   395:     3862.910     3864.130     3881.090     3882.120     3904.510
   400:     3905.020     3905.610     3906.150     3906.280     3907.690
   405:     3908.030     3908.060     3909.960     3910.030     3910.070
   410:     3910.960     3914.510     3915.100     4020.980     4021.550
   415:     4021.580     4021.680     4021.800     4082.000     4082.770
   420:     4083.140     4085.100     4085.200     4090.040     4093.220
   425:     4109.540     4109.580     4110.700     4124.950     4125.960
   430:     4162.860     4162.940     4220.810     4223.560     4223.760
   435:     4224.190     4374.470     4374.780     4375.500     4464.520
   440:     4473.450     4500.600     4507.080     4508.620     4544.630
   445:     4555.140     4563.400     4623.560     4632.650     4641.120
   450:     4648.730     4653.090     4660.010     4662.050     4666.310
   455:     4667.650     4712.290     4713.140     4713.540     4713.590
   460:     4713.740     4713.770     4745.010     4745.100     4749.510
   465:     4752.290     4760.860     4762.950     4790.840     4791.650
   470:     4791.820     4792.190     4793.610     4793.940     4795.170
   475:     4795.540     4796.560     4797.250     4798.050     4798.350
   480:     4798.440     4831.060     4833.380     4833.470     4844.420
   485:     4844.490     4860.450     4860.570     4860.980     4861.310
   490:     4865.530     4865.630     4867.700     4868.210     4868.450
   495:     4868.610     4874.560     4876.760     4876.860     4879.120
   500:     4884.850     4886.960     4891.930     4910.550     4913.800
   505:     4930.440     4932.810     4939.220     4941.290     4950.650
   510:     4953.320     4954.080     4959.820     4960.080     4961.850
   515:     4964.360     4964.910     4965.060     4965.180     4965.340
   520:     4966.540     4980.270     4980.440     4981.300     4982.440
   525:     4983.100     4984.070     4992.200     4996.640     5000.540
   530:     5004.250     5005.760     5008.460     5024.340     5025.000
   535:     5043.970     5052.940     5086.650     5089.390     5090.800
   540:     5090.900     5092.250     5092.330     5092.790     5096.070
   545:     5096.220     5096.410     5096.510     5097.130     5154.850
   550:     5155.060     5159.920     5174.540     5178.660     5180.060
   555:     5181.260     5181.550     5195.010     5197.360     5201.350
   560:     5213.010     5213.560     5214.310     5215.830     5215.970
   565:     5232.260     5248.480     5316.890     5317.290     5339.140
   570:     5339.380     5362.250     5366.540     5413.790     5413.810
   575:     5416.140     5465.260     5512.900     5643.060     5664.030
   580:     5681.180     5717.710     5717.790     5720.120     5726.850
   585:     5733.030     5733.820     5756.990     5774.850     5776.060
   590:     5776.130     5785.090     5785.310     5795.400     5829.780
   595:     5859.900     5860.140     5860.790     5882.280     5883.220
   600:     5883.420     5883.510     5885.990     5895.100     5925.980
   605:     5946.410     5950.750     5960.630     5967.400     5968.390
   610:     5988.480     6043.990     6059.980     6077.120     6078.030
   615:     6108.590     6110.700     6121.850     6123.060     6157.260
   620:     6157.380     6157.720     6159.390     6163.730     6163.810
   625:     6182.400     6186.750     6193.370     6193.660     6198.680
   630:     6198.970     6206.600     6206.770     6208.990     6221.490
   635:     6221.650     6225.000     6272.090     6321.670     6338.970
   640:     6339.200     6339.680     6341.960     6398.290     6483.790
   645:     6519.900     6529.200     6531.830     6592.700     6595.850
   650:     6605.940     6606.330     6653.840     6684.800     6759.890
   655:     6760.160     6761.040     6816.600     6835.820     6902.990
   660:     6903.430     6904.550     6904.660     6907.750     6926.490
   665:     6927.360     6950.750     6957.070     6972.600     6972.660
   670:     6974.960     6975.050     6975.240     6975.520     6975.550
   675:     6975.610     6975.870     6975.950     6976.430     6976.620
   680:     6976.780     6977.530     6977.810     6977.890     6980.580
   685:     6980.690     6981.090     6983.870     6989.830     6991.140
   690:     6993.310     6996.500     6997.050     6997.470     6997.520
   695:     6997.800     6999.950     7000.790     7006.020     7008.670
   700:     7008.740     7012.470     7014.560     7014.890     7020.920
   705:     7038.080     7039.260     7039.360     7058.200     7061.680
   710:     7066.680     7083.810     7142.670     7154.330     7155.550
   715:     7156.220     7156.620     7156.840     7156.960     7157.010
   720:     7157.310     7170.390     7196.870     7199.450     7199.760
   725:     7199.820     7202.240     7202.870     7203.070     7204.070
   730:     7204.680     7205.290     7205.440     7206.430     7206.940
   735:     7207.290     7207.390     7208.820     7211.230     7211.280
   740:     7214.880     7217.170     7217.580     7217.770     7218.100
   745:     7218.200     7218.290     7218.930     7224.220     7225.930
   750:     7226.240     7227.560     7229.180     7229.420     7229.460
   755:     7231.200     7231.370     7234.130     7238.550     7239.690
   760:     7239.820     7239.950     7240.400     7242.240     7242.750
   765:     7243.000     7243.270     7243.450     7243.520     7244.240
   770:     7244.280     7244.380     7245.170     7245.960     7247.590
   775:     7248.570     7251.370     7253.020     7253.120     7253.160
   780:     7253.410     7253.460     7254.680     7254.700     7254.750
   785:     7272.810     7273.580     7275.380     7275.770     7276.360
   790:     7276.810     7277.420     7279.750     7281.170     7281.390
   795:     7281.460     7282.280     7282.490     7283.080     7283.220
   800:     7283.620     7284.390     7284.630     7285.230     7286.630
   805:     7286.660     7286.760     7287.880     7288.550     7289.070
   810:     7289.190     7289.260     7289.630     7289.770     7290.090
   815:     7290.560     7290.610     7290.950     7290.980     7291.310
   820:     7292.780     7294.290     7294.690     7295.730     7297.420
   825:     7297.510     7298.060     7298.190     7308.030     7479.240
   830:     7479.580     7481.260     7481.660     7517.590     7517.810
   835:     7518.240     7551.630     7551.710     7552.980     7606.140
   840:     7681.520     7792.570     7796.660     7796.870     7797.350
   845:     7802.070     7803.890     7804.710     7805.390     7808.230
   850:     7809.190     7818.290     7819.890     7820.960     7822.130
   855:     7822.850     7823.670     7824.170     7824.540     7825.020
   860:     7825.640     7825.730     7827.410     7828.210     7838.330
   865:     7838.610     7839.880     7840.830     7841.640     7843.210
   870:     7846.130     7847.150     7848.410     7849.300     7864.000
   875:     7865.080     7867.430     7867.770     7868.730     7868.990
   880:     7869.050     7875.280     7890.520     7897.760     7899.080
   885:     7901.400     7903.960     7904.020     7904.160     7904.640
   890:     7913.610     7914.300     7928.470     7929.250     7940.780
   895:     7956.410     7960.680     7960.760     7962.410     7963.090
   900:     7963.240     7964.300     7968.300     7968.530     8026.070
   905:     8027.930     8042.930     8043.200     8043.580     8044.500
   910:     8045.130     8066.020     8072.740     8100.850     8103.280
   915:     8165.670     8170.830     8181.080     8202.140     8212.280
   920:     8222.640     8270.460     8275.150     8275.680     8276.320
   925:     8321.170     8325.820     8325.880     8373.240     8373.490
   930:     8374.190     8374.870     8375.420     8376.750     8377.230
   935:     8378.720     8378.800     8379.030     8379.090     8379.270
   940:     8379.300     8379.350     8438.970     8509.140     8525.990
   945:     8574.880     8575.040     8575.440     8577.010     8631.510
   950:     8660.420     8783.850     8784.690     8833.800     8869.530
   955:     8870.790     8947.240     8969.830     8970.920     9003.080
   960:     9003.280     9031.830     9044.980     9045.150     9064.080
   965:     9064.310     9064.510     9064.630     9064.770     9083.470
   970:     9084.980     9096.870     9098.080     9112.490     9128.780
   975:     9151.770     9153.280     9153.750     9183.760     9188.880
   980:     9211.840     9234.530     9267.800     9268.030     9286.620
   985:     9286.970     9287.020     9287.540     9287.710     9288.120
   990:     9288.220     9288.250     9288.810     9290.940     9291.110
   995:     9291.120     9297.390     9297.970     9312.760     9365.610
  1000:     9487.640     9488.920     9510.790     9511.100     9553.710
  1005:     9561.350     9607.220     9670.830     9741.980     9742.800
  1010:     9743.030     9743.160     9743.340     9770.340     9777.390
  1015:     9778.180     9781.320     9782.030     9784.130     9785.380
  1020:     9785.510     9786.320     9790.020     9794.490     9801.930
  1025:     9802.900     9810.280     9811.400     9823.910     9859.550
  1030:     9865.980     9874.950     9900.650    10074.930    10126.270
  1035:    10131.570    10141.370    10159.530    10159.980    10160.120
  1040:    10160.280    10187.150    10188.990    10264.450    10499.970
  1045:    10501.810    10502.520    10503.750    10507.690    10508.200
  1050:    10509.360    10528.130    10528.510    10529.420    10532.110
  1055:    10634.360    10634.410    10638.060    10700.200    10754.680
  1060:    10775.860    10800.010
