File: C:\MED-PC IV\DATA\!2025-08-28_13h03m.Subject T19



Start Date: 08/28/25
End Date: 08/28/25
Subject: T19
Experiment: OralFentSA
Group: One
Box: 7
Start Time: 13:03:53
End Time: 16:03:58
MSN: Golden_Liq_SelfAdmin_LIT
F:       0.000
G:     677.000
H:   10800.010
I:       0.000
J:       0.000
K:       0.000
L:       0.000
M:       0.000
N:       0.000
O:       0.000
P:       0.000
Q:       0.000
R:       0.000
S:       0.000
U:       0.000
V:       0.000
W:       0.000
X:       0.000
Y:       0.000
Z:       0.000
A:
     0:        0.000        0.000      180.000        4.000        0.000
     5:        5.000        0.000        5.000        0.000        0.000
    10:        1.000        0.000       10.000 30000000.000       21.000
    15:        9.000      320.000        0.000        0.000        0.000
    20:        0.000
B:
     0:        0.000        0.000        0.000      400.000        0.000
     5:      500.000        0.000      500.000        0.000        0.000
    10:        0.000        0.000     1000.000 3000000000.0        0.000
    15:        0.000        0.000        0.000        0.000        0.000
    20:        0.000
C:
     0:       10.000       11.000        0.000       11.000      539.000
     5:     9957.960        1.150       10.000      253.050       25.305
    10:       11.000       12.000        0.000        0.000        0.000
    15:        0.000        0.000        0.000        0.000        0.000
    20:        0.000
D:
     0:        6.620        1.600        1.250        1.510      225.820
     5:        1.480        1.700        9.880        2.040        1.150
E:
     0:       19.000       11.000       26.000       27.000        6.000
     5:        6.000        6.000        6.000        6.000        6.000
    10:        6.000        6.000        6.000        6.000        6.000
    15:        6.000        6.000        6.000        6.000        6.000
    20:        6.000        6.000        6.000        6.000        6.000
    25:        6.000        6.000        6.000        6.000        6.000
    30:        6.000        6.000        6.000        6.000        6.000
    35:        6.000        6.000        6.000        6.000        6.000
    40:        6.000        6.000        6.000        6.000        6.000
    45:        6.000        6.000        6.000        6.000        6.000
    50:        6.000        6.000        6.000        6.000        6.000
    55:        6.000        6.000        6.000        6.000        6.000
    60:        6.000        6.000        6.000        2.000        4.000
    65:       22.000       24.000       13.000        8.000        5.000
    70:       17.000       18.000       14.000       10.000        6.000
    75:       19.000        6.000        6.000        6.000        6.000
    80:        6.000        6.000        6.000        6.000        6.000
    85:        6.000        6.000        6.000        6.000        6.000
    90:        6.000        6.000        6.000        6.000        6.000
    95:        6.000        6.000        6.000        6.000        6.000
   100:        6.000        6.000        6.000        6.000        6.000
   105:        6.000        6.000        6.000        6.000        6.000
   110:        6.000        6.000        6.000       23.000       23.000
   115:       23.000       23.000       23.000       23.000       23.000
   120:       23.000        6.000        6.000        6.000        6.000
   125:        6.000        6.000        6.000        6.000        6.000
   130:        6.000        6.000        6.000        6.000        6.000
   135:        6.000        6.000        6.000        6.000        2.000
   140:        4.000       22.000       24.000       13.000        8.000
   145:        5.000       17.000        6.000        6.000        6.000
   150:       18.000       14.000       10.000        6.000        6.000
   155:       19.000        6.000        6.000        6.000        6.000
   160:        6.000        6.000        6.000        6.000        6.000
   165:        6.000        6.000        6.000        6.000        6.000
   170:        6.000        6.000        6.000        6.000        6.000
   175:        6.000        6.000        6.000        6.000        6.000
   180:        6.000        6.000        6.000        6.000        6.000
   185:        6.000        6.000        6.000        6.000        2.000
   190:        4.000       22.000       24.000       13.000        8.000
   195:        5.000       17.000        6.000        6.000       18.000
   200:       14.000       10.000        6.000        6.000       19.000
   205:        6.000        6.000        6.000        6.000        6.000
   210:        6.000        6.000        6.000        6.000        6.000
   215:        6.000        6.000        6.000        6.000        6.000
   220:        6.000        6.000        6.000        6.000        6.000
   225:        6.000        6.000        6.000        6.000        6.000
   230:        6.000        6.000        6.000        6.000        6.000
   235:        6.000        6.000        6.000        6.000        6.000
   240:        6.000        6.000        6.000       23.000        6.000
   245:        6.000        2.000        4.000       22.000       24.000
   250:       13.000        8.000        5.000       17.000        6.000
   255:        6.000       18.000        6.000       14.000       10.000
   260:        6.000       19.000        6.000        6.000        6.000
   265:        6.000        6.000        6.000        6.000        6.000
   270:        6.000        6.000        6.000        6.000        2.000
   275:        4.000       22.000       24.000       13.000        8.000
   280:        5.000       17.000       18.000       14.000       10.000
   285:       19.000        6.000        6.000        6.000        6.000
   290:        6.000        6.000        2.000        4.000       22.000
   295:       24.000       13.000        8.000        5.000       17.000
   300:        6.000        6.000       18.000       14.000       10.000
   305:       19.000        6.000        6.000        6.000        6.000
   310:        6.000        6.000        6.000        6.000        6.000
   315:        6.000        6.000        6.000        6.000        6.000
   320:        6.000        6.000        6.000        6.000        6.000
   325:        6.000        6.000        6.000        6.000        6.000
   330:        6.000        6.000        6.000        6.000        6.000
   335:        6.000        6.000        6.000        6.000        6.000
   340:        6.000        6.000        6.000        6.000        6.000
   345:        6.000        6.000        6.000        6.000        6.000
   350:        6.000        6.000        6.000        6.000        6.000
   355:        6.000        6.000        6.000        6.000        6.000
   360:        6.000        6.000        6.000        6.000        6.000
   365:        6.000        6.000        6.000        6.000        6.000
   370:        6.000        6.000        6.000        6.000        6.000
   375:        6.000        6.000        6.000        6.000        6.000
   380:        6.000        6.000        6.000        6.000        6.000
   385:        6.000        6.000        6.000        6.000        6.000
   390:        6.000        6.000        6.000        6.000        6.000
   395:        6.000        6.000        6.000       23.000        6.000
   400:        6.000        6.000        2.000        4.000       22.000
   405:       24.000       13.000        8.000        5.000       17.000
   410:        6.000        6.000       18.000       14.000       10.000
   415:        6.000        6.000       19.000       23.000        6.000
   420:        6.000        6.000        6.000        6.000        6.000
   425:        6.000        6.000        6.000        6.000        6.000
   430:        6.000        6.000        6.000        6.000        6.000
   435:        6.000        6.000        6.000        6.000        6.000
   440:        6.000        6.000        6.000        6.000        6.000
   445:        6.000        6.000        6.000        6.000        6.000
   450:        6.000        6.000        6.000        6.000        6.000
   455:        6.000        6.000        6.000        6.000        6.000
   460:        2.000        4.000       22.000       24.000       13.000
   465:        8.000        5.000       17.000       21.000       22.000
   470:       18.000       14.000       10.000        6.000       19.000
   475:        6.000        6.000        6.000        6.000        6.000
   480:        6.000        2.000        4.000       22.000       24.000
   485:       13.000        8.000        5.000       17.000        6.000
   490:        6.000        6.000       18.000       14.000       10.000
   495:        6.000       19.000        6.000        6.000        6.000
   500:        6.000        6.000        6.000        6.000        6.000
   505:        6.000        6.000        6.000        6.000        6.000
   510:        6.000        6.000        6.000        6.000        6.000
   515:        6.000        6.000        6.000        6.000        6.000
   520:        6.000        6.000        6.000        6.000        6.000
   525:        6.000        6.000        6.000       23.000        6.000
   530:        6.000        6.000        6.000        6.000        6.000
   535:        6.000        6.000        6.000        6.000        6.000
   540:        6.000        6.000        6.000        6.000        6.000
   545:        6.000        6.000        6.000        6.000        6.000
   550:        6.000        6.000        6.000        6.000        6.000
   555:        6.000        6.000        6.000        6.000        6.000
   560:        6.000        6.000        6.000        6.000        6.000
   565:        6.000        6.000        6.000        6.000        6.000
   570:        6.000        6.000        6.000        6.000        6.000
   575:        6.000        6.000        6.000        6.000        6.000
   580:        6.000        6.000        6.000        6.000        6.000
   585:        6.000        6.000        6.000        6.000        6.000
   590:        6.000        6.000        6.000        6.000        6.000
   595:        6.000        6.000        6.000        6.000        6.000
   600:        6.000        6.000        6.000        6.000        6.000
   605:        6.000        6.000        6.000        6.000        6.000
   610:        6.000        6.000        6.000        2.000        4.000
   615:       22.000       24.000       13.000        8.000        5.000
   620:       17.000        6.000        6.000       18.000       14.000
   625:       10.000        6.000       19.000        6.000        6.000
   630:        6.000        6.000        6.000        6.000        6.000
   635:        6.000        6.000        6.000        6.000        6.000
   640:        6.000        6.000        6.000        6.000        6.000
   645:        6.000        6.000        6.000        6.000        6.000
   650:        6.000        6.000        6.000        6.000        6.000
   655:        6.000        6.000        6.000        6.000        6.000
   660:        6.000        6.000        6.000        6.000        6.000
   665:        6.000        6.000        6.000        6.000        6.000
   670:        6.000        6.000        6.000        6.000        6.000
   675:        6.000        6.000      100.000
T:
     0:        0.000        0.000        0.000        0.000        2.750
     5:        3.500        5.620        5.800       34.820       35.040
    10:       35.140       35.820       38.660       62.910       63.100
    15:       63.450       80.990       97.600      100.200      101.780
    20:      104.580      105.490      110.270      110.370      137.390
    25:      146.800      148.250      148.440      148.660      151.120
    30:      152.620      152.650      162.580      162.610      177.960
    35:      178.200      178.960      179.550      180.730      180.800
    40:      187.570      187.620      190.340      190.360      191.550
    45:      191.650      223.870      224.120      224.430      230.140
    50:      230.720      231.080      244.500      261.340      276.920
    55:      277.430      278.620      280.170      281.240      281.290
    60:      296.130      297.380      297.540      302.460      302.460
    65:      302.460      302.470      302.470      302.470      302.470
    70:      302.470      306.470      307.470      307.470      309.090
    75:      312.460      313.980      315.210      318.950      323.330
    80:      324.730      347.220      348.760      348.970      349.040
    85:      379.080      379.330      382.830      385.250      385.290
    90:      393.510      399.910      401.840      402.610      411.880
    95:      412.180      429.410      430.900      467.730      468.100
   100:      468.480      483.380      486.380      486.590      556.190
   105:      558.250      575.880      575.910      582.380      582.850
   110:      592.020      607.450      609.040      628.720      630.120
   115:      631.140      632.310      635.290      640.100      641.400
   120:      642.420      679.410      679.450      707.420      708.130
   125:      730.750      732.770      732.870      733.360      734.270
   130:      734.330      774.220      774.350      774.950      780.040
   135:      889.400      889.550      890.350      890.610      892.860
   140:      892.860      892.860      892.870      892.870      892.870
   145:      892.870      892.870      894.470      894.680      894.720
   150:      896.870      897.870      897.870      898.550      899.060
   155:      902.860      904.530      907.960      908.190      908.880
   160:      909.620      909.680      954.190      954.850     1002.080
   165:     1321.560     1322.040     1330.240     1330.410     1331.460
   170:     1332.830     1333.450     1334.230     1346.870     1405.490
   175:     1405.880     1406.090     1417.550     1426.530     1426.650
   180:     1427.470     1428.130     1429.190     1435.230     1435.350
   185:     1435.560     1436.470     1437.810     1438.150     1441.970
   190:     1441.970     1441.970     1441.980     1441.980     1441.980
   195:     1441.980     1441.980     1443.230     1445.610     1445.980
   200:     1446.980     1446.980     1447.870     1450.330     1451.970
   205:     1461.700     1463.160     1466.430     1782.930     1885.600
   210:     1885.730     1886.270     2045.030     2045.100     2045.370
   215:     2047.330     2048.500     2049.230     2051.920     2318.440
   220:     2319.140     2337.400     2337.690     2339.200     2339.830
   225:     2366.810     2411.570     2419.120     2437.870     2438.230
   230:     2628.090     2641.660     2642.020     2642.910     2642.990
   235:     2643.360     2643.790     2643.890     2644.140     2744.920
   240:     2769.320     2793.090     2793.490     3012.750     3085.950
   245:     3283.110     3285.810     3285.810     3285.810     3285.820
   250:     3285.820     3285.820     3285.820     3285.820     3287.330
   255:     3288.700     3289.820     3290.290     3290.820     3290.820
   260:     3294.090     3295.810     3296.610     3299.920     3299.950
   265:     3300.000     3401.170     3404.320     3563.450     3613.290
   270:     3723.420     3723.480     3778.620     3779.100     3805.920
   275:     3805.920     3805.920     3805.930     3805.930     3805.930
   280:     3805.930     3805.930     3809.930     3810.930     3810.930
   285:     3815.920     4031.750     4034.610     4088.850     4093.920
   290:     4140.980     4144.750     4147.870     4147.870     4147.870
   295:     4147.880     4147.880     4147.880     4147.880     4147.880
   300:     4149.360     4150.950     4151.880     4152.880     4152.880
   305:     4157.870     4289.300     4292.000     4295.070     4295.160
   310:     4295.190     4295.410     4295.450     4295.810     4297.950
   315:     4299.020     4299.490     4299.670     4299.700     4299.730
   320:     4300.050     4300.180     4300.250     4301.680     4301.980
   325:     4303.960     4318.750     4318.830     4358.450     4368.170
   330:     4368.540     4369.360     4391.120     4934.450     4936.990
   335:     4938.710     5169.480     5169.630     5171.560     5563.790
   340:     5564.140     5626.390     5630.430     5742.250     5742.430
   345:     5742.700     5784.590     5785.310     5786.230     5786.520
   350:     5787.750     5787.900     5794.610     5803.520     5831.680
   355:     5865.660     5868.700     5889.540     5962.970     6005.020
   360:     6030.220     6035.160     6035.520     6035.720     6036.250
   365:     6037.350     6037.440     6037.840     6037.880     6045.640
   370:     6045.680     6046.900     6047.110     6051.540     6051.650
   375:     6052.110     6052.310     6052.590     6052.960     6053.180
   380:     6053.530     6054.120     6113.560     6184.920     6232.090
   385:     6232.780     6236.760     6237.400     6238.350     6253.300
   390:     6257.280     6257.760     6258.020     6299.970     6314.420
   395:     6466.560     6499.650     6506.700     6526.000     6531.560
   400:     6543.290     6543.610     6551.950     6551.950     6551.950
   405:     6551.960     6551.960     6551.960     6551.960     6551.960
   410:     6553.660     6555.360     6555.960     6556.960     6556.960
   415:     6557.010     6558.410     6561.950     6622.560     6661.050
   420:     6704.620     6708.030     6708.110     6708.120     6725.980
   425:     6726.120     6730.120     6730.790     6731.790     6732.370
   430:     6732.720     6732.750     6732.960     6733.130     6734.560
   435:     7027.200     7027.300     7032.930     7033.320     7033.640
   440:     7036.680     7039.050     7039.330     7040.560     7040.640
   445:     7040.980     7044.020     7044.900     7045.580     7045.820
   450:     7047.860     7047.980     7048.030     7048.550     7050.620
   455:     7053.240     7054.930     7060.320     7093.010     7099.490
   460:     7112.710     7112.710     7112.710     7112.720     7112.720
   465:     7112.720     7112.720     7112.720     7115.760     7115.760
   470:     7116.720     7117.720     7117.720     7122.600     7122.710
   475:     7426.600     7427.430     7446.520     7446.550     7446.740
   480:     7675.470     7680.320     7680.320     7680.320     7680.330
   485:     7680.330     7680.330     7680.330     7680.330     7682.370
   490:     7683.930     7684.240     7684.330     7685.330     7685.330
   495:     7687.490     7690.320     8093.080     8095.640     8097.250
   500:     8099.580     8102.990     8120.820     8123.700     8547.720
   505:     8547.990     8553.060     8889.520     8889.800     8890.120
   510:     8890.660     8890.750     9048.720     9048.830     9049.510
   515:     9049.590     9050.030     9052.280     9052.870     9055.810
   520:     9056.480     9345.870     9351.610     9351.910     9365.410
   525:     9365.580     9366.630     9366.670     9406.500     9447.570
   530:     9463.040     9507.470     9528.130     9528.180     9556.320
   535:     9561.630     9563.500     9563.810     9565.990     9566.090
   540:     9568.840     9569.570     9573.460     9574.080     9574.090
   545:     9575.240     9575.390     9577.110     9584.370     9584.410
   550:     9590.820     9590.970     9595.200     9608.730     9608.820
   555:     9610.610     9621.680     9622.700     9622.920     9622.990
   560:     9623.230     9634.180     9635.130     9637.760     9649.740
   565:     9677.420     9682.840     9731.020     9737.340     9739.120
   570:     9739.470     9748.600     9751.150     9751.380     9761.040
   575:     9761.450     9761.480     9761.590     9761.740     9761.760
   580:     9761.960     9762.020     9762.170     9762.300     9762.560
   585:     9762.680     9762.820     9762.850     9762.880     9763.170
   590:     9763.230     9763.410     9763.470     9763.510     9763.970
   595:     9764.110     9764.170     9768.860     9793.310     9810.100
   600:     9810.130     9810.170     9810.230     9810.250     9810.350
   605:     9813.260     9824.960     9846.650     9878.010     9906.940
   610:     9934.250     9936.190     9955.570     9957.950     9957.950
   615:     9957.950     9957.960     9957.960     9957.960     9957.960
   620:     9957.960     9959.110     9960.560     9961.960     9962.960
   625:     9962.960     9967.310     9967.950     9969.610     9969.640
   630:     9972.620     9972.700     9972.760     9978.210     9980.990
   635:     9981.070     9981.220    10000.530    10000.700    10018.640
   640:    10019.010    10021.640    10061.530    10061.670    10062.730
   645:    10062.800    10062.900    10074.840    10075.230    10075.580
   650:    10075.630    10076.280    10076.980    10077.000    10077.060
   655:    10077.130    10078.590    10078.710    10079.190    10082.090
   660:    10082.840    10082.880    10087.760    10088.590    10110.780
   665:    10111.340    10111.530    10119.840    10137.760    10645.080
   670:    10717.530    10718.890    10774.830    10778.510    10788.080
   675:    10788.490    10788.520    10800.010
