File: C:\MED-PC IV\DATA\!2025-09-09_12h32m.Subject T19



Start Date: 09/09/25
End Date: 09/09/25
Subject: T19
Experiment: OralFentSA
Group: One
Box: 7
Start Time: 12:32:39
End Time: 15:32:40
MSN: Golden_Liq_SelfAdmin_EXT_LIT
F:       0.000
G:    2484.000
H:   10800.010
I:       0.000
J:       0.000
K:       0.000
L:       0.000
M:       0.000
N:       0.000
O:       0.000
P:       0.000
Q:       0.000
R:       0.000
S:       0.000
U:       0.000
V:       0.000
W:       0.000
X:       0.000
Y:       0.000
Z:       0.000
A:
     0:        0.000        0.000      180.000        4.000        0.000
     5:        5.000        0.000        5.000        0.000        0.000
    10:        1.000        0.000       10.000 100000000.00       21.000
    15:       17.000      640.000        0.000        0.000        0.000
    20:        0.000
B:
     0:        0.000        0.000        0.000        0.000        0.000
     5:        0.000        0.000        0.000        0.000        0.000
    10:        0.000        0.000     1000.000 10000000000.        0.000
    15:        0.000        0.000        0.000        0.000        0.000
    20:        0.000
C:
     0:        0.000       31.000        0.000       69.000     2204.000
     5:    10749.830        1.030       30.000      158.850        5.295
    10:       69.000       48.000        0.000        0.000        0.000
    15:        0.000        0.000        0.000        0.000        0.000
    20:        0.000
D:
     0:       27.050        1.080        1.120        6.970        0.860
     5:        3.980       10.120        1.200        4.970        1.030
    10:        3.650        0.680        0.810        5.330        1.290
    15:        1.080        2.320        1.000        5.670        5.110
    20:        0.950       10.070        2.500        0.590        1.550
    25:       38.040        0.840        2.410       15.550        1.030
E:
     0:       19.000       11.000       26.000       27.000        6.000
     5:        6.000        6.000        6.000        6.000        6.000
    10:        6.000        6.000        6.000        6.000        6.000
    15:        6.000        6.000        6.000        6.000        6.000
    20:        6.000        6.000        6.000        6.000        6.000
    25:        6.000        6.000        6.000        6.000        6.000
    30:        6.000        6.000        6.000        6.000        6.000
    35:        6.000        2.000        4.000       22.000       24.000
    40:       21.000       22.000       21.000       22.000       19.000
    45:        6.000        6.000        6.000        6.000        6.000
    50:       23.000       23.000        6.000        6.000        6.000
    55:        6.000        6.000        6.000        6.000        6.000
    60:        6.000        6.000        6.000        6.000        6.000
    65:        6.000        6.000        6.000        6.000        6.000
    70:        6.000        6.000        6.000        6.000        6.000
    75:        6.000        6.000        6.000        6.000        6.000
    80:        6.000        6.000        6.000        6.000        6.000
    85:        6.000        6.000        6.000        6.000        6.000
    90:        6.000        6.000        6.000        6.000        6.000
    95:        6.000        6.000        6.000        6.000        6.000
   100:        6.000        6.000        6.000       23.000        6.000
   105:        6.000        6.000        6.000        6.000        6.000
   110:        6.000        6.000        6.000        6.000        6.000
   115:        6.000        6.000        6.000        6.000        6.000
   120:        6.000        6.000        6.000        6.000        6.000
   125:        6.000        6.000        6.000        6.000        6.000
   130:        6.000        6.000        6.000        6.000        6.000
   135:        6.000        6.000        6.000        6.000        6.000
   140:        6.000        6.000        6.000        6.000        6.000
   145:        6.000        6.000        6.000        6.000        6.000
   150:        6.000        6.000        6.000        6.000        6.000
   155:        6.000        6.000        6.000        6.000        6.000
   160:        6.000        6.000        6.000        6.000        6.000
   165:        6.000        6.000        6.000        6.000        6.000
   170:        6.000        6.000        6.000        6.000        6.000
   175:        6.000        6.000        6.000        6.000        6.000
   180:        6.000        6.000        6.000        6.000        6.000
   185:        6.000        6.000        6.000        6.000        6.000
   190:        6.000        6.000        6.000        6.000        2.000
   195:        4.000       22.000       24.000        6.000        6.000
   200:        6.000        6.000        6.000        6.000        6.000
   205:        6.000        6.000        6.000        6.000       19.000
   210:        6.000        6.000        6.000        6.000        6.000
   215:        6.000        6.000        6.000        6.000        6.000
   220:        6.000        6.000        6.000        6.000        6.000
   225:        6.000        6.000        6.000        6.000        6.000
   230:        6.000        6.000        6.000        6.000        6.000
   235:        6.000        6.000        6.000        6.000        6.000
   240:        6.000        6.000        6.000        6.000       23.000
   245:        6.000        6.000        6.000        6.000        6.000
   250:        6.000        6.000        6.000        6.000        6.000
   255:        6.000        6.000        6.000        6.000        6.000
   260:        6.000        6.000        6.000        6.000        6.000
   265:        6.000        6.000        6.000        6.000        6.000
   270:        6.000        6.000        6.000        6.000        6.000
   275:        6.000        6.000        6.000        6.000        6.000
   280:        6.000        6.000        6.000        6.000        6.000
   285:        6.000        2.000        4.000       22.000       24.000
   290:        6.000        6.000       19.000        6.000        6.000
   295:        6.000        6.000        6.000        6.000        6.000
   300:        6.000        6.000        6.000        6.000        6.000
   305:        6.000        6.000        6.000        6.000        6.000
   310:        6.000        6.000        6.000        6.000        6.000
   315:        6.000        6.000        6.000        6.000        6.000
   320:        6.000        6.000        6.000        6.000        6.000
   325:        6.000        6.000        6.000        6.000        6.000
   330:        6.000        6.000       23.000        6.000        6.000
   335:        6.000        6.000        6.000        6.000        6.000
   340:        6.000        6.000        6.000        6.000        6.000
   345:        6.000        6.000        6.000        6.000        6.000
   350:        6.000        6.000        6.000        6.000        6.000
   355:        6.000        6.000        6.000        6.000        6.000
   360:        6.000        6.000        6.000        6.000        6.000
   365:        6.000        6.000        6.000        6.000        6.000
   370:        6.000        6.000        6.000        6.000        6.000
   375:        6.000        6.000        6.000        6.000        6.000
   380:        6.000        6.000        6.000        6.000        6.000
   385:        6.000        6.000        6.000        6.000        6.000
   390:        6.000        6.000        6.000        6.000        6.000
   395:       23.000        6.000        6.000        6.000        6.000
   400:        6.000        6.000        6.000        6.000        2.000
   405:        4.000       22.000       24.000        6.000        6.000
   410:        6.000       19.000       23.000        6.000        6.000
   415:        6.000        6.000        6.000        6.000        6.000
   420:        6.000        6.000        6.000        6.000        6.000
   425:        6.000        6.000        6.000        6.000        6.000
   430:        6.000        6.000        6.000        6.000        6.000
   435:        6.000        6.000        6.000       23.000       23.000
   440:        6.000        6.000        6.000        6.000        6.000
   445:        6.000        6.000        6.000        6.000        6.000
   450:        6.000        6.000        6.000        6.000        6.000
   455:        6.000        6.000        6.000        6.000        6.000
   460:        6.000        6.000        6.000        6.000        6.000
   465:        6.000        6.000        6.000        6.000        6.000
   470:        6.000        6.000        6.000        6.000        6.000
   475:        6.000        6.000        6.000        6.000        6.000
   480:        6.000        6.000        6.000        6.000        6.000
   485:        6.000        6.000        6.000        6.000        6.000
   490:        6.000        6.000        6.000        6.000        6.000
   495:       23.000        6.000        6.000        6.000        6.000
   500:        6.000        6.000        6.000        6.000        6.000
   505:        6.000        6.000        6.000        6.000        6.000
   510:        6.000        6.000        6.000        6.000        2.000
   515:        4.000       22.000       24.000        6.000        6.000
   520:        6.000        6.000        6.000       21.000       22.000
   525:        6.000        6.000        6.000       19.000        6.000
   530:        6.000        6.000        6.000        6.000        6.000
   535:        6.000        6.000        6.000        6.000        6.000
   540:        6.000        6.000        6.000        6.000        6.000
   545:        6.000        6.000        6.000        6.000        6.000
   550:        6.000        6.000        6.000        6.000        6.000
   555:        6.000        6.000        6.000        6.000        6.000
   560:        6.000        6.000        6.000        6.000        6.000
   565:        6.000        6.000        6.000        6.000        6.000
   570:        6.000        6.000        6.000        6.000        6.000
   575:        6.000        6.000        6.000        6.000        6.000
   580:        6.000        6.000        6.000        6.000        6.000
   585:        6.000        6.000        6.000        6.000        6.000
   590:        6.000        6.000        6.000        6.000        6.000
   595:        6.000        6.000        6.000        6.000        6.000
   600:        6.000        6.000        6.000        6.000        6.000
   605:        6.000        6.000        6.000        6.000        6.000
   610:        6.000        6.000        6.000        6.000        6.000
   615:        6.000        6.000        6.000        6.000        6.000
   620:        6.000        6.000        6.000        6.000        6.000
   625:        6.000        6.000        6.000        6.000        6.000
   630:        6.000        6.000        6.000        6.000        6.000
   635:        6.000        6.000        6.000        6.000        6.000
   640:        6.000        6.000        6.000        6.000        6.000
   645:        6.000        6.000        6.000        6.000        6.000
   650:        6.000        6.000        6.000        6.000        6.000
   655:        6.000        6.000        6.000        6.000        6.000
   660:        6.000        6.000        6.000        6.000        6.000
   665:        6.000        6.000        6.000        6.000        6.000
   670:        6.000        6.000        6.000        6.000        6.000
   675:        6.000        6.000        6.000        6.000        6.000
   680:        6.000        6.000        6.000        6.000        6.000
   685:        6.000        6.000        6.000        6.000        6.000
   690:        6.000        6.000        6.000        6.000        6.000
   695:        6.000        6.000        6.000        6.000        6.000
   700:        6.000        6.000        6.000        6.000        6.000
   705:        6.000        6.000        6.000        6.000        6.000
   710:        6.000        6.000        6.000        6.000        6.000
   715:        6.000        6.000        6.000        6.000        6.000
   720:        2.000        4.000       22.000       24.000       21.000
   725:       22.000       21.000       22.000       21.000       22.000
   730:        6.000        6.000        6.000       21.000       22.000
   735:       21.000       22.000       21.000       22.000       21.000
   740:       22.000       21.000       22.000       21.000       22.000
   745:       19.000        2.000        4.000       22.000       24.000
   750:       19.000        6.000        6.000        6.000        6.000
   755:        6.000        6.000        6.000        6.000        6.000
   760:        6.000        6.000        6.000        6.000        6.000
   765:        6.000        6.000        6.000        6.000        6.000
   770:        6.000        6.000        6.000        6.000        6.000
   775:        6.000        6.000        6.000        6.000        6.000
   780:        6.000        6.000        6.000        6.000        6.000
   785:        6.000        6.000        6.000        6.000        6.000
   790:        6.000        6.000        6.000        6.000        6.000
   795:        6.000        6.000        6.000        6.000        6.000
   800:       23.000        6.000        6.000        6.000        6.000
   805:        6.000        6.000       23.000       23.000       23.000
   810:        6.000        6.000        6.000        6.000        6.000
   815:        6.000        6.000        6.000        6.000        6.000
   820:        6.000        6.000        6.000        6.000        6.000
   825:        6.000        6.000        6.000        6.000        6.000
   830:        6.000        6.000        6.000        6.000        6.000
   835:        6.000        6.000        6.000        6.000        6.000
   840:        6.000        6.000        6.000        6.000        6.000
   845:        6.000        6.000        6.000        6.000        6.000
   850:        6.000        6.000        6.000        6.000        6.000
   855:        6.000        6.000        6.000        6.000        6.000
   860:        6.000        6.000        6.000        6.000        6.000
   865:        6.000        6.000        6.000        6.000        6.000
   870:        6.000        6.000        6.000        6.000        6.000
   875:        6.000        6.000        6.000        6.000        6.000
   880:        6.000        6.000        6.000        6.000        6.000
   885:        6.000        6.000        6.000        6.000        6.000
   890:        6.000        6.000        6.000        6.000        6.000
   895:        6.000        6.000        6.000        6.000        6.000
   900:        6.000        6.000        6.000        6.000        6.000
   905:        6.000        6.000        6.000        6.000        6.000
   910:        6.000        6.000        6.000        6.000        6.000
   915:        6.000        6.000        6.000        6.000        6.000
   920:        6.000        6.000        6.000        6.000        6.000
   925:        6.000        6.000        6.000        2.000        4.000
   930:       22.000       24.000       21.000       22.000        6.000
   935:        6.000        6.000        6.000        6.000        6.000
   940:        6.000        6.000        6.000       19.000        6.000
   945:        6.000        6.000        6.000        6.000        6.000
   950:        6.000        6.000        6.000        6.000        6.000
   955:        6.000        6.000        6.000        6.000        6.000
   960:        6.000        6.000        6.000        6.000        6.000
   965:        6.000        6.000        2.000        4.000       22.000
   970:       24.000        6.000        6.000        6.000       19.000
   975:        6.000        6.000        6.000        6.000        6.000
   980:        6.000        6.000        6.000        6.000        6.000
   985:        6.000        6.000        6.000        6.000        6.000
   990:        6.000        6.000        6.000        6.000        6.000
   995:        6.000        6.000        6.000        6.000        6.000
  1000:        6.000        6.000        6.000        6.000        6.000
  1005:        6.000        6.000        6.000        6.000        6.000
  1010:        6.000        6.000        6.000        6.000        6.000
  1015:        6.000        6.000        6.000        6.000        6.000
  1020:        6.000        6.000        6.000        6.000        6.000
  1025:        6.000        6.000        6.000        6.000        6.000
  1030:        6.000        6.000        6.000        6.000        6.000
  1035:        6.000        6.000        6.000        6.000        6.000
  1040:        6.000        6.000        6.000        6.000        6.000
  1045:        6.000        6.000        6.000        6.000        6.000
  1050:        6.000        6.000        6.000        6.000        6.000
  1055:        6.000        6.000        6.000        6.000        6.000
  1060:        6.000        6.000        6.000        6.000        6.000
  1065:        6.000        6.000        6.000        6.000        6.000
  1070:        6.000        6.000        6.000        6.000        6.000
  1075:        6.000        6.000        6.000        6.000        6.000
  1080:        6.000        6.000        6.000        6.000        6.000
  1085:        6.000        6.000        6.000        6.000        6.000
  1090:        6.000        6.000        6.000        6.000        6.000
  1095:        6.000        6.000        6.000        6.000        6.000
  1100:        6.000        6.000        6.000        6.000        6.000
  1105:        6.000        6.000        6.000        6.000        6.000
  1110:        6.000        6.000        6.000        6.000        6.000
  1115:        6.000        6.000        6.000        6.000        6.000
  1120:        6.000        6.000        6.000        6.000        6.000
  1125:        6.000        6.000        6.000        6.000        6.000
  1130:        6.000        6.000        6.000        6.000        6.000
  1135:        6.000        6.000        6.000        6.000        6.000
  1140:        6.000        6.000        6.000        6.000        6.000
  1145:        6.000        6.000        6.000        6.000        6.000
  1150:        6.000        6.000        6.000        6.000        6.000
  1155:        6.000        6.000        6.000        6.000        6.000
  1160:        6.000        6.000        6.000        6.000        6.000
  1165:        6.000        6.000        6.000        6.000        6.000
  1170:        6.000        6.000        6.000        6.000        6.000
  1175:        6.000        6.000        6.000        6.000        6.000
  1180:        6.000        6.000        6.000        6.000        6.000
  1185:        6.000        6.000        6.000        6.000        6.000
  1190:        6.000        6.000        6.000        6.000        6.000
  1195:        6.000        6.000        6.000        6.000        6.000
  1200:        6.000        6.000        6.000        6.000        6.000
  1205:        6.000        6.000        6.000        6.000        6.000
  1210:        6.000        6.000        6.000        6.000        6.000
  1215:        6.000        6.000        6.000        6.000        6.000
  1220:        6.000        6.000        6.000        6.000        6.000
  1225:        6.000        6.000        6.000        6.000        6.000
  1230:        6.000        6.000        6.000        6.000        6.000
  1235:        6.000        6.000        6.000        6.000        6.000
  1240:        6.000        6.000        6.000        6.000        6.000
  1245:        6.000        6.000        6.000        6.000        6.000
  1250:        6.000        6.000        6.000        6.000        6.000
  1255:        6.000        6.000        2.000        4.000       22.000
  1260:       24.000        6.000        6.000        6.000        6.000
  1265:        6.000        6.000       19.000        6.000        6.000
  1270:        6.000        6.000        6.000        6.000        6.000
  1275:        6.000        6.000        6.000        6.000        6.000
  1280:        6.000        6.000        6.000        6.000        6.000
  1285:        6.000        6.000        6.000        6.000        6.000
  1290:        6.000        6.000        6.000        6.000        6.000
  1295:        6.000        6.000        6.000        6.000        6.000
  1300:        6.000        6.000        6.000        6.000        6.000
  1305:        6.000        6.000        6.000        6.000        6.000
  1310:        6.000        6.000        6.000        6.000        6.000
  1315:        6.000        6.000        6.000        6.000        6.000
  1320:        6.000        6.000        6.000        6.000        6.000
  1325:        6.000        6.000        6.000        6.000        6.000
  1330:        6.000        6.000        6.000        6.000        6.000
  1335:        6.000        6.000        2.000        4.000       22.000
  1340:       24.000       21.000       22.000       21.000       22.000
  1345:       21.000       22.000       21.000       22.000        6.000
  1350:        6.000        6.000        6.000        6.000        6.000
  1355:        6.000       21.000       22.000       21.000       22.000
  1360:       21.000       22.000       19.000        2.000        4.000
  1365:       22.000       24.000        6.000        6.000        6.000
  1370:        6.000        6.000        6.000        6.000        6.000
  1375:        6.000        6.000        6.000        6.000        6.000
  1380:        6.000        6.000       19.000        6.000        6.000
  1385:        6.000        6.000        6.000        6.000        6.000
  1390:        6.000        6.000        6.000        6.000        6.000
  1395:       23.000        6.000        6.000        6.000        6.000
  1400:        6.000        6.000        6.000        6.000        6.000
  1405:        6.000        6.000        6.000        6.000        6.000
  1410:        6.000        6.000        6.000        6.000        6.000
  1415:        6.000        6.000        6.000        6.000        6.000
  1420:        6.000        6.000        6.000        6.000        6.000
  1425:        6.000        6.000        6.000        6.000        6.000
  1430:        6.000        6.000        6.000        6.000        6.000
  1435:        6.000        6.000        6.000        6.000        6.000
  1440:        6.000        6.000        6.000        6.000        6.000
  1445:        6.000        6.000        2.000        4.000       22.000
  1450:       24.000        6.000        6.000       21.000       22.000
  1455:       21.000       22.000       19.000        6.000        6.000
  1460:        6.000        6.000        6.000        6.000        6.000
  1465:        6.000        2.000        4.000       22.000       24.000
  1470:       21.000       22.000       21.000       22.000        6.000
  1475:        6.000        6.000        6.000        6.000        6.000
  1480:        6.000        6.000       19.000        6.000        6.000
  1485:        6.000        6.000        6.000        6.000        6.000
  1490:        6.000        6.000        6.000        6.000        6.000
  1495:        6.000        6.000        6.000        6.000        6.000
  1500:        6.000        6.000        6.000        6.000        6.000
  1505:        6.000        6.000        6.000        6.000        6.000
  1510:        6.000        6.000        6.000        6.000        6.000
  1515:        6.000        6.000        6.000        6.000        6.000
  1520:        6.000        6.000        6.000        6.000        6.000
  1525:        6.000        6.000        6.000        6.000        6.000
  1530:        6.000        6.000        6.000        6.000        6.000
  1535:        6.000        6.000        6.000        6.000        6.000
  1540:        6.000        6.000        6.000        6.000        6.000
  1545:        6.000        6.000        6.000        6.000        6.000
  1550:        6.000        6.000        6.000       23.000       23.000
  1555:        6.000        6.000        6.000        6.000        6.000
  1560:        6.000        6.000        6.000        6.000        6.000
  1565:        6.000        6.000        6.000        6.000        6.000
  1570:        6.000        6.000        6.000        6.000        6.000
  1575:        6.000        6.000        6.000        6.000        6.000
  1580:        6.000        6.000        6.000        6.000        6.000
  1585:        6.000        6.000        6.000        6.000        6.000
  1590:        6.000        6.000        6.000        6.000        6.000
  1595:        6.000        6.000        6.000        6.000        6.000
  1600:        6.000        6.000        6.000        6.000        6.000
  1605:        6.000        6.000        6.000        6.000        6.000
  1610:        6.000        6.000        2.000        4.000       22.000
  1615:       24.000        6.000        6.000        6.000        6.000
  1620:       21.000       22.000       21.000       22.000       21.000
  1625:       22.000       21.000       22.000        6.000        6.000
  1630:        6.000        6.000       19.000        6.000        6.000
  1635:        6.000        6.000        6.000        6.000        2.000
  1640:        4.000       22.000       24.000        6.000        6.000
  1645:        6.000        6.000        6.000        6.000        6.000
  1650:        6.000        6.000        6.000        6.000        6.000
  1655:        6.000        6.000        6.000        6.000        6.000
  1660:        6.000        6.000        6.000       19.000        6.000
  1665:        6.000        6.000        6.000        6.000        6.000
  1670:        6.000        6.000        6.000        6.000        6.000
  1675:        6.000        6.000        6.000        6.000        6.000
  1680:        6.000        6.000        6.000        6.000        6.000
  1685:        6.000        6.000        6.000        6.000        6.000
  1690:        6.000        6.000        6.000        6.000        6.000
  1695:        6.000        6.000        6.000        6.000        6.000
  1700:        6.000        6.000        6.000        6.000        6.000
  1705:        6.000        6.000        6.000        6.000        6.000
  1710:        6.000        6.000        6.000        6.000        6.000
  1715:       23.000        6.000        6.000        6.000        6.000
  1720:        6.000        6.000        6.000        6.000        6.000
  1725:        6.000        6.000        6.000        6.000        6.000
  1730:        6.000        6.000        6.000        6.000        6.000
  1735:        6.000        6.000        6.000        6.000        6.000
  1740:        6.000        6.000        6.000        6.000        6.000
  1745:        6.000        6.000        6.000        6.000        6.000
  1750:        6.000        6.000        6.000        6.000        6.000
  1755:        6.000        2.000        4.000       22.000       24.000
  1760:       21.000       22.000        6.000        6.000        6.000
  1765:        6.000        6.000        6.000        6.000       19.000
  1770:        6.000        6.000        6.000        6.000        6.000
  1775:        6.000        6.000        6.000        6.000        6.000
  1780:        6.000        6.000        6.000        6.000        6.000
  1785:        6.000        6.000        6.000        6.000        6.000
  1790:        6.000        6.000        6.000        6.000        6.000
  1795:        6.000        6.000        6.000        6.000        6.000
  1800:        6.000        6.000        6.000        6.000        6.000
  1805:        6.000        6.000       23.000       23.000       23.000
  1810:       23.000       23.000        6.000        6.000        6.000
  1815:        6.000        6.000        6.000        6.000        6.000
  1820:        6.000        6.000        6.000        6.000        6.000
  1825:        6.000        6.000        2.000        4.000       22.000
  1830:       24.000        6.000        6.000        6.000        6.000
  1835:        6.000        6.000        6.000        6.000        6.000
  1840:        6.000       19.000        6.000        6.000        6.000
  1845:        6.000        6.000        6.000        6.000        6.000
  1850:        6.000        6.000        6.000        6.000        6.000
  1855:        6.000        6.000        6.000        6.000        6.000
  1860:        6.000        6.000        6.000        6.000        6.000
  1865:        6.000        6.000        6.000        6.000        6.000
  1870:        6.000        6.000        6.000        6.000        6.000
  1875:        6.000        6.000        6.000        6.000        6.000
  1880:        6.000        6.000        6.000        6.000        6.000
  1885:        6.000        6.000        6.000        6.000        6.000
  1890:        6.000        6.000        6.000        6.000        6.000
  1895:        6.000        6.000        6.000        6.000        6.000
  1900:        6.000        6.000        6.000        6.000        6.000
  1905:        6.000        6.000        6.000        6.000        6.000
  1910:        6.000        6.000        6.000        2.000        4.000
  1915:       22.000       24.000       21.000       22.000       21.000
  1920:       22.000       21.000       22.000        6.000        6.000
  1925:        6.000        6.000        6.000       19.000        6.000
  1930:        6.000        6.000        6.000        6.000        6.000
  1935:        6.000        6.000        6.000        6.000        6.000
  1940:        6.000        6.000        2.000        4.000       22.000
  1945:       24.000       21.000       22.000        6.000        6.000
  1950:       19.000        6.000        6.000        6.000        6.000
  1955:        6.000        6.000        6.000        6.000        6.000
  1960:        6.000        6.000        6.000        6.000        6.000
  1965:        6.000        6.000        6.000        6.000        6.000
  1970:        6.000        6.000        6.000        6.000        6.000
  1975:        6.000        6.000        6.000        6.000        6.000
  1980:        6.000        6.000        6.000        6.000        6.000
  1985:        6.000        6.000        6.000        6.000        6.000
  1990:        6.000        6.000        6.000        6.000        6.000
  1995:        6.000        6.000        6.000        6.000        6.000
  2000:        6.000        6.000        6.000        6.000        6.000
  2005:        6.000        6.000        6.000        6.000        6.000
  2010:        6.000        6.000        6.000        6.000        6.000
  2015:        6.000        6.000        6.000        6.000        6.000
  2020:        6.000        6.000        6.000        6.000        6.000
  2025:        6.000        6.000        6.000        6.000        6.000
  2030:        6.000        6.000        6.000        6.000        6.000
  2035:        6.000        6.000        6.000        6.000        6.000
  2040:        6.000        6.000        6.000        6.000        6.000
  2045:        6.000        6.000        6.000        6.000        6.000
  2050:        2.000        4.000       22.000       24.000        6.000
  2055:        6.000        6.000        6.000        6.000        6.000
  2060:        6.000       19.000       23.000       23.000        6.000
  2065:        6.000        6.000        6.000        6.000        6.000
  2070:        6.000        6.000        6.000        6.000        6.000
  2075:        6.000        6.000        6.000        6.000        6.000
  2080:        6.000        6.000        6.000        6.000        6.000
  2085:        6.000        6.000        6.000        6.000        6.000
  2090:        6.000        6.000        6.000        6.000        6.000
  2095:        6.000        6.000        6.000        6.000        6.000
  2100:        6.000        6.000        6.000        6.000        6.000
  2105:        6.000        6.000        6.000        6.000        6.000
  2110:        6.000        6.000        6.000        6.000        6.000
  2115:        6.000        2.000        4.000       22.000       24.000
  2120:       21.000       22.000       21.000       22.000       19.000
  2125:        6.000        6.000        6.000        6.000        6.000
  2130:        2.000        4.000       22.000       24.000        6.000
  2135:        6.000        6.000       19.000        6.000        6.000
  2140:        6.000        6.000        6.000        6.000        6.000
  2145:        6.000        6.000        6.000        6.000        6.000
  2150:        6.000        6.000        6.000        6.000        6.000
  2155:        6.000        6.000        6.000        6.000        6.000
  2160:        6.000        6.000        6.000        6.000        6.000
  2165:        6.000        6.000        6.000        6.000        6.000
  2170:        2.000        4.000       22.000       24.000        6.000
  2175:        6.000       19.000        6.000        6.000       23.000
  2180:        6.000        6.000        6.000        6.000        6.000
  2185:        6.000        2.000        4.000       22.000       24.000
  2190:        6.000       21.000       22.000       19.000        6.000
  2195:        6.000        6.000        6.000        6.000        6.000
  2200:        6.000        6.000        6.000        6.000        6.000
  2205:        6.000        6.000        6.000        6.000        6.000
  2210:        6.000        6.000        6.000        6.000        6.000
  2215:        6.000        6.000        6.000        6.000        6.000
  2220:        6.000        6.000        6.000        6.000        6.000
  2225:        6.000        6.000        6.000        6.000        6.000
  2230:        6.000        6.000        6.000        6.000        6.000
  2235:        6.000        6.000        6.000        6.000        6.000
  2240:        6.000        6.000        6.000        6.000        6.000
  2245:        6.000        6.000        6.000        6.000        6.000
  2250:        6.000        6.000        6.000        6.000        6.000
  2255:        6.000        6.000        6.000        6.000        6.000
  2260:        6.000        2.000        4.000       22.000       24.000
  2265:       19.000        6.000        6.000        6.000        6.000
  2270:        6.000        6.000        6.000        6.000        6.000
  2275:        6.000        6.000        6.000        6.000        6.000
  2280:        6.000        6.000        6.000        6.000        6.000
  2285:        6.000        6.000        6.000        6.000        6.000
  2290:        6.000        6.000        6.000        6.000        6.000
  2295:        6.000        6.000        6.000        6.000        6.000
  2300:        6.000        6.000        6.000        6.000        6.000
  2305:        6.000        6.000        6.000        6.000        6.000
  2310:        6.000        6.000        6.000        6.000        6.000
  2315:        6.000        2.000        4.000       22.000       24.000
  2320:        6.000        6.000        6.000        6.000        6.000
  2325:        6.000        6.000        6.000        6.000        6.000
  2330:       19.000        6.000        2.000        4.000       22.000
  2335:       24.000        6.000        6.000        6.000       19.000
  2340:        6.000        6.000        6.000        6.000        6.000
  2345:       23.000       23.000       23.000        6.000        6.000
  2350:        6.000        6.000        6.000       23.000       23.000
  2355:        6.000        6.000        6.000        6.000        6.000
  2360:        6.000        6.000        6.000        6.000        6.000
  2365:        6.000        6.000        6.000        6.000        6.000
  2370:        6.000        6.000        6.000        6.000        6.000
  2375:        6.000        6.000        6.000        6.000       23.000
  2380:       23.000       23.000       23.000       23.000       23.000
  2385:       23.000       23.000        6.000       23.000       23.000
  2390:       23.000        6.000        2.000        4.000       22.000
  2395:       24.000       21.000       22.000       21.000       22.000
  2400:       21.000       22.000       19.000        6.000        6.000
  2405:        6.000        6.000        6.000        6.000        6.000
  2410:        6.000        6.000        6.000        6.000        6.000
  2415:        6.000        6.000        6.000        6.000        6.000
  2420:        6.000        6.000        6.000        6.000       23.000
  2425:       23.000       23.000       23.000        6.000        6.000
  2430:        6.000        6.000        6.000        6.000        6.000
  2435:       23.000       23.000        6.000        6.000        6.000
  2440:        6.000        6.000        6.000        6.000        6.000
  2445:        6.000        6.000        6.000        6.000        6.000
  2450:        6.000        6.000        6.000        6.000        6.000
  2455:        6.000        6.000        6.000        2.000        4.000
  2460:       22.000       24.000        6.000        6.000        6.000
  2465:        6.000        6.000        6.000        6.000        6.000
  2470:       19.000        6.000        6.000        6.000        6.000
  2475:        6.000        6.000        6.000        6.000        6.000
  2480:        6.000        6.000        6.000        6.000      100.000
T:
     0:        0.000        0.000        0.000        0.000       55.340
     5:       55.480       56.630       59.230       62.970       63.160
    10:       75.940       77.800       77.840       78.010       79.100
    15:       80.900       86.640      102.930      137.580      140.370
    20:      182.890      185.960      187.150      187.180      187.660
    25:      187.700      187.730      187.780      207.360      207.850
    30:      208.160      220.070      220.730      221.610      221.980
    35:      237.700      252.530      252.530      252.530      252.540
    40:      253.960      253.960      255.090      255.090      262.530
    45:      279.590      279.690      279.830      281.570      281.610
    50:      304.360      305.070      378.690      514.430      515.250
    55:      523.360      525.330      576.530      632.830      632.840
    60:      633.100      634.510      634.640      634.760      634.860
    65:      636.440      636.550      645.740      646.270      646.580
    70:      647.900      651.070      651.350      651.960      652.050
    75:      652.570      652.640      653.670      660.190      716.250
    80:      716.820      716.940      717.220      717.570      718.420
    85:      720.970      721.010      729.580      729.630      729.710
    90:      729.780      731.680      734.800      735.560      735.680
    95:      736.470      741.860      742.120      743.540      745.170
   100:      747.120      747.830      777.830      812.970      826.260
   105:      827.600      827.670      828.330      828.360      828.480
   110:      829.530      829.570      829.870      829.930      834.490
   115:      836.950      838.310      838.400      838.450      841.830
   120:      842.000      845.260      845.360      845.830      849.570
   125:      893.860      916.920      920.200      938.250      938.270
   130:      938.360      938.450      938.980      939.310      943.620
   135:      943.670      945.380      945.530      945.660      945.980
   140:      946.190      946.930      953.980      956.960      969.830
   145:      969.870      970.290      972.210      978.890      980.050
   150:      998.430      998.560     1001.060     1002.280     1004.210
   155:     1004.730     1004.780     1005.900     1014.240     1015.370
   160:     1015.480     1016.210     1019.400     1020.320     1020.330
   165:     1020.580     1020.590     1021.360     1024.370     1026.370
   170:     1030.000     1030.040     1031.040     1035.380     1035.690
   175:     1035.850     1035.920     1035.940     1035.970     1036.040
   180:     1036.100     1036.220     1036.310     1036.330     1040.220
   185:     1040.690     1040.730     1042.090     1042.300     1042.500
   190:     1042.560     1042.670     1042.730     1043.360     1044.850
   195:     1044.850     1044.850     1044.860     1045.940     1045.970
   200:     1047.110     1050.020     1050.610     1051.930     1054.070
   205:     1054.140     1054.440     1054.600     1054.620     1054.850
   210:     1055.810     1057.760     1073.430     1083.930     1086.260
   215:     1094.580     1095.730     1097.520     1113.110     1113.210
   220:     1152.250     1152.390     1152.460     1152.480     1152.820
   225:     1152.840     1152.920     1152.940     1152.990     1185.410
   230:     1187.880     1190.850     1191.670     1210.950     1211.700
   235:     1212.290     1215.450     1215.490     1216.340     1227.130
   240:     1229.320     1270.740     1271.490     1271.920     1276.220
   245:     1282.770     1282.940     1284.360     1286.780     1287.500
   250:     1290.390     1291.040     1293.100     1298.060     1303.730
   255:     1303.990     1304.030     1307.370     1309.690     1309.990
   260:     1314.230     1330.580     1330.600     1330.870     1348.610
   265:     1349.460     1350.560     1351.120     1353.220     1356.390
   270:     1356.660     1359.550     1388.480     1388.490     1389.640
   275:     1392.270     1392.340     1392.380     1393.230     1396.560
   280:     1399.790     1399.870     1399.890     1400.130     1400.710
   285:     1403.780     1405.300     1405.300     1405.300     1405.310
   290:     1406.430     1407.140     1415.300     1482.870     1509.060
   295:     1509.230     1516.130     1516.570     1519.410     1519.610
   300:     1520.220     1524.080     1524.580     1529.130     1529.210
   305:     1529.360     1530.600     1533.730     1540.540     1540.580
   310:     1542.480     1543.280     1544.080     1544.370     1544.770
   315:     1545.400     1545.490     1545.620     1545.870     1548.460
   320:     1634.770     1635.120     1649.350     1649.410     1649.460
   325:     1651.100     1653.820     1657.080     1657.310     1672.900
   330:     1672.940     1672.990     1730.090     1750.610     1760.450
   335:     1776.300     1785.870     1799.830     1802.370     1802.660
   340:     1805.090     1805.200     1805.240     1805.300     1806.200
   345:     1807.450     1807.790     1810.840     1810.880     1851.560
   350:     1851.610     1851.700     1887.380     1889.410     1889.420
   355:     1889.580     1891.420     1892.150     1895.440     1968.570
   360:     1968.650     1968.710     1969.000     1970.370     1982.410
   365:     1984.630     1986.120     1989.220     1989.260     1989.520
   370:     1989.570     1989.700     1989.740     1989.830     1990.750
   375:     1998.960     1999.210     1999.620     2000.120     2000.190
   380:     2001.750     2002.110     2002.160     2002.760     2008.080
   385:     2009.840     2009.930     2009.970     2010.430     2010.790
   390:     2011.210     2012.680     2016.910     2017.090     2018.950
   395:     2053.260     2058.200     2078.240     2078.430     2112.610
   400:     2113.280     2113.310     2118.240     2118.250     2121.640
   405:     2121.640     2121.640     2121.650     2128.620     2129.610
   410:     2130.110     2131.640     2151.940     2163.590     2163.640
   415:     2163.670     2163.730     2163.750     2163.790     2163.920
   420:     2164.650     2164.670     2180.020     2180.190     2180.790
   425:     2181.230     2182.970     2184.530     2187.730     2188.470
   430:     2192.240     2193.410     2194.610     2195.610     2195.860
   435:     2201.140     2229.240     2230.200     2314.790     2315.310
   440:     2344.240     2344.320     2344.350     2344.560     2345.700
   445:     2345.720     2345.890     2359.190     2359.810     2372.040
   450:     2372.370     2372.940     2469.470     2470.840     2493.130
   455:     2500.400     2541.060     2550.220     2553.450     2553.470
   460:     2553.860     2553.880     2554.710     2554.850     2556.820
   465:     2556.850     2556.940     2556.970     2557.120     2557.210
   470:     2557.280     2558.960     2558.970     2559.140     2560.890
   475:     2560.960     2561.740     2568.740     2569.590     2581.390
   480:     2582.750     2613.250     2628.920     2630.210     2637.980
   485:     2641.570     2641.590     2642.660     2642.990     2643.110
   490:     2643.410     2644.390     2644.870     2645.680     2645.990
   495:     2715.020     2731.060     2731.160     2733.570     2734.540
   500:     2734.840     2735.120     2735.370     2735.440     2735.510
   505:     2735.550     2735.740     2736.460     2740.810     2741.800
   510:     2742.130     2771.780     2772.340     2773.050     2777.350
   515:     2777.350     2777.350     2777.360     2778.220     2778.260
   520:     2778.510     2780.580     2780.820     2782.980     2782.980
   525:     2783.710     2785.350     2785.430     2787.350     2789.640
   530:     2796.220     2796.590     2797.050     2797.110     2797.200
   535:     2798.170     2798.250     2799.140     2803.170     2803.250
   540:     2804.290     2804.340     2804.720     2809.350     2840.280
   545:     2840.890     2840.950     2841.430     2862.010     2862.300
   550:     2862.760     2865.820     2879.660     2879.980     2880.520
   555:     2893.830     2893.900     2893.980     2894.090     2895.560
   560:     2947.270     2951.210     2951.330     2951.380     2951.760
   565:     2952.510     2956.130     2956.210     2961.830     2962.070
   570:     2962.130     2962.170     2962.210     2962.270     2962.300
   575:     2964.360     2965.470     2969.800     2989.540     2990.140
   580:     3000.050     3000.560     3000.970     3001.980     3003.740
   585:     3003.910     3004.000     3004.030     3004.360     3004.380
   590:     3004.850     3004.920     3008.170     3008.200     3012.000
   595:     3026.180     3026.300     3028.840     3031.010     3031.260
   600:     3031.520     3032.540     3036.730     3036.770     3038.130
   605:     3038.190     3038.490     3042.770     3042.800     3043.100
   610:     3044.550     3045.070     3045.090     3052.640     3053.380
   615:     3100.330     3101.860     3102.130     3104.220     3104.240
   620:     3104.490     3110.940     3110.970     3111.430     3119.660
   625:     3119.920     3120.510     3122.060     3122.340     3125.790
   630:     3126.050     3126.180     3127.700     3153.940     3154.670
   635:     3154.850     3179.890     3179.920     3180.010     3180.920
   640:     3182.390     3184.570     3184.790     3210.740     3211.380
   645:     3212.350     3215.310     3216.940     3218.620     3218.640
   650:     3219.890     3220.060     3220.590     3220.820     3220.850
   655:     3225.700     3229.410     3259.250     3259.410     3259.940
   660:     3261.270     3261.310     3261.650     3264.580     3267.820
   665:     3268.170     3268.220     3268.860     3271.610     3273.440
   670:     3279.690     3280.110     3280.200     3298.590     3298.640
   675:     3299.340     3299.500     3338.670     3338.700     3338.790
   680:     3338.910     3339.010     3339.080     3340.440     3362.170
   685:     3362.270     3362.290     3362.350     3362.490     3362.580
   690:     3362.690     3362.980     3363.960     3379.150     3379.370
   695:     3386.550     3387.430     3388.190     3388.230     3390.880
   700:     3391.000     3391.360     3391.420     3396.290     3396.310
   705:     3396.350     3396.600     3396.680     3396.760     3403.720
   710:     3403.950     3403.990     3404.010     3404.260     3405.880
   715:     3406.810     3420.020     3420.340     3438.490     3439.570
   720:     3440.770     3440.770     3440.770     3440.780     3441.330
   725:     3441.330     3442.660     3442.660     3443.670     3443.670
   730:     3444.760     3444.950     3445.330     3446.650     3446.650
   735:     3446.760     3446.760     3447.220     3447.220     3448.650
   740:     3448.650     3448.750     3448.750     3449.380     3449.380
   745:     3450.770     3452.450     3452.450     3452.450     3452.460
   750:     3462.450     3462.580     3471.500     3471.650     3473.060
   755:     3475.800     3476.920     3480.340     3480.500     3482.860
   760:     3484.940     3485.070     3485.220     3485.560     3485.590
   765:     3485.650     3485.710     3504.420     3504.480     3504.530
   770:     3522.960     3523.110     3523.360     3524.630     3524.680
   775:     3524.760     3529.130     3529.550     3529.590     3529.740
   780:     3533.760     3534.130     3534.150     3534.200     3534.240
   785:     3534.290     3534.320     3534.420     3535.420     3535.790
   790:     3535.840     3535.910     3536.990     3538.490     3539.360
   795:     3541.310     3544.210     3544.240     3544.480     3544.500
   800:     3560.360     3565.180     3565.270     3566.620     3566.870
   805:     3581.430     3582.390     3625.330     3626.860     3647.470
   810:     3671.890     3671.950     3672.180     3673.050     3676.360
   815:     3676.740     3676.780     3677.180     3679.800     3679.890
   820:     3679.930     3680.220     3680.280     3680.780     3680.810
   825:     3682.380     3685.060     3688.630     3697.780     3702.390
   830:     3702.430     3702.460     3702.580     3703.380     3703.440
   835:     3728.360     3730.140     3730.730     3730.740     3734.150
   840:     3740.160     3740.250     3743.900     3748.710     3749.070
   845:     3749.100     3752.660     3754.050     3754.080     3824.150
   850:     3824.320     3825.320     3825.720     3825.770     3827.270
   855:     3827.570     3828.760     3835.440     3841.490     3847.830
   860:     3848.000     3848.090     3848.300     3848.330     3850.680
   865:     3850.960     3851.890     3853.500     3853.510     3854.770
   870:     3857.740     3857.780     3885.030     3885.540     3886.750
   875:     3893.620     3893.750     3893.790     3894.130     3896.550
   880:     3898.810     3898.910     3900.600     3909.620     3909.700
   885:     3914.850     3915.300     3916.250     3917.650     3922.990
   890:     3923.030     3992.130     3992.990     3995.500     3995.990
   895:     3999.840     3999.890     4000.240     4000.400     4000.990
   900:     4001.840     4002.000     4003.090     4005.890     4008.690
   905:     4009.010     4009.500     4009.620     4066.970     4067.100
   910:     4082.240     4082.870     4082.980     4084.850     4085.090
   915:     4086.640     4111.540     4111.600     4112.150     4112.450
   920:     4114.790     4114.890     4117.290     4117.750     4117.780
   925:     4120.240     4132.750     4133.400     4153.320     4153.320
   930:     4153.320     4153.330     4153.480     4153.480     4154.530
   935:     4154.790     4155.210     4155.240     4155.280     4155.430
   940:     4155.550     4156.850     4157.260     4163.320     4164.030
   945:     4164.350     4177.060     4177.160     4177.270     4177.360
   950:     4177.430     4177.650     4213.110     4213.470     4213.510
   955:     4213.850     4217.060     4217.520     4219.860     4260.600
   960:     4263.010     4263.380     4263.780     4263.810     4263.880
   965:     4267.030     4270.530     4288.090     4288.090     4288.090
   970:     4288.100     4293.070     4295.880     4295.970     4298.090
   975:     4298.690     4298.820     4315.390     4315.800     4356.420
   980:     4356.960     4357.030     4369.700     4371.780     4378.280
   985:     4379.980     4388.870     4392.860     4393.660     4408.480
   990:     4411.860     4411.930     4415.630     4415.650     4415.710
   995:     4415.820     4447.730     4447.960     4448.010     4448.280
  1000:     4448.450     4448.520     4449.470     4451.520     4451.660
  1005:     4454.170     4457.760     4459.430     4460.200     4488.250
  1010:     4488.300     4490.860     4491.060     4491.710     4492.910
  1015:     4493.020     4493.060     4493.960     4494.140     4494.270
  1020:     4508.240     4524.870     4545.780     4545.820     4545.840
  1025:     4547.150     4547.210     4547.320     4551.050     4551.120
  1030:     4551.200     4552.510     4557.230     4558.780     4570.060
  1035:     4577.680     4604.690     4604.760     4608.540     4608.800
  1040:     4608.860     4608.980     4609.710     4610.970     4612.180
  1045:     4616.370     4616.770     4616.960     4618.440     4619.450
  1050:     4619.570     4619.870     4624.320     4624.340     4625.070
  1055:     4640.590     4640.660     4640.690     4641.170     4647.390
  1060:     4647.860     4651.370     4651.770     4651.870     4653.110
  1065:     4670.400     4671.510     4712.390     4712.630     4712.870
  1070:     4712.960     4714.400     4719.610     4720.190     4729.080
  1075:     4729.120     4729.370     4729.420     4729.590     4731.450
  1080:     4733.040     4755.240     4755.300     4755.360     4756.000
  1085:     4757.540     4757.700     4759.370     4759.570     4759.770
  1090:     4759.900     4759.920     4762.330     4762.410     4764.630
  1095:     4764.680     4765.810     4793.190     4793.240     4793.490
  1100:     4796.810     4797.020     4797.060     4797.090     4797.260
  1105:     4797.330     4797.580     4798.380     4809.430     4809.480
  1110:     4809.680     4813.400     4814.240     4814.410     4814.490
  1115:     4814.740     4827.890     4925.400     4928.570     4928.590
  1120:     4931.070     4931.290     4931.500     4931.510     4931.940
  1125:     4932.100     4933.820     4941.970     4942.070     4942.240
  1130:     4955.300     4962.070     4965.230     4970.710     4972.380
  1135:     4972.450     4983.460     5003.460     5003.480     5004.430
  1140:     5004.520     5005.510     5008.220     5008.370     5008.490
  1145:     5008.670     5010.700     5014.190     5014.330     5050.370
  1150:     5052.560     5052.740     5052.760     5055.720     5055.980
  1155:     5059.290     5059.370     5061.220     5062.530     5066.360
  1160:     5066.450     5069.910     5070.240     5070.270     5070.710
  1165:     5070.750     5072.900     5074.340     5074.940     5075.020
  1170:     5075.050     5075.110     5075.190     5078.850     5079.030
  1175:     5079.410     5118.610     5118.650     5118.670     5118.790
  1180:     5119.110     5119.830     5120.820     5120.870     5123.460
  1185:     5124.700     5134.200     5134.260     5134.330     5134.660
  1190:     5135.040     5136.600     5137.110     5144.660     5144.750
  1195:     5144.890     5145.410     5145.950     5171.570     5171.980
  1200:     5179.790     5179.890     5182.610     5182.630     5182.780
  1205:     5219.360     5219.420     5220.900     5221.080     5224.950
  1210:     5230.630     5236.600     5241.240     5243.380     5246.660
  1215:     5249.900     5252.960     5259.250     5274.070     5274.120
  1220:     5274.990     5275.560     5279.710     5279.860     5280.160
  1225:     5280.320     5280.680     5280.690     5285.110     5285.170
  1230:     5288.570     5387.490     5393.420     5397.980     5398.070
  1235:     5398.120     5405.930     5406.340     5407.040     5410.520
  1240:     5410.860     5410.870     5412.060     5415.640     5423.050
  1245:     5423.700     5431.560     5446.300     5473.760     5473.980
  1250:     5504.580     5504.720     5504.960     5505.290     5522.350
  1255:     5522.580     5526.060     5527.620     5527.620     5527.620
  1260:     5527.630     5528.660     5528.680     5528.730     5530.740
  1265:     5531.010     5533.770     5537.620     5538.280     5538.580
  1270:     5540.030     5540.210     5540.260     5540.450     5540.600
  1275:     5540.620     5541.390     5546.180     5546.780     5547.500
  1280:     5547.570     5547.650     5547.700     5548.050     5548.110
  1285:     5548.410     5550.100     5550.170     5550.220     5550.340
  1290:     5550.400     5550.770     5550.910     5551.550     5551.580
  1295:     5553.490     5563.900     5564.020     5564.290     5564.370
  1300:     5564.400     5564.510     5565.700     5566.610     5569.510
  1305:     5573.860     5576.210     5583.590     5584.330     5584.370
  1310:     5584.420     5584.570     5585.950     5590.080     5591.270
  1315:     5591.640     5592.120     5592.750     5593.340     5594.670
  1320:     5596.150     5598.170     5598.370     5598.450     5598.660
  1325:     5599.390     5599.500     5659.410     5659.720     5661.190
  1330:     5661.240     5661.270     5664.380     5664.590     5664.890
  1335:     5665.100     5665.570     5667.150     5667.150     5667.150
  1340:     5667.160     5668.160     5668.160     5669.000     5669.000
  1345:     5669.160     5669.160     5669.340     5669.340     5670.810
  1350:     5672.500     5672.620     5672.690     5673.110     5674.120
  1355:     5674.340     5675.870     5675.870     5676.020     5676.020
  1360:     5676.740     5676.740     5677.150     5677.660     5677.660
  1365:     5677.660     5677.670     5678.350     5678.570     5680.880
  1370:     5682.400     5684.420     5684.490     5684.610     5684.700
  1375:     5685.800     5686.730     5686.840     5687.140     5687.220
  1380:     5687.290     5687.420     5687.660     5687.710     5687.770
  1385:     5701.860     5701.950     5703.950     5704.140     5704.340
  1390:     5708.780     5708.990     5709.170     5709.250     5710.850
  1395:     5740.550     5750.010     5750.140     5750.400     5750.610
  1400:     5754.780     5754.980     5755.030     5755.100     5755.920
  1405:     5756.890     5757.000     5761.570     5761.790     5765.850
  1410:     5767.740     5767.970     5782.420     5783.460     5783.990
  1415:     5790.090     5807.300     5807.500     5808.570     5813.240
  1420:     5818.280     5821.460     5841.780     5841.810     5842.080
  1425:     5842.700     5843.620     5849.780     5850.070     5850.190
  1430:     5851.120     5857.010     5857.070     5861.280     5861.310
  1435:     5864.360     5864.730     5984.010     5985.450     5985.870
  1440:     5987.000     5989.680     5990.150     5990.700     5990.770
  1445:     5992.100     5992.810     5994.050     5994.050     5994.050
  1450:     5994.060     5994.870     5995.120     5996.950     5996.950
  1455:     5997.430     5997.430     6004.050     6007.080     6007.390
  1460:     6007.410     6007.700     6007.790     6007.810     6009.880
  1465:     6009.990     6014.050     6014.050     6014.050     6014.060
  1470:     6014.650     6014.650     6015.720     6015.720     6019.390
  1475:     6019.600     6021.000     6021.170     6021.250     6021.980
  1480:     6023.000     6023.420     6024.050     6030.420     6031.650
  1485:     6042.640     6042.680     6043.370     6050.180     6051.580
  1490:     6052.020     6055.890     6057.600     6059.880     6061.210
  1495:     6066.510     6066.560     6066.800     6076.130     6078.010
  1500:     6082.710     6082.730     6105.430     6106.030     6116.850
  1505:     6117.090     6120.030     6121.140     6121.180     6122.060
  1510:     6124.000     6124.050     6125.090     6163.260     6163.360
  1515:     6163.710     6174.860     6175.370     6175.610     6179.900
  1520:     6181.900     6182.150     6182.250     6182.350     6188.430
  1525:     6188.770     6190.180     6190.440     6190.880     6191.400
  1530:     6191.500     6193.410     6194.720     6194.850     6195.680
  1535:     6201.830     6201.870     6203.560     6212.820     6213.050
  1540:     6226.480     6226.550     6228.450     6229.200     6230.170
  1545:     6230.300     6233.810     6258.100     6258.690     6258.720
  1550:     6311.650     6326.180     6326.480     6346.990     6349.060
  1555:     6365.360     6365.660     6365.720     6366.120     6366.140
  1560:     6367.920     6368.440     6369.240     6371.290     6371.790
  1565:     6371.900     6373.100     6375.400     6378.260     6378.800
  1570:     6380.110     6384.450     6386.950     6387.200     6387.260
  1575:     6387.360     6393.030     6395.280     6427.760     6428.240
  1580:     6428.350     6428.450     6428.490     6428.520     6431.560
  1585:     6431.670     6433.470     6433.550     6433.610     6436.980
  1590:     6438.190     6447.070     6447.230     6447.850     6527.180
  1595:     6527.340     6527.500     6528.700     6529.280     6529.660
  1600:     6529.790     6530.580     6534.700     6534.940     6535.000
  1605:     6536.110     6536.170     6536.770     6537.960     6543.480
  1610:     6543.580     6544.080     6546.130     6546.130     6546.130
  1615:     6546.140     6547.430     6547.500     6548.650     6549.220
  1620:     6550.040     6550.040     6550.580     6550.580     6550.710
  1625:     6550.710     6551.560     6551.560     6552.360     6552.470
  1630:     6553.950     6554.250     6556.130     6564.100     6564.380
  1635:     6564.430     6564.450     6565.140     6565.560     6567.000
  1640:     6567.000     6567.000     6567.010     6568.090     6569.050
  1645:     6569.280     6572.140     6572.160     6572.270     6572.360
  1650:     6572.380     6572.400     6572.460     6572.520     6572.630
  1655:     6572.690     6572.930     6573.080     6573.830     6573.840
  1660:     6575.700     6575.740     6575.790     6577.000     6579.380
  1665:     6580.610     6580.880     6582.000     6582.050     6582.190
  1670:     6582.260     6622.290     6625.570     6626.630     6628.620
  1675:     6628.720     6629.250     6632.470     6632.730     6633.140
  1680:     6636.080     6636.160     6636.280     6638.000     6638.270
  1685:     6638.350     6638.410     6638.480     6638.560     6639.130
  1690:     6639.380     6639.710     6640.480     6641.140     6641.170
  1695:     6641.730     6641.920     6644.930     6645.080     6648.220
  1700:     6649.480     6650.540     6653.830     6665.070     6665.250
  1705:     6665.290     6665.450     6684.300     6684.340     6714.420
  1710:     6714.650     6714.930     6716.840     6717.430     6717.490
  1715:     6741.790     6746.990     6747.250     6747.290     6747.310
  1720:     6747.400     6747.460     6747.490     6751.460     6751.520
  1725:     6751.550     6751.590     6752.710     6752.810     6752.940
  1730:     6752.960     6753.410     6756.560     6761.120     6761.160
  1735:     6766.740     6766.870     6772.390     6772.780     6773.070
  1740:     6775.060     6775.730     6776.830     6777.490     6851.690
  1745:     6856.860     6858.080     6858.540     6858.610     6858.700
  1750:     6860.350     6860.850     6861.290     6863.240     6863.410
  1755:     6865.220     6867.430     6867.430     6867.430     6867.440
  1760:     6868.290     6868.290     6869.760     6870.960     6871.700
  1765:     6871.950     6872.030     6872.540     6876.800     6877.430
  1770:     6883.310     6883.540     6884.410     6885.010     6885.250
  1775:     6885.360     6885.510     6885.600     6885.730     6885.780
  1780:     6887.700     6890.360     6890.500     6890.660     6894.770
  1785:     6894.960     6896.160     6896.260     6898.700     6899.940
  1790:     6900.230     6901.100     6901.290     6901.970     6902.040
  1795:     6905.650     6905.680     6908.910     6912.750     6932.890
  1800:     6936.340     6936.960     6938.180     6938.260     6938.360
  1805:     6939.540     6977.230     7004.270     7004.930     7006.450
  1810:     7007.160     7007.390     7014.730     7015.570     7016.630
  1815:     7020.420     7021.520     7021.830     7023.900     7024.330
  1820:     7041.900     7042.240     7042.660     7044.830     7044.890
  1825:     7045.240     7045.480     7046.630     7046.630     7046.630
  1830:     7046.640     7047.640     7047.900     7047.980     7048.380
  1835:     7050.510     7050.920     7050.960     7051.250     7053.910
  1840:     7055.280     7056.630     7059.190     7063.070     7074.830
  1845:     7074.900     7075.430     7147.060     7148.380     7149.090
  1850:     7152.400     7152.550     7187.100     7188.160     7192.950
  1855:     7193.000     7194.810     7194.900     7199.320     7199.530
  1860:     7199.540     7199.580     7200.400     7201.350     7201.410
  1865:     7201.790     7205.900     7205.960     7209.140     7209.160
  1870:     7209.630     7209.710     7212.460     7214.660     7218.480
  1875:     7221.860     7224.090     7237.600     7238.290     7254.730
  1880:     7254.790     7255.400     7255.490     7256.210     7256.430
  1885:     7256.890     7321.750     7321.900     7321.990     7324.060
  1890:     7324.160     7325.590     7331.640     7331.810     7332.130
  1895:     7332.220     7332.250     7332.320     7335.090     7338.640
  1900:     7343.550     7343.900     7343.970     7344.310     7344.810
  1905:     7345.440     7348.210     7348.760     7349.020     7351.910
  1910:     7352.130     7354.260     7354.310     7361.480     7361.480
  1915:     7361.480     7361.490     7362.470     7362.470     7362.560
  1920:     7362.560     7363.400     7363.400     7367.160     7367.380
  1925:     7367.450     7367.520     7367.700     7371.480     7371.930
  1930:     7372.280     7373.510     7399.210     7400.460     7401.500
  1935:     7401.880     7425.800     7426.930     7428.600     7442.130
  1940:     7442.220     7442.440     7464.840     7464.840     7464.840
  1945:     7464.850     7465.020     7465.020     7469.960     7470.130
  1950:     7474.840     7475.850     7476.060     7476.120     7476.640
  1955:     7477.520     7477.540     7480.880     7480.990     7481.380
  1960:     7484.390     7484.470     7485.370     7485.920     7564.130
  1965:     7712.710     7716.670     7716.950     7752.450     7753.830
  1970:     7884.010     7889.650     7899.990     7901.390     7906.740
  1975:     7907.090     7933.050     7934.560     7934.850     7934.880
  1980:     7937.470     7937.640     7937.770     7937.840     7940.400
  1985:     7941.050     7941.360     7941.430     7943.820     7945.320
  1990:     7946.990     7947.130     7947.680     7947.720     7948.450
  1995:     7949.950     7950.030     7950.570     7952.170     7953.000
  2000:     7955.390     7957.080     7957.510     7957.670     7959.960
  2005:     7961.990     7962.100     7963.620     7965.690     7966.030
  2010:     7972.020     7972.590     7972.650     7972.700     7973.540
  2015:     7973.650     7973.840     7976.270     7978.170     7979.000
  2020:     7979.680     7981.750     7984.750     7985.000     7985.600
  2025:     7986.350     7986.400     7986.560     7986.680     7987.740
  2030:     7989.270     8009.970     8014.290     8015.830     8016.560
  2035:     8017.180     8018.570     8018.870     8023.760     8024.080
  2040:     8024.960     8025.310     8026.960     8027.320     8028.130
  2045:     8028.260     8028.300     8028.370     8033.930     8035.230
  2050:     8037.000     8037.000     8037.000     8037.010     8037.960
  2055:     8038.000     8038.040     8038.800     8039.350     8040.490
  2060:     8040.570     8047.000     8131.040     8134.160     8138.140
  2065:     8138.220     8148.920     8164.700     8166.580     8169.650
  2070:     8181.760     8213.370     8222.910     8223.170     8225.030
  2075:     8225.120     8228.310     8229.110     8267.700     8268.180
  2080:     8268.720     8268.910     8279.350     8279.580     8279.650
  2085:     8318.510     8318.680     8328.210     8342.870     8347.770
  2090:     8348.530     8348.790     8349.430     8393.510     8393.530
  2095:     8395.980     8396.780     8397.100     8397.130     8398.220
  2100:     8398.340     8400.120     8401.700     8401.900     8401.920
  2105:     8401.930     8402.410     8407.790     8407.900     8408.110
  2110:     8408.170     8408.200     8408.620     8408.720     8408.740
  2115:     8408.790     8410.310     8410.310     8410.310     8410.320
  2120:     8410.760     8410.760     8414.620     8414.620     8420.310
  2125:     8420.390     8420.640     8423.050     8423.210     8423.430
  2130:     8430.970     8430.970     8430.970     8430.980     8433.480
  2135:     8433.660     8438.420     8440.970     8532.540     8533.870
  2140:     8543.500     8544.890     8548.150     8552.180     8553.730
  2145:     8554.810     8557.160     8558.070     8570.890     8571.480
  2150:     8571.790     8571.860     8571.940     8572.620     8573.100
  2155:     8573.860     8575.970     8576.130     8576.390     8577.210
  2160:     8577.340     8578.550     8578.590     8580.240     8580.280
  2165:     8581.640     8581.680     8581.810     8582.310     8582.410
  2170:     8584.230     8584.230     8584.230     8584.240     8584.830
  2175:     8586.020     8594.230     8598.730     8598.890     8641.920
  2180:     8644.600     8709.980     8710.160     8710.590     8712.440
  2185:     8712.820     8716.210     8716.210     8716.210     8716.220
  2190:     8717.770     8720.680     8720.680     8726.210     8739.190
  2195:     8740.120     8740.960     8768.380     8795.740     8795.980
  2200:     8822.720     8822.810     8829.020     8829.040     8830.050
  2205:     8830.130     8834.750     8834.840     8834.870     8835.140
  2210:     8835.500     8836.910     8886.550     8890.480     8902.170
  2215:     8906.390     8906.840     8907.120     8907.160     9018.980
  2220:     9021.120     9025.150     9025.660     9025.690     9026.910
  2225:     9027.480     9031.070     9033.230     9034.400     9034.410
  2230:     9034.960     9035.000     9035.200     9035.260     9035.330
  2235:     9035.560     9037.230     9038.820     9039.290     9039.450
  2240:     9039.500     9039.800     9040.820     9040.970     9049.860
  2245:     9051.400     9051.480     9051.840     9054.960     9059.270
  2250:     9059.490     9059.690     9059.810     9059.870     9060.000
  2255:     9063.500     9063.970     9064.640     9066.830     9068.710
  2260:     9068.810     9081.140     9081.140     9081.140     9081.150
  2265:     9091.140     9119.190     9120.130     9121.540     9129.550
  2270:     9142.780     9143.450     9143.950     9149.180     9149.200
  2275:     9149.630     9165.450     9167.080     9199.900     9200.740
  2280:     9201.830     9202.010     9301.730     9317.150     9317.230
  2285:     9322.430     9323.450     9323.760     9326.360     9326.450
  2290:     9331.370     9332.580     9344.920     9366.350     9401.380
  2295:     9431.660     9431.680     9452.220     9452.270     9452.400
  2300:     9500.660     9502.900     9526.740     9530.230     9530.250
  2305:     9530.290     9530.520     9530.830     9532.420     9532.840
  2310:     9533.150     9533.480     9534.450     9538.250     9538.460
  2315:     9539.500     9541.170     9541.170     9541.170     9541.180
  2320:     9542.020     9542.280     9542.430     9543.950     9548.030
  2325:     9548.300     9548.740     9548.810     9548.880     9551.080
  2330:     9551.170     9552.930     9554.820     9554.820     9554.820
  2335:     9554.830     9557.240     9557.490     9564.670     9564.820
  2340:     9571.650     9581.010     9581.490     9581.630     9582.480
  2345:     9624.560     9629.170     9638.050     9644.930     9645.320
  2350:     9645.380     9645.770     9646.640     9651.760     9660.090
  2355:     9690.200     9729.860     9736.720     9739.590     9739.980
  2360:     9740.010     9744.290     9744.560     9745.990     9747.150
  2365:     9747.360     9748.030     9748.130     9748.260     9748.280
  2370:     9748.310     9887.670     9888.540     9888.760     9948.530
  2375:     9953.910     9954.740     9957.030     9957.500     9992.210
  2380:    10040.160    10044.980    10057.280    10058.020    10058.840
  2385:    10068.130    10094.110    10134.880    10139.100    10144.030
  2390:    10176.320    10201.320    10204.220    10204.220    10204.220
  2395:    10204.230    10205.550    10205.550    10205.650    10205.650
  2400:    10206.660    10206.660    10214.220    10219.780    10219.800
  2405:    10219.840    10219.920    10222.690    10222.950    10222.980
  2410:    10225.840    10242.790    10242.810    10242.890    10243.300
  2415:    10282.590    10283.150    10283.190    10283.210    10382.420
  2420:    10385.800    10385.920    10386.420    10387.000    10412.850
  2425:    10413.510    10424.740    10431.190    10443.380    10443.640
  2430:    10444.540    10445.580    10446.600    10446.640    10446.680
  2435:    10609.610    10611.720    10650.400    10650.450    10650.780
  2440:    10651.120    10651.140    10653.230    10653.270    10653.800
  2445:    10654.320    10657.010    10678.830    10717.700    10717.750
  2450:    10718.240    10735.270    10735.630    10742.860    10743.080
  2455:    10743.120    10747.030    10747.640    10749.820    10749.820
  2460:    10749.820    10749.830    10750.860    10753.920    10754.090
  2465:    10754.530    10755.280    10757.500    10758.100    10758.800
  2470:    10759.820    10762.340    10763.700    10765.120    10765.370
  2475:    10766.620    10766.980    10767.320    10769.510    10769.970
  2480:    10770.190    10770.240    10771.160    10787.330    10800.010
