File: C:\MED-PC IV\DATA\!2025-09-17_15h56m.Subject T21



Start Date: 09/17/25
End Date: 09/17/25
Subject: T21
Experiment: OralFentSA
Group: One
Box: 2
Start Time: 15:56:30
End Time: 18:56:36
MSN: Golden_Liq_SelfAdmin_EXT_LIT
F:       0.000
G:    2887.000
H:   10800.010
I:       0.000
J:       0.000
K:       0.000
L:       0.000
M:       0.000
N:       0.000
O:       0.000
P:       0.000
Q:       0.000
R:       0.000
S:       0.000
U:       0.000
V:       0.000
W:       0.000
X:       0.000
Y:       0.000
Z:       0.000
A:
     0:        0.000        0.000      180.000        4.000        0.000
     5:        5.000        0.000        5.000        0.000        0.000
    10:        1.000        0.000       10.000  3000000.000       20.000
    15:       23.000      640.000        0.000        0.000        0.000
    20:        0.000
B:
     0:        0.000        0.000        0.000        0.000        0.000
     5:        0.000        0.000        0.000        0.000        0.000
    10:        0.000        0.000     1000.000 300000000.00        0.000
    15:        0.000        0.000        0.000        0.000        0.000
    20:        0.000
C:
     0:        0.000      291.000        0.000      791.000      355.000
     5:    10745.370       16.310      111.000     1796.590       16.185
    10:      791.000       76.000        0.000        0.000        0.000
    15:        0.000        0.000        0.000        0.000        0.000
    20:        0.000
D:
     0:       25.530        2.780      174.900        3.850        4.800
     5:        4.560        4.480       18.550        2.930        2.550
    10:       74.050        5.400        4.700        3.000        8.840
    15:        1.690        6.250       20.870        4.510        5.660
    20:        9.860        1.760        6.570        8.090        5.740
    25:        6.350        1.560       12.820        1.080       12.310
    30:        3.810        5.720        3.780        6.430        2.570
    35:       39.060        8.440        4.810        1.230       13.640
    40:        4.110        8.850       20.880        3.740        2.480
    45:        2.850        2.040       16.910        1.340        5.080
    50:        8.740        4.710        5.050        3.130        7.990
    55:        2.140       10.180       50.130        7.800       24.770
    60:       35.590        1.600        2.860        7.120        5.830
    65:       11.190        3.110        3.430        9.280        8.400
    70:        8.880        8.350       16.460        8.610        3.790
    75:       22.780       34.020        2.390        7.410        2.470
    80:       16.270        1.810        6.260       40.830        5.050
    85:       15.460        1.540        2.110        2.730        5.830
    90:      469.190        9.970       17.120       12.220       10.510
    95:        2.110       36.230       12.250        6.620       13.000
   100:       57.670       19.840       10.070        1.890        7.990
   105:        8.560       12.220       21.420       15.500        5.990
   110:       16.310
E:
     0:       19.000       11.000       26.000       27.000        6.000
     5:        2.000        4.000       22.000       24.000       19.000
    10:        2.000        4.000       22.000       24.000       19.000
    15:        2.000        4.000       22.000       24.000       21.000
    20:       22.000       23.000       19.000       23.000       23.000
    25:       23.000        2.000        4.000       22.000       24.000
    30:       19.000        6.000        6.000        6.000        6.000
    35:        6.000        6.000        6.000        2.000        4.000
    40:       22.000       24.000        6.000       19.000        6.000
    45:        2.000        4.000       22.000       24.000       21.000
    50:       22.000       21.000       22.000       21.000       22.000
    55:       19.000        2.000        4.000       22.000       24.000
    60:       21.000       22.000       21.000       22.000       19.000
    65:       23.000        2.000        4.000       22.000       24.000
    70:       21.000       22.000       21.000       22.000       19.000
    75:       23.000       23.000        2.000        4.000       22.000
    80:       24.000       21.000       22.000       21.000       22.000
    85:       19.000        6.000        2.000        4.000       22.000
    90:       24.000       21.000       22.000       19.000        2.000
    95:        4.000       22.000       24.000       19.000        2.000
   100:        4.000       22.000       24.000       19.000        2.000
   105:        4.000       22.000       24.000       21.000       22.000
   110:       21.000       22.000       21.000       22.000       21.000
   115:       22.000       19.000        2.000        4.000       22.000
   120:       24.000       21.000       22.000       21.000       22.000
   125:       21.000       22.000       21.000       22.000       21.000
   130:       22.000       21.000       22.000       21.000       22.000
   135:       21.000       22.000       21.000       22.000       19.000
   140:        2.000        4.000       22.000       24.000       21.000
   145:       22.000        6.000       21.000       22.000       21.000
   150:       22.000       21.000       22.000       21.000       22.000
   155:       21.000       22.000       19.000        6.000        6.000
   160:        6.000        2.000        4.000       22.000       24.000
   165:       23.000       19.000       23.000       23.000        2.000
   170:        4.000       22.000       24.000       21.000       22.000
   175:       19.000        2.000        4.000       22.000       24.000
   180:       21.000       22.000       21.000       22.000       19.000
   185:        2.000        4.000       22.000       24.000       19.000
   190:        2.000        4.000       22.000       24.000       21.000
   195:       22.000       21.000       22.000       21.000       22.000
   200:       21.000       22.000       21.000       22.000       21.000
   205:       22.000       21.000       22.000       19.000        2.000
   210:        4.000       22.000       24.000       21.000       22.000
   215:       21.000       22.000       21.000       22.000        6.000
   220:        6.000        6.000        6.000        6.000        6.000
   225:       19.000        6.000        6.000        6.000        6.000
   230:        2.000        4.000       22.000       24.000       21.000
   235:       22.000       21.000       22.000       21.000       22.000
   240:       21.000       22.000       21.000       22.000       21.000
   245:       22.000       21.000       22.000        6.000        6.000
   250:        6.000        6.000        6.000        6.000        6.000
   255:        6.000       19.000        6.000        6.000        6.000
   260:        2.000        4.000       22.000       24.000       21.000
   265:       22.000        6.000        6.000       21.000       22.000
   270:       21.000       22.000       21.000       22.000       21.000
   275:       22.000       21.000       22.000       19.000        2.000
   280:        4.000       22.000       24.000       21.000       22.000
   285:       21.000       22.000       19.000        6.000        2.000
   290:        4.000       22.000       24.000       19.000        2.000
   295:        4.000       22.000       24.000       19.000        2.000
   300:        4.000       22.000       24.000       21.000       22.000
   305:        6.000        6.000       19.000        2.000        4.000
   310:       22.000       24.000       21.000       22.000        6.000
   315:        6.000        6.000        6.000       21.000       22.000
   320:       21.000       22.000       21.000       22.000       21.000
   325:       22.000       19.000        2.000        4.000       22.000
   330:       24.000       21.000       22.000       21.000       22.000
   335:       21.000       22.000       19.000        6.000        2.000
   340:        4.000       22.000       24.000       19.000        2.000
   345:        4.000       22.000       24.000       19.000        2.000
   350:        4.000       22.000       24.000       21.000       22.000
   355:       21.000       22.000        6.000       21.000       22.000
   360:       21.000       22.000       19.000        2.000        4.000
   365:       22.000       24.000       21.000       22.000       21.000
   370:       22.000       21.000       22.000       21.000       22.000
   375:       21.000       22.000       21.000       22.000        6.000
   380:        6.000       21.000       22.000       21.000       22.000
   385:       19.000        2.000        4.000       22.000       24.000
   390:       21.000       22.000       21.000       22.000       21.000
   395:       22.000       21.000       22.000       21.000       22.000
   400:       21.000       22.000       21.000       22.000       21.000
   405:       22.000       21.000       22.000       21.000       22.000
   410:       21.000       22.000       19.000        2.000        4.000
   415:       22.000       24.000       21.000       22.000       21.000
   420:       22.000        6.000        6.000        6.000        6.000
   425:       21.000       22.000       21.000       22.000       21.000
   430:       22.000       21.000       22.000       21.000       22.000
   435:       19.000        6.000        6.000        6.000        6.000
   440:        6.000        6.000        6.000        2.000        4.000
   445:       22.000       24.000       19.000       23.000        2.000
   450:        4.000       22.000       24.000       19.000        2.000
   455:        4.000       22.000       24.000       21.000       22.000
   460:       19.000        2.000        4.000       22.000       24.000
   465:       21.000       22.000        6.000        6.000       19.000
   470:        2.000        4.000       22.000       24.000        6.000
   475:        6.000        6.000        6.000       19.000        2.000
   480:        4.000       22.000       24.000       21.000       22.000
   485:       21.000       22.000       21.000       22.000       21.000
   490:       22.000       21.000       22.000        6.000       21.000
   495:       22.000       21.000       22.000       21.000       22.000
   500:       19.000        2.000        4.000       22.000       24.000
   505:       21.000       22.000       21.000       22.000       21.000
   510:       22.000       21.000       22.000       21.000       22.000
   515:       21.000       22.000       21.000       22.000       21.000
   520:       22.000       21.000       22.000       19.000        6.000
   525:        6.000        6.000        6.000        2.000        4.000
   530:       22.000       24.000       19.000        2.000        4.000
   535:       22.000       24.000       21.000       22.000       21.000
   540:       22.000       21.000       22.000       21.000       22.000
   545:       21.000       22.000       21.000       22.000       21.000
   550:       22.000       21.000       22.000       21.000       22.000
   555:       19.000        2.000        4.000       22.000       24.000
   560:       21.000       22.000       21.000       22.000       21.000
   565:       22.000       21.000       22.000       21.000       22.000
   570:       21.000       22.000       21.000       22.000       21.000
   575:       22.000       21.000       22.000       19.000        2.000
   580:        4.000       22.000       24.000       21.000       22.000
   585:       21.000       22.000       21.000       22.000       21.000
   590:       22.000       21.000       22.000       19.000        2.000
   595:        4.000       22.000       24.000       21.000       22.000
   600:       21.000       22.000       21.000       22.000       21.000
   605:       22.000       21.000       22.000       21.000       22.000
   610:       21.000       22.000       21.000       22.000       19.000
   615:        2.000        4.000       22.000       24.000       21.000
   620:       22.000       21.000       22.000       21.000       22.000
   625:       21.000       22.000       21.000       22.000       21.000
   630:       22.000       21.000       22.000       21.000       22.000
   635:       19.000        2.000        4.000       22.000       24.000
   640:       21.000       22.000       21.000       22.000        6.000
   645:        6.000        6.000       21.000       22.000       21.000
   650:       22.000       21.000       22.000       21.000       22.000
   655:       19.000        2.000        4.000       22.000       24.000
   660:       21.000       22.000       21.000       22.000       21.000
   665:       22.000       21.000       22.000       21.000       22.000
   670:        6.000       19.000       23.000        6.000        2.000
   675:        4.000       22.000       24.000       21.000       22.000
   680:        6.000       19.000        6.000        2.000        4.000
   685:       22.000       24.000       21.000       22.000        6.000
   690:        6.000        6.000        6.000        6.000        6.000
   695:        6.000        6.000        6.000        6.000        6.000
   700:        6.000        6.000       19.000        6.000        6.000
   705:        6.000        6.000        2.000        4.000       22.000
   710:       24.000       19.000        2.000        4.000       22.000
   715:       24.000        6.000       19.000       23.000       23.000
   720:        2.000        4.000       22.000       24.000       21.000
   725:       22.000       19.000        2.000        4.000       22.000
   730:       24.000       19.000        2.000        4.000       22.000
   735:       24.000       21.000       22.000       21.000       22.000
   740:       19.000        2.000        4.000       22.000       24.000
   745:       21.000       22.000       21.000       22.000       21.000
   750:       22.000       21.000       22.000       21.000       22.000
   755:       21.000       22.000       21.000       22.000       21.000
   760:       22.000       19.000        2.000        4.000       22.000
   765:       24.000       21.000       22.000       21.000       22.000
   770:       21.000       22.000       21.000       22.000       21.000
   775:       22.000       21.000       22.000       21.000       22.000
   780:       19.000        2.000        4.000       22.000       24.000
   785:       19.000        2.000        4.000       22.000       24.000
   790:       21.000       22.000        6.000        6.000       19.000
   795:        2.000        4.000       22.000       24.000       21.000
   800:       22.000       21.000       22.000       21.000       22.000
   805:       21.000       22.000        6.000        6.000        6.000
   810:        6.000        6.000        6.000        6.000       19.000
   815:        2.000        4.000       22.000       24.000       21.000
   820:       22.000       21.000       22.000       21.000       22.000
   825:       21.000       22.000       21.000       22.000       21.000
   830:       22.000       21.000       22.000       21.000       22.000
   835:        6.000        6.000        6.000        6.000       19.000
   840:        2.000        4.000       22.000       24.000       21.000
   845:       22.000       21.000       22.000       21.000       22.000
   850:       21.000       22.000       21.000       22.000       21.000
   855:       22.000       21.000       22.000       21.000       22.000
   860:       19.000        2.000        4.000       22.000       24.000
   865:        6.000        6.000       21.000       22.000       19.000
   870:        2.000        4.000       22.000       24.000       21.000
   875:       22.000       23.000       19.000        2.000        4.000
   880:       22.000       24.000       21.000       22.000       19.000
   885:        6.000        2.000        4.000       22.000       24.000
   890:       21.000       22.000       19.000        2.000        4.000
   895:       22.000       24.000       19.000        2.000        4.000
   900:       22.000       24.000       21.000       22.000       21.000
   905:       22.000       21.000       22.000       21.000       22.000
   910:       21.000       22.000       21.000       22.000       21.000
   915:       22.000       21.000       22.000       19.000        2.000
   920:        4.000       22.000       24.000        6.000        6.000
   925:        6.000        6.000        6.000       19.000        6.000
   930:        2.000        4.000       22.000       24.000       19.000
   935:        2.000        4.000       22.000       24.000       19.000
   940:        6.000        2.000        4.000       22.000       24.000
   945:        6.000       19.000        2.000        4.000       22.000
   950:       24.000        6.000       19.000        6.000        6.000
   955:        6.000        2.000        4.000       22.000       24.000
   960:       21.000       22.000       21.000       22.000        6.000
   965:       21.000       22.000       21.000       22.000       21.000
   970:       22.000       21.000       22.000        6.000       19.000
   975:        2.000        4.000       22.000       24.000       21.000
   980:       22.000       21.000       22.000       21.000       22.000
   985:       21.000       22.000       21.000       22.000        6.000
   990:        6.000        6.000        6.000       19.000        2.000
   995:        4.000       22.000       24.000       21.000       22.000
  1000:       21.000       22.000       21.000       22.000       21.000
  1005:       22.000       21.000       22.000       21.000       22.000
  1010:       19.000       23.000       23.000       23.000        2.000
  1015:        4.000       22.000       24.000       21.000       22.000
  1020:       19.000        2.000        4.000       22.000       24.000
  1025:        6.000        6.000       19.000        6.000        6.000
  1030:        6.000        2.000        4.000       22.000       24.000
  1035:       19.000        2.000        4.000       22.000       24.000
  1040:       19.000       23.000        2.000        4.000       22.000
  1045:       24.000       21.000       22.000       21.000       22.000
  1050:       19.000        6.000        6.000        2.000        4.000
  1055:       22.000       24.000        6.000        6.000        6.000
  1060:       19.000        2.000        4.000       22.000       24.000
  1065:       21.000       22.000       19.000       23.000        2.000
  1070:        4.000       22.000       24.000       19.000        2.000
  1075:        4.000       22.000       24.000       21.000       22.000
  1080:       19.000        2.000        4.000       22.000       24.000
  1085:        6.000        6.000       19.000        2.000        4.000
  1090:       22.000       24.000        6.000        6.000       19.000
  1095:        2.000        4.000       22.000       24.000       19.000
  1100:        6.000        6.000        6.000        2.000        4.000
  1105:       22.000       24.000        6.000        6.000       19.000
  1110:        2.000        4.000       22.000       24.000       21.000
  1115:       22.000       19.000        2.000        4.000       22.000
  1120:       24.000       19.000        2.000        4.000       22.000
  1125:       24.000       21.000       22.000       21.000       22.000
  1130:       21.000       22.000       21.000       22.000       21.000
  1135:       22.000       19.000        2.000        4.000       22.000
  1140:       24.000       21.000       22.000       21.000       22.000
  1145:       21.000       22.000       21.000       22.000       21.000
  1150:       22.000       21.000       22.000       21.000       22.000
  1155:       21.000       22.000       21.000       22.000       19.000
  1160:        2.000        4.000       22.000       24.000       21.000
  1165:       22.000       21.000       22.000       21.000       22.000
  1170:       21.000       22.000       21.000       22.000       21.000
  1175:       22.000       21.000       22.000       21.000       22.000
  1180:       21.000       22.000       21.000       22.000        6.000
  1185:       19.000        2.000        4.000       22.000       24.000
  1190:       21.000       22.000       21.000       22.000       21.000
  1195:       22.000       21.000       22.000       19.000        6.000
  1200:        6.000        6.000        6.000        6.000        6.000
  1205:        6.000        6.000        6.000        6.000        6.000
  1210:        6.000        6.000        6.000        6.000        6.000
  1215:        6.000        6.000        2.000        4.000       22.000
  1220:       24.000        6.000        6.000        6.000       21.000
  1225:       22.000       19.000        2.000        4.000       22.000
  1230:       24.000        6.000       21.000       22.000       21.000
  1235:       22.000       21.000       22.000       21.000       22.000
  1240:       19.000        2.000        4.000       22.000       24.000
  1245:       21.000       22.000       21.000       22.000       21.000
  1250:       22.000        6.000       21.000       22.000       21.000
  1255:       22.000       21.000       22.000       19.000        2.000
  1260:        4.000       22.000       24.000        6.000       21.000
  1265:       22.000       21.000       22.000       21.000       22.000
  1270:       21.000       22.000       21.000       22.000       19.000
  1275:        2.000        4.000       22.000       24.000       21.000
  1280:       22.000       21.000       22.000       19.000        2.000
  1285:        4.000       22.000       24.000       21.000       22.000
  1290:       19.000        6.000        6.000        2.000        4.000
  1295:       22.000       24.000       19.000        2.000        4.000
  1300:       22.000       24.000       19.000       23.000        2.000
  1305:        4.000       22.000       24.000       19.000        2.000
  1310:        4.000       22.000       24.000       21.000       22.000
  1315:       19.000        2.000        4.000       22.000       24.000
  1320:       19.000        2.000        4.000       22.000       24.000
  1325:        6.000       19.000       23.000       23.000       23.000
  1330:       23.000        2.000        4.000       22.000       24.000
  1335:       19.000        2.000        4.000       22.000       24.000
  1340:        6.000       19.000        2.000        4.000       22.000
  1345:       24.000       21.000       22.000       21.000       22.000
  1350:       21.000       22.000       21.000       22.000        6.000
  1355:       19.000        6.000        6.000        6.000        6.000
  1360:        6.000        6.000        6.000        6.000        6.000
  1365:        6.000        6.000        6.000        6.000        2.000
  1370:        4.000       22.000       24.000       21.000       22.000
  1375:       19.000       23.000        2.000        4.000       22.000
  1380:       24.000       19.000        2.000        4.000       22.000
  1385:       24.000       19.000        2.000        4.000       22.000
  1390:       24.000       19.000        2.000        4.000       22.000
  1395:       24.000       21.000       22.000        6.000       19.000
  1400:        2.000        4.000       22.000       24.000       21.000
  1405:       22.000        6.000        6.000       19.000        2.000
  1410:        4.000       22.000       24.000       21.000       22.000
  1415:       19.000        2.000        4.000       22.000       24.000
  1420:       21.000       22.000       21.000       22.000       21.000
  1425:       22.000       21.000       22.000       21.000       22.000
  1430:       21.000       22.000       21.000       22.000       21.000
  1435:       22.000       19.000        2.000        4.000       22.000
  1440:       24.000       23.000       23.000       19.000       23.000
  1445:        2.000        4.000       22.000       24.000       21.000
  1450:       22.000        6.000       19.000        2.000        4.000
  1455:       22.000       24.000       21.000       22.000       21.000
  1460:       22.000       19.000        2.000        4.000       22.000
  1465:       24.000       21.000       22.000       19.000        2.000
  1470:        4.000       22.000       24.000       19.000        2.000
  1475:        4.000       22.000       24.000       19.000        2.000
  1480:        4.000       22.000       24.000       21.000       22.000
  1485:       21.000       22.000       21.000       22.000       21.000
  1490:       22.000       21.000       22.000       21.000       22.000
  1495:        6.000       19.000        2.000        4.000       22.000
  1500:       24.000       21.000       22.000       21.000       22.000
  1505:       21.000       22.000       21.000       22.000       21.000
  1510:       22.000       21.000       22.000       21.000       22.000
  1515:       19.000        2.000        4.000       22.000       24.000
  1520:       21.000       22.000        6.000        6.000        6.000
  1525:       21.000       22.000       21.000       22.000       21.000
  1530:       22.000       21.000       22.000       21.000       22.000
  1535:       21.000       22.000       21.000       22.000       21.000
  1540:       22.000       19.000        2.000        4.000       22.000
  1545:       24.000       21.000       22.000       21.000       22.000
  1550:       21.000       22.000       21.000       22.000       19.000
  1555:        6.000        6.000        6.000        6.000        6.000
  1560:        6.000       23.000       23.000       23.000        2.000
  1565:        4.000       22.000       24.000       19.000        2.000
  1570:        4.000       22.000       24.000       19.000       23.000
  1575:       23.000        2.000        4.000       22.000       24.000
  1580:       19.000       23.000       23.000        6.000        6.000
  1585:        6.000        6.000       23.000        6.000        2.000
  1590:        4.000       22.000       24.000        6.000       19.000
  1595:        6.000       23.000        2.000        4.000       22.000
  1600:       24.000       19.000        2.000        4.000       22.000
  1605:       24.000       19.000       23.000       23.000       23.000
  1610:       23.000       23.000       23.000       23.000       23.000
  1615:       23.000       23.000       23.000       23.000       23.000
  1620:       23.000        2.000        4.000       22.000       24.000
  1625:       19.000        2.000        4.000       22.000       24.000
  1630:       21.000       22.000       21.000       22.000       19.000
  1635:        6.000        2.000        4.000       22.000       24.000
  1640:       19.000        2.000        4.000       22.000       24.000
  1645:       19.000        2.000        4.000       22.000       24.000
  1650:       19.000        2.000        4.000       22.000       24.000
  1655:       21.000       22.000       19.000        2.000        4.000
  1660:       22.000       24.000       19.000        2.000        4.000
  1665:       22.000       24.000       19.000       23.000        6.000
  1670:        2.000        4.000       22.000       24.000       19.000
  1675:        2.000        4.000       22.000       24.000       21.000
  1680:       22.000       21.000       22.000       21.000       22.000
  1685:       19.000        2.000        4.000       22.000       24.000
  1690:       19.000       23.000        2.000        4.000       22.000
  1695:       24.000       19.000        2.000        4.000       22.000
  1700:       24.000       19.000        2.000        4.000       22.000
  1705:       24.000       19.000       23.000        2.000        4.000
  1710:       22.000       24.000        6.000        6.000        6.000
  1715:       19.000        6.000        2.000        4.000       22.000
  1720:       24.000        6.000        6.000       19.000        2.000
  1725:        4.000       22.000       24.000       19.000        2.000
  1730:        4.000       22.000       24.000       19.000        2.000
  1735:        4.000       22.000       24.000       21.000       22.000
  1740:       19.000        2.000        4.000       22.000       24.000
  1745:       19.000        2.000        4.000       22.000       24.000
  1750:       19.000        2.000        4.000       22.000       24.000
  1755:       19.000        2.000        4.000       22.000       24.000
  1760:       19.000        2.000        4.000       22.000       24.000
  1765:       19.000       23.000        2.000        4.000       22.000
  1770:       24.000       19.000        2.000        4.000       22.000
  1775:       24.000       21.000       22.000       21.000       22.000
  1780:        6.000        6.000        6.000        6.000        6.000
  1785:       19.000        2.000        4.000       22.000       24.000
  1790:       21.000       22.000       21.000       22.000       21.000
  1795:       22.000       21.000       22.000       21.000       22.000
  1800:        6.000       21.000       22.000       21.000       22.000
  1805:       19.000        2.000        4.000       22.000       24.000
  1810:       21.000       22.000       21.000       22.000       21.000
  1815:       22.000       21.000       22.000       19.000        2.000
  1820:        4.000       22.000       24.000       21.000       22.000
  1825:       21.000       22.000       21.000       22.000       21.000
  1830:       22.000       21.000       22.000       21.000       22.000
  1835:       21.000       22.000       21.000       22.000       19.000
  1840:        6.000        6.000        2.000        4.000       22.000
  1845:       24.000       21.000       22.000       21.000       22.000
  1850:        6.000       19.000        2.000        4.000       22.000
  1855:       24.000       19.000        2.000        4.000       22.000
  1860:       24.000       21.000       22.000       21.000       22.000
  1865:       21.000       22.000       21.000       22.000       21.000
  1870:       22.000       21.000       22.000       21.000       22.000
  1875:       21.000       22.000       19.000        2.000        4.000
  1880:       22.000       24.000       21.000       22.000       21.000
  1885:       22.000        6.000       21.000       22.000       21.000
  1890:       22.000       21.000       22.000       21.000       22.000
  1895:       19.000        2.000        4.000       22.000       24.000
  1900:       21.000       22.000       21.000       22.000       21.000
  1905:       22.000       21.000       22.000       21.000       22.000
  1910:        6.000       19.000        2.000        4.000       22.000
  1915:       24.000       21.000       22.000       21.000       22.000
  1920:       21.000       22.000       21.000       22.000       21.000
  1925:       22.000       21.000       22.000       21.000       22.000
  1930:       21.000       22.000        6.000        6.000        6.000
  1935:       19.000        6.000       23.000       23.000        2.000
  1940:        4.000       22.000       24.000       21.000       22.000
  1945:       21.000       22.000       21.000       22.000       21.000
  1950:       22.000       21.000       22.000        6.000       19.000
  1955:        6.000        6.000        2.000        4.000       22.000
  1960:       24.000       21.000       22.000       21.000       22.000
  1965:       21.000       22.000       21.000       22.000       21.000
  1970:       22.000       21.000       22.000       19.000        2.000
  1975:        4.000       22.000       24.000       21.000       22.000
  1980:       21.000       22.000       21.000       22.000       21.000
  1985:       22.000       21.000       22.000       19.000        2.000
  1990:        4.000       22.000       24.000       21.000       22.000
  1995:        6.000       19.000        2.000        4.000       22.000
  2000:       24.000       21.000       22.000       21.000       22.000
  2005:       21.000       22.000       21.000       22.000       21.000
  2010:       22.000       21.000       22.000       21.000       22.000
  2015:       19.000        2.000        4.000       22.000       24.000
  2020:       21.000       22.000       19.000        2.000        4.000
  2025:       22.000       24.000       21.000       22.000       21.000
  2030:       22.000       19.000        2.000        4.000       22.000
  2035:       24.000       19.000        2.000        4.000       22.000
  2040:       24.000       21.000       22.000       21.000       22.000
  2045:       19.000        2.000        4.000       22.000       24.000
  2050:       19.000        6.000        6.000        2.000        4.000
  2055:       22.000       24.000        6.000        6.000       19.000
  2060:        2.000        4.000       22.000       24.000       21.000
  2065:       22.000        6.000        6.000        6.000       19.000
  2070:        6.000        6.000        6.000        6.000        6.000
  2075:        6.000        6.000        6.000        2.000        4.000
  2080:       22.000       24.000       19.000       23.000        2.000
  2085:        4.000       22.000       24.000       19.000        2.000
  2090:        4.000       22.000       24.000       19.000       23.000
  2095:        2.000        4.000       22.000       24.000       21.000
  2100:       22.000       19.000        2.000        4.000       22.000
  2105:       24.000       19.000        6.000        6.000        6.000
  2110:        6.000        6.000        6.000        6.000        2.000
  2115:        4.000       22.000       24.000       21.000       22.000
  2120:       19.000        2.000        4.000       22.000       24.000
  2125:       19.000        6.000        6.000        2.000        4.000
  2130:       22.000       24.000       21.000       22.000        6.000
  2135:       19.000        6.000        6.000        6.000       23.000
  2140:       23.000        2.000        4.000       22.000       24.000
  2145:       21.000       22.000        6.000       19.000        2.000
  2150:        4.000       22.000       24.000       21.000       22.000
  2155:       19.000        2.000        4.000       22.000       24.000
  2160:        6.000        6.000        6.000       19.000        6.000
  2165:        6.000        2.000        4.000       22.000       24.000
  2170:       19.000        6.000       23.000        2.000        4.000
  2175:       22.000       24.000       19.000        2.000        4.000
  2180:       22.000       24.000       21.000       22.000       19.000
  2185:        2.000        4.000       22.000       24.000       19.000
  2190:        2.000        4.000       22.000       24.000       21.000
  2195:       22.000       21.000       22.000       19.000        2.000
  2200:        4.000       22.000       24.000       19.000        2.000
  2205:        4.000       22.000       24.000       21.000       22.000
  2210:       21.000       22.000       21.000       22.000       19.000
  2215:        2.000        4.000       22.000       24.000       19.000
  2220:       23.000        2.000        4.000       22.000       24.000
  2225:        6.000       21.000       22.000       21.000       22.000
  2230:       21.000       22.000       21.000       22.000       19.000
  2235:        2.000        4.000       22.000       24.000       21.000
  2240:       22.000        6.000        6.000       19.000        6.000
  2245:        6.000        6.000        6.000        6.000       23.000
  2250:        6.000        2.000        4.000       22.000       24.000
  2255:       19.000        6.000        2.000        4.000       22.000
  2260:       24.000       21.000       22.000       21.000       22.000
  2265:        6.000       21.000       22.000       21.000       22.000
  2270:       21.000       22.000       21.000       22.000       19.000
  2275:        2.000        4.000       22.000       24.000       21.000
  2280:       22.000       21.000       22.000       21.000       22.000
  2285:       21.000       22.000       21.000       22.000       19.000
  2290:        2.000        4.000       22.000       24.000       21.000
  2295:       22.000       21.000       22.000       21.000       22.000
  2300:       21.000       22.000       19.000        2.000        4.000
  2305:       22.000       24.000       21.000       22.000       21.000
  2310:       22.000       21.000       22.000       21.000       22.000
  2315:       21.000       22.000       19.000        2.000        4.000
  2320:       22.000       24.000       19.000       23.000        2.000
  2325:        4.000       22.000       24.000       21.000       22.000
  2330:       19.000        2.000        4.000       22.000       24.000
  2335:       21.000       22.000       19.000       23.000        2.000
  2340:        4.000       22.000       24.000       19.000        2.000
  2345:        4.000       22.000       24.000       19.000        6.000
  2350:        2.000        4.000       22.000       24.000        6.000
  2355:        6.000        6.000       21.000       22.000       21.000
  2360:       22.000       21.000       22.000       19.000        2.000
  2365:        4.000       22.000       24.000        6.000        6.000
  2370:        6.000        6.000        6.000        6.000        6.000
  2375:        6.000       19.000        6.000        6.000        6.000
  2380:        6.000        2.000        4.000       22.000       24.000
  2385:       21.000       22.000       21.000       22.000       21.000
  2390:       22.000       21.000       22.000       19.000        2.000
  2395:        4.000       22.000       24.000        6.000        6.000
  2400:        6.000        6.000        6.000       19.000        6.000
  2405:        2.000        4.000       22.000       24.000       21.000
  2410:       22.000       19.000       23.000        2.000        4.000
  2415:       22.000       24.000       19.000        2.000        4.000
  2420:       22.000       24.000        6.000        6.000       19.000
  2425:       23.000       23.000        2.000        4.000       22.000
  2430:       24.000       19.000        2.000        4.000       22.000
  2435:       24.000       19.000        2.000        4.000       22.000
  2440:       24.000       19.000        6.000        6.000        2.000
  2445:        4.000       22.000       24.000       21.000       22.000
  2450:       19.000        2.000        4.000       22.000       24.000
  2455:       21.000       22.000       21.000       22.000        6.000
  2460:       19.000        6.000        6.000        6.000        6.000
  2465:        6.000        2.000        4.000       22.000       24.000
  2470:       19.000        2.000        4.000       22.000       24.000
  2475:       19.000        6.000        6.000        6.000        6.000
  2480:        6.000        6.000        2.000        4.000       22.000
  2485:       24.000       19.000        6.000        2.000        4.000
  2490:       22.000       24.000       21.000       22.000       19.000
  2495:        2.000        4.000       22.000       24.000       19.000
  2500:        2.000        4.000       22.000       24.000       23.000
  2505:       19.000        2.000        4.000       22.000       24.000
  2510:       19.000        2.000        4.000       22.000       24.000
  2515:       19.000        6.000        2.000        4.000       22.000
  2520:       24.000       21.000       22.000       21.000       22.000
  2525:       19.000        2.000        4.000       22.000       24.000
  2530:       19.000        2.000        4.000       22.000       24.000
  2535:        6.000       19.000        2.000        4.000       22.000
  2540:       24.000       19.000        2.000        4.000       22.000
  2545:       24.000       19.000        2.000        4.000       22.000
  2550:       24.000       19.000        2.000        4.000       22.000
  2555:       24.000       19.000        6.000        6.000        2.000
  2560:        4.000       22.000       24.000       19.000        6.000
  2565:        2.000        4.000       22.000       24.000       19.000
  2570:        2.000        4.000       22.000       24.000       21.000
  2575:       22.000       21.000       22.000       19.000        2.000
  2580:        4.000       22.000       24.000       19.000        2.000
  2585:        4.000       22.000       24.000       21.000       22.000
  2590:       19.000        2.000        4.000       22.000       24.000
  2595:       19.000        2.000        4.000       22.000       24.000
  2600:       21.000       22.000       21.000       22.000       19.000
  2605:        2.000        4.000       22.000       24.000       23.000
  2610:       23.000       23.000       19.000        2.000        4.000
  2615:       22.000       24.000       19.000        2.000        4.000
  2620:       22.000       24.000       19.000        2.000        4.000
  2625:       22.000       24.000       19.000        2.000        4.000
  2630:       22.000       24.000       19.000        2.000        4.000
  2635:       22.000       24.000       19.000        2.000        4.000
  2640:       22.000       24.000       19.000        2.000        4.000
  2645:       22.000       24.000       21.000       22.000       21.000
  2650:       22.000       21.000       22.000       21.000       22.000
  2655:       19.000        2.000        4.000       22.000       24.000
  2660:        6.000       19.000        6.000        6.000        2.000
  2665:        4.000       22.000       24.000       21.000       22.000
  2670:       19.000        2.000        4.000       22.000       24.000
  2675:       23.000       19.000        2.000        4.000       22.000
  2680:       24.000       21.000       22.000       19.000        2.000
  2685:        4.000       22.000       24.000       19.000        2.000
  2690:        4.000       22.000       24.000       21.000       22.000
  2695:       19.000        2.000        4.000       22.000       24.000
  2700:       21.000       22.000       19.000        6.000        2.000
  2705:        4.000       22.000       24.000       21.000       22.000
  2710:       21.000       22.000       21.000       22.000       19.000
  2715:        2.000        4.000       22.000       24.000       19.000
  2720:        2.000        4.000       22.000       24.000       19.000
  2725:        2.000        4.000       22.000       24.000       19.000
  2730:        2.000        4.000       22.000       24.000       19.000
  2735:        2.000        4.000       22.000       24.000       19.000
  2740:        6.000        6.000        2.000        4.000       22.000
  2745:       24.000       19.000        2.000        4.000       22.000
  2750:       24.000       19.000       23.000        2.000        4.000
  2755:       22.000       24.000       19.000        2.000        4.000
  2760:       22.000       24.000       19.000        6.000        2.000
  2765:        4.000       22.000       24.000       21.000       22.000
  2770:       19.000        2.000        4.000       22.000       24.000
  2775:       21.000       22.000       19.000        2.000        4.000
  2780:       22.000       24.000       21.000       22.000       21.000
  2785:       22.000       19.000        2.000        4.000       22.000
  2790:       24.000       21.000       22.000       21.000       22.000
  2795:       19.000        2.000        4.000       22.000       24.000
  2800:       19.000        2.000        4.000       22.000       24.000
  2805:       19.000        2.000        4.000       22.000       24.000
  2810:       19.000        6.000        6.000        2.000        4.000
  2815:       22.000       24.000        6.000        6.000       21.000
  2820:       22.000       19.000        2.000        4.000       22.000
  2825:       24.000        6.000       19.000        2.000        4.000
  2830:       22.000       24.000       21.000       22.000        6.000
  2835:       19.000        2.000        4.000       22.000       24.000
  2840:       19.000        2.000        4.000       22.000       24.000
  2845:       19.000        2.000        4.000       22.000       24.000
  2850:       19.000        6.000        6.000        2.000        4.000
  2855:       22.000       24.000       21.000       22.000       19.000
  2860:        6.000        2.000        4.000       22.000       24.000
  2865:       21.000       22.000       19.000        6.000        2.000
  2870:        4.000       22.000       24.000        6.000        6.000
  2875:        6.000        6.000        6.000        6.000        6.000
  2880:       19.000        2.000        4.000       22.000       24.000
  2885:       19.000        6.000      100.000
T:
     0:        0.000        0.000        0.000        0.000        4.360
     5:        7.610        7.610        7.610        7.620       17.610
    10:       21.060       21.060       21.060       21.070       31.060
    15:       89.210       89.210       89.210       89.220       89.800
    20:       89.800       98.040       99.210       99.680      115.760
    25:      116.240      119.750      119.750      119.750      119.760
    30:      129.750      145.290      198.100      201.720      205.230
    35:      206.940      207.380      208.780      255.810      255.810
    40:      255.810      255.820      258.600      265.810      280.330
    45:      327.550      327.550      327.550      327.560      328.730
    50:      328.730      329.850      329.850      334.220      334.220
    55:      337.550      354.530      354.530      354.530      354.540
    60:      357.210      357.210      362.250      362.250      364.530
    65:      381.660      401.730      401.730      401.730      401.740
    70:      402.310      402.310      402.880      402.880      411.730
    75:      414.110      435.980      466.480      466.480      466.480
    80:      466.490      467.420      467.420      469.160      469.160
    85:      476.480      641.390      720.650      720.650      720.650
    90:      720.660      724.590      724.590      730.650      742.440
    95:      742.440      742.440      742.450      752.440      803.450
   100:      803.450      803.450      803.460      813.450      853.750
   105:      853.750      853.750      853.760      858.430      858.430
   110:      859.130      859.130      860.120      860.120      860.300
   115:      860.300      863.750      865.700      865.700      865.700
   120:      865.710      866.400      866.400      867.800      867.800
   125:      868.360      868.360      869.820      869.820      870.060
   130:      870.060      870.150      870.150      871.350      871.350
   135:      873.680      873.680      874.130      874.130      875.700
   140:      875.810      875.810      875.810      875.820      876.350
   145:      876.350      879.670      880.800      880.800      881.330
   150:      881.330      881.750      881.750      882.460      882.460
   155:      883.190      883.190      885.810      895.510      896.460
   160:      896.510      897.640      897.640      897.640      897.650
   165:      906.980      907.640      915.670      927.960      948.580
   170:      948.580      948.580      948.590      949.800      949.800
   175:      958.580      963.620      963.620      963.620      963.630
   180:      966.700      966.700      968.520      968.520      973.620
   185:      976.600      976.600      976.600      976.610      986.600
   190:     1004.910     1004.910     1004.910     1004.920     1006.210
   195:     1006.210     1011.590     1011.590     1011.700     1011.700
   200:     1012.790     1012.790     1012.900     1012.900     1014.000
   205:     1014.000     1014.290     1014.290     1014.910     1015.890
   210:     1015.890     1015.890     1015.900     1016.850     1016.850
   215:     1017.060     1017.060     1018.610     1018.610     1020.700
   220:     1021.260     1022.640     1024.840     1025.470     1025.610
   225:     1025.890     1026.140     1026.240     1026.290     1026.350
   230:     1029.060     1029.060     1029.060     1029.070     1029.630
   235:     1029.630     1029.890     1029.890     1030.780     1030.780
   240:     1031.000     1031.000     1031.380     1031.380     1032.300
   245:     1032.300     1032.530     1032.530     1033.630     1034.130
   250:     1034.550     1034.650     1035.420     1035.800     1036.430
   255:     1037.170     1039.060     1041.130     1041.790     1042.320
   260:     1049.400     1049.400     1049.400     1049.410     1052.830
   265:     1052.830     1053.890     1056.220     1057.060     1057.060
   270:     1057.510     1057.510     1057.810     1057.810     1058.970
   275:     1058.970     1059.350     1059.350     1059.400     1061.430
   280:     1061.430     1061.430     1061.440     1062.000     1062.000
   285:     1063.700     1063.700     1071.430     1079.990     1082.700
   290:     1082.700     1082.700     1082.710     1092.700     1225.610
   295:     1225.610     1225.610     1225.620     1235.610     1248.800
   300:     1248.800     1248.800     1248.810     1248.880     1248.880
   305:     1251.740     1255.940     1258.800     1259.740     1259.740
   310:     1259.740     1259.750     1260.510     1260.510     1262.300
   315:     1263.570     1264.310     1265.260     1265.940     1265.940
   320:     1267.250     1267.250     1267.760     1267.760     1268.390
   325:     1268.390     1269.740     1271.050     1271.050     1271.050
   330:     1271.060     1272.950     1272.950     1275.380     1275.380
   335:     1276.130     1276.130     1281.050     1345.110     1355.630
   340:     1355.630     1355.630     1355.640     1365.630     1378.790
   345:     1378.790     1378.790     1378.800     1388.790     1398.160
   350:     1398.160     1398.160     1398.170     1401.720     1401.720
   355:     1402.240     1402.240     1403.570     1405.730     1405.730
   360:     1406.320     1406.320     1408.160     1408.430     1408.430
   365:     1408.430     1408.440     1408.580     1408.580     1408.800
   370:     1408.800     1408.930     1408.930     1410.210     1410.210
   375:     1410.760     1410.760     1411.420     1411.420     1413.140
   380:     1414.130     1416.670     1416.670     1418.010     1418.010
   385:     1418.430     1419.250     1419.250     1419.250     1419.260
   390:     1420.170     1420.170     1420.280     1420.280     1420.760
   395:     1420.760     1422.470     1422.470     1423.400     1423.400
   400:     1423.740     1423.740     1425.820     1425.820     1426.090
   405:     1426.090     1426.270     1426.270     1426.720     1426.720
   410:     1427.020     1427.020     1429.250     1436.640     1436.640
   415:     1436.640     1436.650     1438.120     1438.120     1438.610
   420:     1438.610     1439.650     1442.210     1442.450     1442.860
   425:     1443.460     1443.460     1444.430     1444.430     1444.750
   430:     1444.750     1445.030     1445.030     1446.190     1446.190
   435:     1446.640     1447.420     1447.720     1447.790     1448.650
   440:     1450.990     1451.570     1451.590     1479.450     1479.450
   445:     1479.450     1479.460     1489.450     1510.570     1761.990
   450:     1761.990     1761.990     1762.000     1771.990     1776.010
   455:     1776.010     1776.010     1776.020     1785.160     1785.160
   460:     1786.010     1794.350     1794.350     1794.350     1794.360
   465:     1795.550     1795.550     1803.200     1803.480     1804.350
   470:     1835.920     1835.920     1835.920     1835.930     1837.620
   475:     1837.720     1839.300     1839.310     1845.920     1853.760
   480:     1853.760     1853.760     1853.770     1854.930     1854.930
   485:     1855.560     1855.560     1856.800     1856.800     1858.070
   490:     1858.070     1858.360     1858.360     1860.020     1862.170
   495:     1862.170     1863.360     1863.360     1863.580     1863.580
   500:     1863.760     1863.870     1863.870     1863.870     1863.880
   505:     1864.430     1864.430     1865.150     1865.150     1865.300
   510:     1865.300     1865.390     1865.390     1866.090     1866.090
   515:     1866.540     1866.540     1867.490     1867.490     1871.400
   520:     1871.400     1872.760     1872.760     1873.870     1884.750
   525:     1885.740     1885.940     1886.210     1889.690     1889.690
   530:     1889.690     1889.700     1899.690     1908.030     1908.030
   535:     1908.030     1908.040     1908.550     1908.550     1908.940
   540:     1908.940     1911.710     1911.710     1912.220     1912.220
   545:     1914.440     1914.440     1915.100     1915.100     1915.990
   550:     1915.990     1917.010     1917.010     1917.500     1917.500
   555:     1918.030     1921.050     1921.050     1921.050     1921.060
   560:     1922.610     1922.610     1923.260     1923.260     1924.440
   565:     1924.440     1925.060     1925.060     1925.380     1925.380
   570:     1925.840     1925.840     1926.110     1926.110     1926.850
   575:     1926.850     1928.930     1928.930     1931.050     1932.330
   580:     1932.330     1932.330     1932.340     1933.940     1933.940
   585:     1934.770     1934.770     1937.870     1937.870     1938.990
   590:     1938.990     1940.070     1940.070     1942.330     1948.180
   595:     1948.180     1948.180     1948.190     1948.650     1948.650
   600:     1953.530     1953.530     1954.910     1954.910     1955.000
   605:     1955.000     1955.220     1955.220     1957.220     1957.220
   610:     1957.850     1957.850     1957.950     1957.950     1958.180
   615:     1958.260     1958.260     1958.260     1958.270     1958.920
   620:     1958.920     1959.700     1959.700     1960.780     1960.780
   625:     1962.730     1962.730     1964.270     1964.270     1966.510
   630:     1966.510     1967.610     1967.610     1967.950     1967.950
   635:     1968.260     1974.580     1974.580     1974.580     1974.590
   640:     1975.080     1975.080     1976.220     1976.220     1979.100
   645:     1979.820     1980.130     1981.000     1981.000     1981.950
   650:     1981.950     1982.610     1982.610     1983.540     1983.540
   655:     1984.580     1984.800     1984.800     1984.800     1984.810
   660:     1985.750     1985.750     1986.400     1986.400     1987.130
   665:     1987.130     1987.510     1987.510     1987.560     1987.560
   670:     1990.470     1994.800     1998.030     2013.420     2062.880
   675:     2062.880     2062.880     2062.890     2070.960     2070.960
   680:     2072.750     2072.880     2074.140     2075.500     2075.500
   685:     2075.500     2075.510     2076.210     2076.210     2077.270
   690:     2078.010     2078.080     2078.100     2079.130     2079.640
   695:     2079.750     2079.840     2079.880     2082.830     2082.910
   700:     2083.480     2083.720     2085.500     2097.030     2097.210
   705:     2103.360     2106.820     2124.730     2124.730     2124.730
   710:     2124.740     2134.730     2335.620     2335.620     2335.620
   715:     2335.630     2342.200     2345.620     2351.390     2353.680
   720:     2363.570     2363.570     2363.570     2363.580     2369.130
   725:     2369.130     2373.570     2403.920     2403.920     2403.920
   730:     2403.930     2413.920     2414.790     2414.790     2414.790
   735:     2414.800     2419.690     2419.690     2422.680     2422.680
   740:     2424.790     2426.830     2426.830     2426.830     2426.840
   745:     2431.080     2431.080     2432.990     2432.990     2433.710
   750:     2433.710     2434.740     2434.740     2435.060     2435.060
   755:     2435.500     2435.500     2436.080     2436.080     2436.450
   760:     2436.450     2436.830     2437.570     2437.570     2437.570
   765:     2437.580     2438.700     2438.700     2442.240     2442.240
   770:     2442.680     2442.680     2443.820     2443.820     2445.200
   775:     2445.200     2445.890     2445.890     2446.610     2446.610
   780:     2447.570     2449.630     2449.630     2449.630     2449.640
   785:     2459.630     2460.750     2460.750     2460.750     2460.760
   790:     2465.680     2465.680     2468.850     2469.180     2470.750
   795:     2471.050     2471.050     2471.050     2471.060     2471.750
   800:     2471.750     2472.720     2472.720     2473.290     2473.290
   805:     2475.140     2475.140     2476.800     2477.320     2477.380
   810:     2477.950     2478.060     2478.130     2479.540     2481.050
   815:     2481.560     2481.560     2481.560     2481.570     2481.740
   820:     2481.740     2482.140     2482.140     2482.520     2482.520
   825:     2482.700     2482.700     2484.330     2484.330     2484.510
   830:     2484.510     2485.910     2485.910     2486.280     2486.280
   835:     2487.920     2488.490     2489.000     2489.200     2491.560
   840:     2491.750     2491.750     2491.750     2491.760     2492.800
   845:     2492.800     2493.140     2493.140     2494.660     2494.660
   850:     2495.460     2495.460     2497.850     2497.850     2498.980
   855:     2498.980     2499.880     2499.880     2500.260     2500.260
   860:     2501.750     2501.960     2501.960     2501.960     2501.970
   865:     2503.530     2504.490     2509.760     2509.760     2511.960
   870:     2524.410     2524.410     2524.410     2524.420     2525.820
   875:     2525.820     2531.690     2534.410     2544.990     2544.990
   880:     2544.990     2545.000     2551.010     2551.010     2554.990
   885:     2557.820     2563.550     2563.550     2563.550     2563.560
   890:     2572.290     2572.290     2573.550     2574.370     2574.370
   895:     2574.370     2574.380     2584.370     2589.410     2589.410
   900:     2589.410     2589.420     2590.730     2590.730     2592.130
   905:     2592.130     2595.230     2595.230     2595.730     2595.730
   910:     2596.810     2596.810     2597.370     2597.370     2598.680
   915:     2598.680     2599.240     2599.240     2599.410     2600.430
   920:     2600.430     2600.430     2600.440     2601.520     2603.070
   925:     2605.720     2606.420     2608.040     2610.430     2614.370
   930:     2692.410     2692.410     2692.410     2692.420     2702.410
   935:     2721.970     2721.970     2721.970     2721.980     2731.970
   940:     2734.290     2736.770     2736.770     2736.770     2736.780
   945:     2740.590     2746.770     2755.610     2755.610     2755.610
   950:     2755.620     2761.340     2765.610     2768.650     2768.810
   955:     2769.360     2778.330     2778.330     2778.330     2778.340
   960:     2779.540     2779.540     2781.310     2781.310     2782.120
   965:     2783.960     2783.960     2784.380     2784.380     2786.400
   970:     2786.400     2786.660     2786.660     2788.060     2788.330
   975:     2789.930     2789.930     2789.930     2789.940     2790.480
   980:     2790.480     2791.350     2791.350     2793.420     2793.420
   985:     2793.560     2793.560     2795.180     2795.180     2796.370
   990:     2797.710     2798.520     2799.910     2799.930     2803.370
   995:     2803.370     2803.370     2803.380     2805.320     2805.320
  1000:     2807.260     2807.260     2808.290     2808.290     2810.960
  1005:     2810.960     2811.130     2811.130     2811.230     2811.230
  1010:     2813.370     2830.590     2833.770     2837.800     2847.050
  1015:     2847.050     2847.050     2847.060     2850.460     2850.460
  1020:     2857.050     2864.210     2864.210     2864.210     2864.220
  1025:     2866.790     2873.590     2874.210     2875.040     2875.250
  1030:     2888.090     2889.910     2889.910     2889.910     2889.920
  1035:     2899.910     3082.320     3082.320     3082.320     3082.330
  1040:     3092.320     3096.740     3104.150     3104.150     3104.150
  1045:     3104.160     3108.140     3108.140     3111.140     3111.140
  1050:     3114.150     3143.220     3151.990     3174.790     3174.790
  1055:     3174.790     3174.800     3183.240     3183.260     3183.820
  1060:     3184.790     3199.560     3199.560     3199.560     3199.570
  1065:     3200.810     3200.810     3209.560     3215.620     3219.610
  1070:     3219.610     3219.610     3219.620     3229.610     3233.380
  1075:     3233.380     3233.380     3233.390     3233.950     3233.950
  1080:     3243.380     3261.810     3261.810     3261.810     3261.820
  1085:     3266.630     3267.690     3271.810     3274.720     3274.720
  1090:     3274.720     3274.730     3275.960     3276.670     3284.720
  1095:     3297.800     3297.800     3297.800     3297.810     3307.800
  1100:     3311.450     3311.530     3312.670     3313.740     3313.740
  1105:     3313.740     3313.750     3317.860     3318.560     3323.740
  1110:     3382.380     3382.380     3382.380     3382.390     3382.970
  1115:     3382.970     3392.380     3395.960     3395.960     3395.960
  1120:     3395.970     3405.960     3433.050     3433.050     3433.050
  1125:     3433.060     3437.080     3437.080     3438.030     3438.030
  1130:     3439.870     3439.870     3441.300     3441.300     3443.000
  1135:     3443.000     3443.050     3444.250     3444.250     3444.250
  1140:     3444.260     3444.400     3444.400     3444.910     3444.910
  1145:     3448.100     3448.100     3449.380     3449.380     3450.880
  1150:     3450.880     3451.030     3451.030     3452.680     3452.680
  1155:     3453.790     3453.790     3454.060     3454.060     3454.250
  1160:     3454.440     3454.440     3454.440     3454.450     3455.460
  1165:     3455.460     3456.800     3456.800     3457.580     3457.580
  1170:     3458.430     3458.430     3458.920     3458.920     3459.780
  1175:     3459.780     3460.180     3460.180     3460.230     3460.230
  1180:     3460.500     3460.500     3461.150     3461.150     3463.300
  1185:     3464.440     3466.670     3466.670     3466.670     3466.680
  1190:     3468.610     3468.610     3469.660     3469.660     3472.470
  1195:     3472.470     3474.190     3474.190     3476.670     3487.560
  1200:     3488.240     3488.590     3489.490     3490.230     3490.590
  1205:     3495.070     3501.850     3503.590     3503.840     3504.030
  1210:     3519.090     3521.760     3521.800     3521.840     3528.230
  1215:     3530.470     3530.570     3727.530     3727.530     3727.530
  1220:     3727.540     3731.280     3731.340     3733.140     3734.980
  1225:     3734.980     3737.530     3737.580     3737.580     3737.580
  1230:     3737.590     3740.070     3742.670     3742.670     3742.840
  1235:     3742.840     3745.200     3745.200     3746.640     3746.640
  1240:     3747.580     3748.270     3748.270     3748.270     3748.280
  1245:     3748.550     3748.550     3749.730     3749.730     3750.430
  1250:     3750.430     3751.130     3753.630     3753.630     3755.020
  1255:     3755.020     3757.520     3757.520     3758.270     3759.080
  1260:     3759.080     3759.080     3759.090     3761.130     3762.810
  1265:     3762.810     3762.990     3762.990     3764.110     3764.110
  1270:     3766.290     3766.290     3766.490     3766.490     3769.080
  1275:     3773.990     3773.990     3773.990     3774.000     3775.300
  1280:     3775.300     3775.430     3775.430     3783.990     3838.300
  1285:     3838.300     3838.300     3838.310     3839.870     3839.870
  1290:     3848.300     3855.220     3855.440     3870.700     3870.700
  1295:     3870.700     3870.710     3880.700     3909.040     3909.040
  1300:     3909.040     3909.050     3919.040     3933.110     3937.040
  1305:     3937.040     3937.040     3937.050     3947.040     3956.060
  1310:     3956.060     3956.060     3956.070     3956.220     3956.220
  1315:     3966.060     3998.150     3998.150     3998.150     3998.160
  1320:     4008.150     4030.690     4030.690     4030.690     4030.700
  1325:     4032.040     4040.690     4046.340     4047.680     4049.330
  1330:     4052.330     4060.500     4060.500     4060.500     4060.510
  1335:     4070.500     4073.120     4073.120     4073.120     4073.130
  1340:     4078.210     4083.120     4086.300     4086.300     4086.300
  1345:     4086.310     4087.970     4087.970     4088.810     4088.810
  1350:     4089.360     4089.360     4092.170     4092.170     4095.050
  1355:     4096.300     4098.420     4101.280     4103.130     4103.430
  1360:     4105.310     4106.630     4107.300     4110.830     4111.380
  1365:     4112.130     4113.190     4114.890     4120.310     4130.320
  1370:     4130.320     4130.320     4130.330     4130.730     4130.730
  1375:     4140.320     4150.610     4182.440     4182.440     4182.440
  1380:     4182.450     4192.440     4225.820     4225.820     4225.820
  1385:     4225.830     4235.820     4238.840     4238.840     4238.840
  1390:     4238.850     4248.840     4252.230     4252.230     4252.230
  1395:     4252.240     4255.060     4255.060     4256.950     4262.230
  1400:     4262.430     4262.430     4262.430     4262.440     4265.090
  1405:     4265.090     4267.490     4270.100     4272.430     4274.950
  1410:     4274.950     4274.950     4274.960     4282.940     4282.940
  1415:     4284.950     4285.710     4285.710     4285.710     4285.720
  1420:     4287.640     4287.640     4289.800     4289.800     4290.190
  1425:     4290.190     4292.330     4292.330     4292.790     4292.790
  1430:     4293.000     4293.000     4293.200     4293.200     4293.420
  1435:     4293.420     4295.710     4348.480     4348.480     4348.480
  1440:     4348.490     4355.340     4358.260     4358.480     4358.970
  1445:     4414.740     4414.740     4414.740     4414.750     4415.850
  1450:     4415.850     4417.880     4424.740     4430.620     4430.620
  1455:     4430.620     4430.630     4434.470     4434.470     4437.780
  1460:     4437.780     4440.620     4461.240     4461.240     4461.240
  1465:     4461.250     4467.210     4467.210     4471.240     4505.830
  1470:     4505.830     4505.830     4505.840     4515.830     4534.820
  1475:     4534.820     4534.820     4534.830     4544.820     4556.180
  1480:     4556.180     4556.180     4556.190     4557.730     4557.730
  1485:     4559.390     4559.390     4560.380     4560.380     4560.750
  1490:     4560.750     4561.510     4561.510     4562.640     4562.640
  1495:     4564.180     4566.180     4566.810     4566.810     4566.810
  1500:     4566.820     4567.770     4567.770     4567.950     4567.950
  1505:     4569.260     4569.260     4570.240     4570.240     4571.420
  1510:     4571.420     4574.010     4574.010     4575.840     4575.840
  1515:     4576.810     4578.580     4578.580     4578.580     4578.590
  1520:     4579.870     4579.870     4580.730     4581.130     4581.160
  1525:     4582.620     4582.620     4584.010     4584.010     4584.460
  1530:     4584.460     4584.890     4584.890     4585.350     4585.350
  1535:     4586.080     4586.080     4586.600     4586.600     4587.460
  1540:     4587.460     4588.580     4589.350     4589.350     4589.350
  1545:     4589.360     4589.500     4589.500     4590.300     4590.300
  1550:     4591.700     4591.700     4596.810     4596.810     4599.350
  1555:     4599.540     4600.730     4606.400     4609.690     4610.090
  1560:     4611.200     4627.270     4627.970     4632.880     4642.420
  1565:     4642.420     4642.420     4642.430     4652.420     4658.420
  1570:     4658.420     4658.420     4658.430     4668.420     4671.030
  1575:     4676.980     4684.140     4684.140     4684.140     4684.150
  1580:     4694.140     4699.220     4731.570     4734.280     4743.170
  1585:     4754.950     4755.110     4807.960     4812.140     4818.120
  1590:     4818.120     4818.120     4818.130     4825.930     4828.120
  1595:     4854.480     4870.640     4911.910     4911.910     4911.910
  1600:     4911.920     4921.910     5010.390     5010.390     5010.390
  1605:     5010.400     5020.390     5031.670     5031.980     5032.540
  1610:     5033.340     5036.520     5039.280     5039.820     5042.190
  1615:     5044.140     5046.370     5050.650     5067.640     5067.900
  1620:     5072.580     5093.640     5093.640     5093.640     5093.650
  1625:     5103.640     5139.910     5139.910     5139.910     5139.920
  1630:     5142.820     5142.820     5143.290     5143.290     5149.910
  1635:     5164.690     5167.540     5167.540     5167.540     5167.550
  1640:     5177.540     5208.300     5208.300     5208.300     5208.310
  1645:     5218.300     5224.090     5224.090     5224.090     5224.100
  1650:     5234.090     5234.860     5234.860     5234.860     5234.870
  1655:     5236.570     5236.570     5244.860     5246.470     5246.470
  1660:     5246.470     5246.480     5256.470     5256.770     5256.770
  1665:     5256.770     5256.780     5266.770     5284.480     5292.370
  1670:     5307.780     5307.780     5307.780     5307.790     5317.780
  1675:     5330.770     5330.770     5330.770     5330.780     5334.440
  1680:     5334.440     5335.270     5335.270     5337.620     5337.620
  1685:     5340.770     5346.250     5346.250     5346.250     5346.260
  1690:     5356.250     5358.790     5366.640     5366.640     5366.640
  1695:     5366.650     5376.640     5498.890     5498.890     5498.890
  1700:     5498.900     5508.890     5533.800     5533.800     5533.800
  1705:     5533.810     5543.800     5608.750     5655.840     5655.840
  1710:     5655.840     5655.850     5657.450     5663.540     5664.100
  1715:     5665.840     5665.870     5675.390     5675.390     5675.390
  1720:     5675.400     5678.260     5682.580     5685.390     5781.050
  1725:     5781.050     5781.050     5781.060     5791.050     5800.980
  1730:     5800.980     5800.980     5800.990     5810.980     5855.280
  1735:     5855.280     5855.280     5855.290     5863.450     5863.450
  1740:     5865.280     5881.100     5881.100     5881.100     5881.110
  1745:     5891.100     5919.020     5919.020     5919.020     5919.030
  1750:     5929.020     6001.970     6001.970     6001.970     6001.980
  1755:     6011.970     6012.380     6012.380     6012.380     6012.390
  1760:     6022.380     6060.750     6060.750     6060.750     6060.760
  1765:     6070.750     6084.630     6096.320     6096.320     6096.320
  1770:     6096.330     6106.320     6131.040     6131.040     6131.040
  1775:     6131.050     6134.610     6134.610     6137.020     6137.020
  1780:     6138.170     6138.600     6138.650     6138.800     6139.810
  1785:     6141.040     6141.100     6141.100     6141.100     6141.110
  1790:     6142.130     6142.130     6143.010     6143.010     6143.640
  1795:     6143.640     6144.130     6144.130     6145.270     6145.270
  1800:     6146.940     6149.230     6149.230     6149.660     6149.660
  1805:     6151.100     6152.200     6152.200     6152.200     6152.210
  1810:     6152.350     6152.350     6153.850     6153.850     6154.710
  1815:     6154.710     6156.070     6156.070     6162.200     6162.340
  1820:     6162.340     6162.340     6162.350     6163.060     6163.060
  1825:     6164.280     6164.280     6167.430     6167.430     6167.630
  1830:     6167.630     6167.830     6167.830     6168.750     6168.750
  1835:     6169.400     6169.400     6171.750     6171.750     6172.340
  1840:     6173.540     6174.430     6178.940     6178.940     6178.940
  1845:     6178.950     6179.610     6179.610     6180.410     6180.410
  1850:     6182.060     6188.940     6222.530     6222.530     6222.530
  1855:     6222.540     6232.530     6254.760     6254.760     6254.760
  1860:     6254.770     6256.400     6256.400     6258.980     6258.980
  1865:     6259.830     6259.830     6260.390     6260.390     6261.020
  1870:     6261.020     6262.850     6262.850     6263.940     6263.940
  1875:     6264.630     6264.630     6264.760     6266.750     6266.750
  1880:     6266.750     6266.760     6267.420     6267.420     6269.020
  1885:     6269.020     6270.190     6272.430     6272.430     6274.360
  1890:     6274.360     6275.130     6275.130     6276.040     6276.040
  1895:     6276.750     6278.040     6278.040     6278.040     6278.050
  1900:     6279.320     6279.320     6279.550     6279.550     6281.270
  1905:     6281.270     6282.180     6282.180     6284.020     6284.020
  1910:     6287.330     6288.040     6290.860     6290.860     6290.860
  1915:     6290.870     6291.240     6291.240     6291.790     6291.790
  1920:     6292.940     6292.940     6293.620     6293.620     6294.360
  1925:     6294.360     6295.840     6295.840     6297.200     6297.200
  1930:     6298.000     6298.000     6299.270     6299.700     6299.780
  1935:     6300.860     6300.880     6328.040     6329.470     6341.750
  1940:     6341.750     6341.750     6341.760     6342.880     6342.880
  1945:     6344.930     6344.930     6346.340     6346.340     6346.780
  1950:     6346.780     6348.060     6348.060     6350.640     6351.750
  1955:     6351.820     6356.120     6381.960     6381.960     6381.960
  1960:     6381.970     6383.630     6383.630     6383.720     6383.720
  1965:     6384.940     6384.940     6387.780     6387.780     6391.110
  1970:     6391.110     6391.670     6391.670     6391.960     6394.240
  1975:     6394.240     6394.240     6394.250     6397.380     6397.380
  1980:     6398.140     6398.140     6399.210     6399.210     6401.580
  1985:     6401.580     6402.080     6402.080     6404.240     6404.990
  1990:     6404.990     6404.990     6405.000     6410.100     6410.100
  1995:     6413.350     6414.990     6416.060     6416.060     6416.060
  2000:     6416.070     6417.310     6417.310     6417.580     6417.580
  2005:     6418.430     6418.430     6418.800     6418.800     6419.710
  2010:     6419.710     6419.820     6419.820     6421.450     6421.450
  2015:     6426.060     6430.280     6430.280     6430.280     6430.290
  2020:     6431.000     6431.000     6440.280     6440.550     6440.550
  2025:     6440.550     6440.560     6448.670     6448.670     6449.480
  2030:     6449.480     6450.550     6458.380     6458.380     6458.380
  2035:     6458.390     6468.380     6475.500     6475.500     6475.500
  2040:     6475.510     6476.620     6476.620     6480.270     6480.270
  2045:     6485.500     6491.340     6491.340     6491.340     6491.350
  2050:     6501.340     6507.810     6508.010     6515.860     6515.860
  2055:     6515.860     6515.870     6524.480     6524.640     6525.860
  2060:     6535.500     6535.500     6535.500     6535.510     6537.320
  2065:     6537.320     6539.300     6541.600     6543.350     6545.500
  2070:     6547.380     6549.790     6550.650     6550.950     6557.560
  2075:     6557.630     6558.050     6568.810     6579.580     6579.580
  2080:     6579.580     6579.590     6589.580     6631.370     6694.820
  2085:     6694.820     6694.820     6694.830     6704.820     6754.670
  2090:     6754.670     6754.670     6754.680     6764.670     6785.840
  2095:     6796.800     6796.800     6796.800     6796.810     6798.350
  2100:     6798.350     6806.800     6813.720     6813.720     6813.720
  2105:     6813.730     6823.720     6836.510     6839.810     6840.310
  2110:     6841.630     6845.420     6849.260     6850.830     6884.760
  2115:     6884.760     6884.760     6884.770     6884.870     6884.870
  2120:     6894.760     6896.100     6896.100     6896.100     6896.110
  2125:     6906.100     6930.130     6930.160     6932.560     6932.560
  2130:     6932.560     6932.570     6933.900     6933.900     6934.960
  2135:     6942.560     6942.970     6943.570     6943.580     6948.100
  2140:     6950.250     7314.260     7314.260     7314.260     7314.270
  2145:     7316.090     7316.090     7321.680     7324.260     7335.070
  2150:     7335.070     7335.070     7335.080     7340.870     7340.870
  2155:     7345.070     7371.930     7371.930     7371.930     7371.940
  2160:     7374.410     7374.460     7375.730     7381.930     7416.780
  2165:     7439.300     7460.180     7460.180     7460.180     7460.190
  2170:     7470.180     7476.460     7490.420     7498.640     7498.640
  2175:     7498.640     7498.650     7508.640     7549.330     7549.330
  2180:     7549.330     7549.340     7551.350     7551.350     7559.330
  2185:     7596.780     7596.780     7596.780     7596.790     7606.780
  2190:     7620.410     7620.410     7620.410     7620.420     7624.350
  2195:     7624.350     7625.440     7625.440     7630.410     7641.050
  2200:     7641.050     7641.050     7641.060     7651.050     7651.570
  2205:     7651.570     7651.570     7651.580     7653.740     7653.740
  2210:     7659.770     7659.770     7660.010     7660.010     7661.570
  2215:     7680.520     7680.520     7680.520     7680.530     7690.520
  2220:     7692.210     7705.120     7705.120     7705.120     7705.130
  2225:     7706.940     7709.650     7709.650     7710.780     7710.780
  2230:     7712.330     7712.330     7714.290     7714.290     7715.120
  2235:     7715.450     7715.450     7715.450     7715.460     7719.720
  2240:     7719.720     7721.720     7722.410     7725.450     7726.100
  2245:     7729.160     7738.640     7740.750     7740.870     7759.100
  2250:     7775.250     8019.380     8019.380     8019.380     8019.390
  2255:     8029.380     8060.220     8074.060     8074.060     8074.060
  2260:     8074.070     8075.260     8075.260     8076.810     8076.810
  2265:     8079.120     8081.580     8081.580     8082.530     8082.530
  2270:     8083.150     8083.150     8083.730     8083.730     8084.060
  2275:     8089.490     8089.490     8089.490     8089.500     8091.990
  2280:     8091.990     8094.630     8094.630     8095.420     8095.420
  2285:     8095.960     8095.960     8097.560     8097.560     8099.490
  2290:     8100.300     8100.300     8100.300     8100.310     8104.170
  2295:     8104.170     8107.930     8107.930     8108.880     8108.880
  2300:     8110.070     8110.070     8110.300     8111.300     8111.300
  2305:     8111.300     8111.310     8111.450     8111.450     8111.710
  2310:     8111.710     8112.230     8112.230     8115.130     8115.130
  2315:     8116.140     8116.140     8121.300     8153.020     8153.020
  2320:     8153.020     8153.030     8163.020     8215.740     8225.640
  2325:     8225.640     8225.640     8225.650     8227.910     8227.910
  2330:     8235.640     8258.240     8258.240     8258.240     8258.250
  2335:     8258.740     8258.740     8268.240     8306.900     8315.890
  2340:     8315.890     8315.890     8315.900     8325.890     8352.740
  2345:     8352.740     8352.740     8352.750     8362.740     8368.210
  2350:     8373.560     8373.560     8373.560     8373.570     8375.110
  2355:     8375.570     8376.510     8378.830     8378.830     8382.230
  2360:     8382.230     8382.980     8382.980     8383.560     8383.910
  2365:     8383.910     8383.910     8383.920     8386.030     8386.690
  2370:     8387.100     8389.220     8389.580     8390.140     8392.470
  2375:     8392.790     8393.910     8394.780     8395.950     8395.990
  2380:     8396.070     8398.160     8398.160     8398.160     8398.170
  2385:     8401.150     8401.150     8402.280     8402.280     8403.270
  2390:     8403.270     8406.150     8406.150     8408.160     8411.570
  2395:     8411.570     8411.570     8411.580     8414.310     8414.520
  2400:     8414.710     8414.870     8417.250     8421.570     8437.890
  2405:     8439.930     8439.930     8439.930     8439.940     8441.990
  2410:     8441.990     8449.930     8455.070     8507.020     8507.020
  2415:     8507.020     8507.030     8517.020     8518.960     8518.960
  2420:     8518.960     8518.970     8524.800     8525.060     8528.960
  2425:     8546.250     8562.080     8572.540     8572.540     8572.540
  2430:     8572.550     8582.540     8585.380     8585.380     8585.380
  2435:     8585.390     8595.380     8603.390     8603.390     8603.390
  2440:     8603.400     8613.390     9072.590     9072.750     9076.850
  2445:     9076.850     9076.850     9076.860     9081.660     9081.660
  2450:     9086.850     9093.840     9093.840     9093.840     9093.850
  2455:     9098.010     9098.010     9101.090     9101.090     9103.820
  2460:     9103.840     9108.830     9108.890     9114.770     9114.780
  2465:     9114.810     9123.380     9123.380     9123.380     9123.390
  2470:     9133.380     9155.060     9155.060     9155.060     9155.070
  2475:     9165.060     9172.190     9172.900     9172.940     9172.990
  2480:     9173.160     9173.270     9184.170     9184.170     9184.170
  2485:     9184.180     9194.170     9196.400     9200.070     9200.070
  2490:     9200.070     9200.080     9209.700     9209.700     9210.070
  2495:     9210.540     9210.540     9210.540     9210.550     9220.540
  2500:     9222.500     9222.500     9222.500     9222.510     9226.880
  2505:     9232.500     9235.440     9235.440     9235.440     9235.450
  2510:     9245.440     9248.570     9248.570     9248.570     9248.580
  2515:     9258.570     9259.090     9268.790     9268.790     9268.790
  2520:     9268.800     9270.060     9270.060     9278.100     9278.100
  2525:     9278.790     9291.890     9291.890     9291.890     9291.900
  2530:     9301.890     9311.910     9311.910     9311.910     9311.920
  2535:     9314.030     9321.910     9328.200     9328.200     9328.200
  2540:     9328.210     9338.200     9352.670     9352.670     9352.670
  2545:     9352.680     9362.670     9364.110     9364.110     9364.110
  2550:     9364.120     9374.110     9377.070     9377.070     9377.070
  2555:     9377.080     9387.070     9413.310     9461.560     9477.330
  2560:     9477.330     9477.330     9477.340     9487.330     9489.590
  2565:     9491.520     9491.520     9491.520     9491.530     9501.520
  2570:     9519.940     9519.940     9519.940     9519.950     9521.970
  2575:     9521.970     9523.790     9523.790     9529.940     9547.320
  2580:     9547.320     9547.320     9547.330     9557.320     9558.410
  2585:     9558.410     9558.410     9558.420     9564.740     9564.740
  2590:     9568.410     9581.070     9581.070     9581.070     9581.080
  2595:     9591.070     9592.940     9592.940     9592.940     9592.950
  2600:     9594.000     9594.000     9595.920     9595.920     9602.940
  2605:     9616.180     9616.180     9616.180     9616.190     9618.850
  2610:     9622.510     9623.080     9626.180     9640.390     9640.390
  2615:     9640.390     9640.400     9650.390     9652.610     9652.610
  2620:     9652.610     9652.620     9662.610     9664.780     9664.780
  2625:     9664.780     9664.790     9674.780     9675.380     9675.380
  2630:     9675.380     9675.390     9685.380     9700.640     9700.640
  2635:     9700.640     9700.650     9710.640     9712.520     9712.520
  2640:     9712.520     9712.530     9722.520     9773.560     9773.560
  2645:     9773.560     9773.570     9774.550     9774.550     9776.360
  2650:     9776.360     9777.220     9777.220     9782.450     9782.450
  2655:     9783.560     9796.060     9796.060     9796.060     9796.070
  2660:     9802.690     9806.060     9808.510     9821.510     9823.960
  2665:     9823.960     9823.960     9823.970     9832.780     9832.780
  2670:     9833.960     9841.180     9841.180     9841.180     9841.190
  2675:     9849.630     9851.180     9856.950     9856.950     9856.950
  2680:     9856.960     9859.230     9859.230     9866.950     9888.470
  2685:     9888.470     9888.470     9888.480     9898.470     9903.040
  2690:     9903.040     9903.040     9903.050     9904.310     9904.310
  2695:     9913.040     9967.280     9967.280     9967.280     9967.290
  2700:     9969.220     9969.220     9977.280     9980.290     9990.890
  2705:     9990.890     9990.890     9990.900     9991.530     9991.530
  2710:     9995.080     9995.080    10000.020    10000.020    10000.890
  2715:    10001.360    10001.360    10001.360    10001.370    10011.360
  2720:    10036.670    10036.670    10036.670    10036.680    10046.670
  2725:    10047.770    10047.770    10047.770    10047.780    10057.770
  2730:    10086.680    10086.680    10086.680    10086.690    10096.680
  2735:    10100.380    10100.380    10100.380    10100.390    10110.380
  2740:    10158.060    10171.480    10174.500    10174.500    10174.500
  2745:    10174.510    10184.500    10185.910    10185.910    10185.910
  2750:    10185.920    10195.910    10269.750    10276.830    10276.830
  2755:    10276.830    10276.840    10286.830    10295.030    10295.030
  2760:    10295.030    10295.040    10305.030    10314.880    10372.970
  2765:    10372.970    10372.970    10372.980    10377.230    10377.230
  2770:    10382.970    10391.150    10391.150    10391.150    10391.160
  2775:    10394.470    10394.470    10401.150    10405.840    10405.840
  2780:    10405.840    10405.850    10411.040    10411.040    10415.720
  2785:    10415.720    10415.840    10417.290    10417.290    10417.290
  2790:    10417.300    10418.310    10418.310    10424.620    10424.620
  2795:    10427.290    10433.540    10433.540    10433.540    10433.550
  2800:    10443.540    10446.050    10446.050    10446.050    10446.060
  2805:    10456.050    10457.620    10457.620    10457.620    10457.630
  2810:    10467.620    10467.700    10467.790    10469.700    10469.700
  2815:    10469.700    10469.710    10471.600    10472.740    10474.600
  2820:    10474.600    10479.700    10488.080    10488.080    10488.080
  2825:    10488.090    10496.080    10498.080    10525.590    10525.590
  2830:    10525.590    10525.600    10526.630    10526.630    10534.160
  2835:    10535.590    10558.200    10558.200    10558.200    10558.210
  2840:    10568.200    10573.570    10573.570    10573.570    10573.580
  2845:    10583.570    10633.880    10633.880    10633.880    10633.890
  2850:    10643.880    10646.110    10646.790    10652.580    10652.580
  2855:    10652.580    10652.590    10652.700    10652.700    10662.580
  2860:    10674.010    10682.110    10682.110    10682.110    10682.120
  2865:    10687.340    10687.340    10692.110    10697.620    10698.750
  2870:    10698.750    10698.750    10698.760    10704.750    10704.960
  2875:    10705.090    10705.240    10705.300    10705.340    10706.030
  2880:    10708.750    10745.360    10745.360    10745.360    10745.370
  2885:    10755.360    10761.680    10800.010
