File: C:\MED-PC IV\DATA\!2025-05-27_14h03m.Subject T10



Start Date: 05/27/25
End Date: 05/27/25
Subject: T10
Experiment: OralFentSA
Group: One
Box: 4
Start Time: 14:03:50
End Time: 17:03:55
MSN: Golden_Liq_SelfAdmin
F:       0.000
G:    1236.000
H:   10800.010
I:       0.000
J:       0.000
K:       0.000
L:       0.000
M:       0.000
N:       0.000
O:       0.000
P:       0.000
Q:       0.000
R:       0.000
S:       0.000
U:       0.000
V:       0.000
W:       0.000
X:       0.000
Y:       0.000
Z:       0.000
A:
     0:        0.000        0.000      180.000        4.000        0.000
     5:        5.000        0.000        5.000        0.000        0.000
    10:        1.000        0.000       10.000  3000000.000       25.000
    15:       11.000      640.000        0.000        0.000        0.000
    20:        0.000
B:
     0:        0.000        0.000        0.000      400.000        0.000
     5:      500.000        0.000      500.000        0.000        0.000
    10:        0.000        0.000     1000.000 300000000.00        0.000
    15:        0.000        0.000        0.000        0.000        0.000
    20:        0.000
C:
     0:       26.000       27.000        0.000       75.000      738.000
     5:    10539.780        2.590       24.000      385.830       16.076
    10:       75.000       32.000        0.000        0.000        0.000
    15:        0.000        0.000        0.000        0.000        0.000
    20:        0.000
D:
     0:       42.330        2.960        4.360        2.570       52.440
     5:        1.920        4.070       15.390       22.910        3.620
    10:       37.760        1.700        0.790        0.900        6.780
    15:        8.650        7.770       10.870       79.200       20.370
    20:        4.030       41.280       10.570        2.590
E:
     0:       19.000       11.000       26.000       27.000        6.000
     5:        6.000        6.000        6.000        6.000        6.000
    10:        6.000        6.000        2.000        4.000       22.000
    15:       24.000       12.000       13.000        8.000        5.000
    20:       17.000       18.000       14.000       10.000       19.000
    25:       11.000        6.000        6.000        6.000        2.000
    30:        4.000       22.000       24.000       12.000       13.000
    35:        8.000        5.000       17.000        6.000       18.000
    40:       14.000       10.000       19.000       11.000        6.000
    45:        6.000        6.000        6.000        6.000        6.000
    50:        2.000        4.000       22.000       24.000       12.000
    55:       13.000        8.000        5.000       17.000       18.000
    60:       14.000       10.000       19.000       11.000        2.000
    65:        4.000       22.000       24.000       12.000       13.000
    70:        8.000        5.000       17.000       18.000        6.000
    75:       14.000       10.000       19.000       11.000        2.000
    80:        4.000       22.000       24.000       12.000       13.000
    85:        8.000        5.000       17.000        6.000        6.000
    90:       18.000       14.000       10.000        6.000        6.000
    95:        6.000       21.000       22.000       21.000       22.000
   100:       19.000       11.000        6.000        6.000        2.000
   105:        4.000       22.000       24.000       12.000       13.000
   110:        8.000        5.000       17.000       21.000       22.000
   115:       18.000       14.000       10.000       19.000       11.000
   120:        6.000       23.000       23.000       23.000       23.000
   125:       23.000        6.000        6.000        6.000        6.000
   130:        6.000        6.000        6.000        6.000        6.000
   135:        6.000        6.000        6.000        6.000        6.000
   140:        6.000        6.000        6.000       23.000       23.000
   145:        6.000        6.000        2.000        4.000       22.000
   150:       24.000       12.000       13.000        8.000        5.000
   155:       17.000        6.000       18.000       23.000       14.000
   160:       10.000       23.000       19.000       11.000        2.000
   165:        4.000       22.000       24.000       12.000       13.000
   170:        8.000        5.000       17.000       18.000        6.000
   175:       14.000       10.000       19.000       11.000        2.000
   180:        4.000       22.000       24.000       12.000       13.000
   185:        8.000        5.000       17.000       21.000       22.000
   190:       18.000       14.000       10.000       19.000       11.000
   195:        6.000        6.000        6.000        6.000        6.000
   200:        6.000        6.000        6.000        6.000        6.000
   205:        6.000        6.000        6.000        6.000        6.000
   210:        6.000        6.000        6.000        6.000        6.000
   215:        6.000        6.000        6.000        6.000        6.000
   220:        6.000        6.000        6.000        6.000        6.000
   225:        6.000        6.000        6.000        6.000        6.000
   230:        6.000        6.000        6.000        6.000        6.000
   235:        6.000        6.000        2.000        4.000       22.000
   240:       24.000       12.000       13.000        8.000        5.000
   245:       17.000       18.000       14.000       10.000       19.000
   250:       11.000        6.000        6.000        6.000        6.000
   255:        6.000        6.000       23.000       23.000       23.000
   260:       23.000        6.000        6.000        6.000        6.000
   265:        6.000        2.000        4.000       22.000       24.000
   270:       12.000       13.000        8.000        5.000       17.000
   275:        6.000        6.000       18.000       14.000       10.000
   280:       19.000       11.000        6.000        6.000        6.000
   285:        6.000        6.000        6.000        6.000        6.000
   290:        6.000        6.000        6.000        6.000        6.000
   295:        6.000        6.000        6.000        6.000        6.000
   300:        6.000        6.000        6.000        6.000        6.000
   305:        6.000        6.000        6.000        6.000        6.000
   310:        2.000        4.000       22.000       24.000       12.000
   315:       13.000        8.000        5.000       17.000       18.000
   320:       14.000       10.000       19.000       11.000        6.000
   325:        6.000        6.000        6.000        6.000        6.000
   330:        6.000        6.000        6.000        6.000        6.000
   335:        6.000        6.000       23.000       23.000       23.000
   340:       23.000       23.000       23.000       23.000       23.000
   345:       23.000        6.000        6.000        6.000        6.000
   350:        6.000        6.000        6.000        6.000        6.000
   355:        6.000        2.000        4.000       22.000       24.000
   360:       12.000       13.000        8.000        5.000       17.000
   365:        6.000       18.000       14.000       10.000       19.000
   370:       11.000        6.000        6.000        6.000        6.000
   375:        6.000        6.000        6.000        6.000        6.000
   380:        6.000        6.000        6.000        6.000        6.000
   385:        6.000        6.000        6.000        6.000        6.000
   390:        2.000        4.000       22.000       24.000       12.000
   395:       13.000        8.000        5.000       17.000        6.000
   400:        6.000        6.000       18.000        6.000       14.000
   405:       10.000        6.000        6.000        6.000       19.000
   410:       11.000        6.000        6.000        6.000        6.000
   415:        6.000        6.000        6.000        6.000        6.000
   420:        6.000        6.000        6.000        6.000        2.000
   425:        4.000       22.000       24.000       12.000       13.000
   430:        8.000        5.000       17.000        6.000       18.000
   435:       14.000       10.000       19.000       11.000        6.000
   440:        6.000        6.000        2.000        4.000       22.000
   445:       24.000       12.000       13.000        8.000        5.000
   450:       17.000       21.000       22.000       21.000       22.000
   455:       21.000       22.000       18.000       14.000       10.000
   460:        6.000       19.000       11.000        6.000        6.000
   465:        6.000        2.000        4.000       22.000       24.000
   470:       12.000       13.000        8.000        5.000       17.000
   475:       21.000       22.000       21.000       22.000       21.000
   480:       22.000       21.000       22.000       21.000       22.000
   485:       21.000       22.000       21.000       22.000       21.000
   490:       22.000       18.000       21.000       22.000       14.000
   495:       10.000        6.000        6.000       19.000       11.000
   500:        2.000        4.000       22.000       24.000       12.000
   505:       13.000        8.000        5.000       17.000       21.000
   510:       22.000       21.000       22.000       21.000       22.000
   515:       21.000       22.000       18.000       14.000       10.000
   520:        6.000        6.000       19.000       11.000       23.000
   525:       23.000        6.000        2.000        4.000       22.000
   530:       24.000       12.000       13.000        8.000        5.000
   535:       17.000       21.000       22.000       21.000       22.000
   540:       21.000       22.000       21.000       22.000       21.000
   545:       22.000       21.000       22.000       18.000       21.000
   550:       22.000       14.000       10.000       21.000       22.000
   555:       21.000       22.000       21.000       22.000       19.000
   560:       11.000        2.000        4.000       22.000       24.000
   565:       12.000       13.000        8.000        5.000       17.000
   570:       21.000       22.000       18.000       14.000       10.000
   575:       19.000       11.000        6.000        6.000        6.000
   580:        6.000        6.000        6.000        6.000        6.000
   585:        6.000        6.000        6.000        6.000        6.000
   590:        6.000        6.000        6.000        6.000        6.000
   595:        6.000        6.000        6.000        6.000        6.000
   600:        6.000        6.000        6.000        6.000        6.000
   605:        6.000        6.000        6.000        6.000        6.000
   610:        6.000        6.000        6.000        6.000        6.000
   615:        6.000        6.000        6.000        6.000        6.000
   620:        6.000        6.000        6.000        6.000        6.000
   625:        6.000        6.000        6.000        6.000        6.000
   630:        6.000        6.000        6.000        6.000        6.000
   635:        6.000        6.000        6.000        6.000        6.000
   640:        6.000        6.000        6.000        6.000        6.000
   645:        6.000        6.000        6.000        6.000        6.000
   650:        6.000        6.000        6.000        6.000        6.000
   655:        6.000        6.000        6.000        6.000        6.000
   660:        6.000        6.000        6.000        6.000        2.000
   665:        4.000       22.000       24.000       12.000       13.000
   670:        8.000        5.000       17.000       21.000       22.000
   675:       21.000       22.000       18.000       14.000       10.000
   680:       19.000       11.000        6.000       23.000       23.000
   685:        6.000        6.000        6.000        6.000        6.000
   690:        6.000        6.000        6.000        6.000        6.000
   695:        6.000        6.000        6.000        6.000        6.000
   700:        6.000        6.000        6.000        6.000        6.000
   705:        6.000        6.000        6.000        6.000        6.000
   710:        6.000        6.000        6.000        6.000        6.000
   715:        6.000        6.000        6.000        6.000        6.000
   720:        6.000        6.000        6.000        6.000        6.000
   725:        6.000        6.000        6.000        6.000        6.000
   730:        6.000        6.000        6.000        6.000        6.000
   735:        6.000        6.000        6.000        6.000        6.000
   740:        6.000        6.000        6.000        6.000        6.000
   745:        6.000        6.000        6.000        6.000        6.000
   750:        6.000        6.000        6.000        6.000        6.000
   755:        6.000        6.000        6.000        6.000        6.000
   760:        6.000        6.000        6.000        6.000        6.000
   765:        6.000        6.000        6.000        6.000        6.000
   770:        6.000        6.000        6.000        6.000        6.000
   775:        6.000        6.000        6.000        6.000        6.000
   780:        6.000        6.000        6.000        6.000        6.000
   785:        6.000        6.000        6.000        6.000        6.000
   790:        6.000        6.000        6.000        6.000        6.000
   795:        6.000        6.000        6.000        6.000        6.000
   800:        6.000        6.000        2.000        4.000       22.000
   805:       24.000       12.000       13.000        8.000        5.000
   810:       17.000       21.000       22.000       21.000       22.000
   815:       21.000       22.000       18.000       21.000       22.000
   820:       21.000       22.000       14.000       10.000       21.000
   825:       22.000       21.000       22.000       19.000       11.000
   830:        6.000        6.000        6.000        6.000        6.000
   835:        6.000        2.000        4.000       22.000       24.000
   840:       12.000       13.000        8.000        5.000       17.000
   845:       21.000       22.000       21.000       22.000       21.000
   850:       22.000       21.000       22.000       21.000       22.000
   855:       18.000        6.000       14.000       10.000       19.000
   860:       11.000        6.000        6.000        6.000        6.000
   865:        6.000        6.000        2.000        4.000       22.000
   870:       24.000       12.000       13.000        8.000        5.000
   875:       17.000       21.000       22.000       21.000       22.000
   880:       21.000       22.000       21.000       22.000       18.000
   885:       14.000       10.000       19.000       11.000        6.000
   890:        6.000        6.000        6.000        6.000        6.000
   895:        6.000        6.000        6.000        6.000        6.000
   900:        6.000        6.000        6.000        6.000        6.000
   905:        6.000        6.000        6.000        6.000        6.000
   910:        6.000        6.000        6.000        6.000        6.000
   915:        6.000        6.000        6.000        6.000        6.000
   920:        6.000        6.000        6.000        6.000        6.000
   925:        6.000        6.000        6.000        6.000        6.000
   930:        6.000        6.000        6.000        6.000        6.000
   935:        6.000        6.000        6.000        6.000        6.000
   940:        6.000        6.000        6.000        6.000        6.000
   945:        6.000        6.000        6.000        6.000        2.000
   950:        4.000       22.000       24.000       12.000       13.000
   955:        8.000        5.000       17.000       18.000       14.000
   960:       10.000       19.000       11.000        6.000        6.000
   965:        6.000        6.000        6.000        6.000        6.000
   970:        6.000       23.000       23.000       23.000       23.000
   975:       23.000       23.000        6.000        6.000        6.000
   980:        6.000        6.000        6.000        6.000        6.000
   985:        6.000        6.000        6.000        6.000        6.000
   990:        6.000        6.000        6.000        6.000        6.000
   995:        6.000        6.000        6.000        6.000        6.000
  1000:        6.000        6.000        6.000        6.000        6.000
  1005:        6.000        6.000        6.000        6.000        6.000
  1010:        6.000        6.000        6.000        6.000        6.000
  1015:        6.000        6.000        6.000        6.000        6.000
  1020:        6.000        6.000        6.000        6.000        6.000
  1025:        6.000        6.000        6.000        6.000        6.000
  1030:        6.000        6.000        6.000        6.000        6.000
  1035:        6.000        6.000        6.000        6.000        6.000
  1040:        6.000        6.000        6.000        6.000        6.000
  1045:        6.000        6.000        6.000        6.000        6.000
  1050:        6.000        6.000        6.000        6.000        6.000
  1055:        6.000        6.000        6.000        6.000        6.000
  1060:        6.000        6.000        6.000        6.000        6.000
  1065:        6.000        6.000        6.000        6.000        6.000
  1070:        6.000        6.000        6.000        6.000        6.000
  1075:        6.000        6.000        6.000        6.000        6.000
  1080:        6.000        6.000        6.000        6.000        6.000
  1085:        6.000        6.000        6.000        6.000        6.000
  1090:        6.000        6.000        6.000        6.000        6.000
  1095:        6.000        6.000        6.000        6.000        6.000
  1100:        6.000        6.000        6.000        6.000        6.000
  1105:        6.000        6.000        6.000        6.000        6.000
  1110:        6.000        6.000        6.000        6.000        6.000
  1115:        6.000        6.000        6.000        6.000        6.000
  1120:        6.000        6.000        6.000        6.000        6.000
  1125:        6.000        6.000        6.000        6.000        6.000
  1130:        6.000        6.000        6.000        6.000        6.000
  1135:        6.000        6.000        6.000        6.000        6.000
  1140:        6.000        6.000        6.000        6.000        6.000
  1145:        6.000        6.000        6.000        6.000        6.000
  1150:        6.000        6.000        6.000        6.000        6.000
  1155:        6.000        6.000        6.000        6.000        6.000
  1160:        6.000        6.000        6.000        6.000        6.000
  1165:        6.000        6.000        6.000        6.000        6.000
  1170:        6.000        6.000        6.000        6.000        6.000
  1175:        6.000        6.000        6.000        6.000        6.000
  1180:        6.000        6.000        6.000        6.000        6.000
  1185:        6.000        6.000        6.000        6.000        6.000
  1190:        6.000        6.000        6.000        6.000        6.000
  1195:        6.000        6.000        6.000        6.000        6.000
  1200:        6.000        6.000        6.000        6.000        6.000
  1205:        6.000        6.000        6.000        6.000        6.000
  1210:        6.000        6.000        6.000        6.000        2.000
  1215:        4.000       22.000       24.000       12.000       13.000
  1220:        8.000        5.000       17.000        6.000       18.000
  1225:       14.000       10.000        6.000        6.000        6.000
  1230:       19.000       11.000        6.000        6.000        6.000
  1235:        6.000      100.000
T:
     0:        0.000        0.000        0.000        0.000        5.510
     5:        7.350       29.990       31.130       31.210       31.250
    10:       31.700       32.210       34.650       34.650       34.650
    15:       34.660       34.660       34.660       34.660       34.660
    20:       34.660       38.660       39.660       39.660       44.650
    25:       44.660       76.990       77.380      103.800      129.520
    30:      129.520      129.520      129.530      129.530      129.530
    35:      129.530      129.530      129.530      132.490      133.530
    40:      134.530      134.530      139.520      139.530      176.080
    45:      177.550      177.590      177.670      177.740      177.960
    50:      184.390      184.390      184.390      184.400      184.400
    55:      184.400      184.400      184.400      184.400      188.400
    60:      189.400      189.400      194.390      194.400      251.580
    65:      251.580      251.580      251.590      251.590      251.590
    70:      251.590      251.590      251.590      255.590      255.950
    75:      256.590      256.590      261.580      261.590      269.740
    80:      269.740      269.740      269.750      269.750      269.750
    85:      269.750      269.750      269.750      272.320      273.240
    90:      273.750      274.750      274.750      274.790      275.200
    95:      275.930      278.700      278.700      279.040      279.040
   100:      279.740      279.750      282.000      344.040      383.270
   105:      383.270      383.270      383.280      383.280      383.280
   110:      383.280      383.280      383.280      385.940      385.940
   115:      387.280      388.280      388.280      393.270      393.280
   120:      435.720      463.520      465.610      466.350      468.070
   125:      468.310      503.760      523.860      524.190      524.620
   130:      525.320      527.430      527.490      529.920      542.720
   135:      545.140      547.000      547.060      547.200      547.940
   140:      548.250      548.340      589.290      608.500      617.480
   145:      631.450      631.770      633.070      633.070      633.070
   150:      633.080      633.080      633.080      633.080      633.080
   155:      633.080      635.000      637.080      638.070      638.080
   160:      638.080      639.940      643.070      643.080      674.540
   165:      674.540      674.540      674.550      674.550      674.550
   170:      674.550      674.550      674.550      678.550      678.620
   175:      679.550      679.550      684.540      684.550      690.460
   180:      690.460      690.460      690.470      690.470      690.470
   185:      690.470      690.470      690.470      692.070      692.070
   190:      694.470      695.470      695.470      700.460      700.470
   195:      705.860      724.000      729.220      755.500      758.120
   200:      758.550      759.600      759.620      759.650      759.960
   205:      760.860      761.750      761.760      761.820      761.870
   210:      761.950      762.450      762.630      769.300      769.600
   215:      772.190      774.450      774.590      774.820      775.000
   220:      775.680      776.770      777.060      777.470      778.040
   225:      778.190      782.230      786.620      787.470      787.590
   230:      787.650      787.770      787.920      787.980      793.260
   235:      793.740      806.040      855.110      855.110      855.110
   240:      855.120      855.120      855.120      855.120      855.120
   245:      855.120      859.120      860.120      860.120      865.110
   250:      865.120      878.030      880.770      884.440      884.680
   255:      886.620      924.390      937.460      948.800      964.340
   260:      973.550      992.010     1003.070     1099.630     1104.030
   265:     1107.880     1118.480     1118.480     1118.480     1118.490
   270:     1118.490     1118.490     1118.490     1118.490     1118.490
   275:     1122.110     1122.430     1122.490     1123.490     1123.490
   280:     1128.480     1128.490     1182.150     1183.370     1322.320
   285:     1337.100     1354.940     1392.200     1392.290     1393.670
   290:     1403.700     1411.630     1423.060     1445.740     1446.510
   295:     1525.770     1525.930     1536.480     1548.910     1550.280
   300:     1551.120     1551.240     1551.320     1551.660     1551.840
   305:     1552.050     1552.520     1552.870     1553.530     1559.210
   310:     1599.420     1599.420     1599.420     1599.430     1599.430
   315:     1599.430     1599.430     1599.430     1599.430     1603.430
   320:     1604.430     1604.430     1609.420     1609.430     1637.190
   325:     1637.370     1662.190     1720.190     1724.840     1729.610
   330:     1731.600     1799.660     1892.860     1979.150     1979.360
   335:     1992.640     2051.230     2072.060     2073.340     2077.030
   340:     2077.430     2078.710     2079.670     2081.950     2102.830
   345:     2102.910     2133.200     2136.950     2137.750     2142.630
   350:     2144.550     2145.320     2145.550     2154.480     2170.280
   355:     2170.400     2178.450     2178.450     2178.450     2178.460
   360:     2178.460     2178.460     2178.460     2178.460     2178.460
   365:     2180.160     2182.460     2183.460     2183.460     2188.450
   370:     2188.460     2192.100     2220.040     2220.470     2396.680
   375:     2403.440     2409.390     2424.260     2424.490     2426.820
   380:     2426.930     2427.050     2427.570     2456.150     2509.270
   385:     2509.920     2510.000     2510.050     2510.170     2511.570
   390:     2514.340     2514.340     2514.340     2514.350     2514.350
   395:     2514.350     2514.350     2514.350     2514.350     2515.140
   400:     2515.330     2515.530     2518.350     2519.120     2519.350
   405:     2519.350     2519.420     2519.700     2521.020     2524.340
   410:     2524.350     2530.950     2532.060     2532.700     2545.310
   415:     2572.470     2572.680     2572.730     2572.990     2573.930
   420:     2574.090     2574.790     2575.190     2575.210     2578.490
   425:     2578.490     2578.490     2578.500     2578.500     2578.500
   430:     2578.500     2578.500     2578.500     2579.400     2582.500
   435:     2583.500     2583.500     2588.490     2588.500     2592.830
   440:     2649.720     2697.860     2702.880     2702.880     2702.880
   445:     2702.890     2702.890     2702.890     2702.890     2702.890
   450:     2702.890     2703.760     2703.760     2705.660     2705.660
   455:     2706.200     2706.200     2706.890     2707.890     2707.890
   460:     2709.670     2712.880     2712.890     2718.390     2718.940
   465:     2719.510     2729.710     2729.710     2729.710     2729.720
   470:     2729.720     2729.720     2729.720     2729.720     2729.720
   475:     2731.400     2731.400     2731.640     2731.640     2731.690
   480:     2731.690     2731.980     2731.980     2732.030     2732.030
   485:     2732.060     2732.060     2732.930     2732.930     2733.070
   490:     2733.070     2733.720     2734.120     2734.120     2734.720
   495:     2734.720     2738.370     2738.530     2739.710     2739.720
   500:     2740.720     2740.720     2740.720     2740.730     2740.730
   505:     2740.730     2740.730     2740.730     2740.730     2740.770
   510:     2740.770     2741.320     2741.320     2741.340     2741.340
   515:     2742.440     2742.440     2744.730     2745.730     2745.730
   520:     2748.500     2748.770     2750.720     2750.730     2754.590
   525:     2754.790     2782.240     2788.080     2788.080     2788.080
   530:     2788.090     2788.090     2788.090     2788.090     2788.090
   535:     2788.090     2788.380     2788.380     2788.460     2788.460
   540:     2788.500     2788.500     2789.610     2789.610     2790.540
   545:     2790.540     2791.960     2791.960     2792.090     2792.160
   550:     2792.160     2793.090     2793.090     2793.670     2793.670
   555:     2795.040     2795.040     2797.410     2797.410     2798.080
   560:     2798.090     2801.510     2801.510     2801.510     2801.520
   565:     2801.520     2801.520     2801.520     2801.520     2801.520
   570:     2801.610     2801.610     2805.520     2806.520     2806.520
   575:     2811.510     2811.520     2812.390     2812.910     2813.040
   580:     2813.420     2813.600     2813.640     2813.750     2813.980
   585:     2814.230     2814.280     2814.450     2814.500     2814.720
   590:     2815.060     2815.990     2816.050     2816.220     2816.260
   595:     2816.550     2816.660     2816.830     2816.870     2816.950
   600:     2817.350     2826.600     2840.390     2849.380     2850.040
   605:     2850.100     2850.710     2851.150     2851.260     2851.780
   610:     2852.090     2852.310     2853.830     2854.240     3080.070
   615:     3080.330     3080.590     3081.290     3106.740     3113.430
   620:     3134.950     3154.990     3156.760     3158.200     3159.180
   625:     3174.040     3361.500     3388.280     3394.600     3415.530
   630:     3432.440     3437.760     3438.050     3438.230     3438.740
   635:     3473.920     3474.340     3474.520     3477.610     3477.760
   640:     3477.890     3478.550     3480.500     3480.850     3482.550
   645:     3482.670     3484.370     3484.480     3484.660     3484.860
   650:     3484.900     3490.660     3602.280     3918.480     3918.650
   655:     3919.030     3976.350     3976.680     3984.230     4017.340
   660:     4017.820     4019.140     4019.190     4019.240     4023.590
   665:     4023.590     4023.590     4023.600     4023.600     4023.600
   670:     4023.600     4023.600     4023.600     4024.270     4024.270
   675:     4026.450     4026.450     4027.600     4028.600     4028.600
   680:     4033.590     4033.600     4102.800     4117.720     4118.190
   685:     4584.380     4585.460     4585.480     4585.550     4586.480
   690:     4604.900     4610.390     4610.860     4611.770     4612.680
   695:     4612.990     4614.660     4616.170     4616.330     4616.370
   700:     4617.940     4622.500     4622.650     4628.230     4631.230
   705:     4638.480     4639.320     4654.320     4654.930     4663.010
   710:     4663.120     4663.220     4667.310     4669.680     4672.930
   715:     4674.180     4675.170     4676.020     4677.590     4681.710
   720:     4682.830     4684.620     4686.250     4686.680     4687.010
   725:     4687.080     4691.320     4692.520     4692.940     4694.790
   730:     4697.310     4698.800     4703.500     4704.390     4709.210
   735:     4724.300     4724.550     4725.110     4792.950     4793.050
   740:     4793.110     4793.140     4793.370     4813.350     4934.620
   745:     4981.540     5022.800     5155.950     5287.850     5288.240
   750:     5288.310     5304.920     5337.390     5558.090     5597.610
   755:     5598.300     5599.270     5599.450     5600.470     5649.680
   760:     5649.860     5658.200     5724.990     5771.080     5771.610
   765:     5772.510     5775.540     5776.390     5779.250     5782.060
   770:     5782.910     5783.160     5819.290     5996.750     6013.870
   775:     6023.140     6023.770     6024.700     6024.940     6028.770
   780:     6035.720     6036.070     6037.980     6041.890     6043.350
   785:     6043.430     6044.150     6051.650     6052.110     6054.200
   790:     6058.050     6060.360     6060.730     6061.290     6061.540
   795:     6080.330     6114.720     6115.600     6131.180     6169.450
   800:     6169.750     6213.360     6261.970     6261.970     6261.970
   805:     6261.980     6261.980     6261.980     6261.980     6261.980
   810:     6261.980     6263.450     6263.450     6263.650     6263.650
   815:     6263.760     6263.760     6265.980     6266.170     6266.170
   820:     6266.190     6266.190     6266.980     6266.980     6268.270
   825:     6268.270     6268.550     6268.550     6271.970     6271.980
   830:     6282.350     6282.390     6283.120     6284.470     6286.150
   835:     6286.160     6291.090     6291.090     6291.090     6291.100
   840:     6291.100     6291.100     6291.100     6291.100     6291.100
   845:     6291.130     6291.130     6291.160     6291.160     6291.220
   850:     6291.220     6291.280     6291.280     6291.360     6291.360
   855:     6295.100     6295.130     6296.100     6296.100     6301.090
   860:     6301.100     6304.830     6321.800     6328.290     6331.830
   865:     6344.600     6350.230     6353.560     6353.560     6353.560
   870:     6353.570     6353.570     6353.570     6353.570     6353.570
   875:     6353.570     6353.590     6353.590     6353.670     6353.670
   880:     6354.790     6354.790     6357.210     6357.210     6357.570
   885:     6358.570     6358.570     6363.560     6363.570     6394.850
   890:     6405.220     6406.090     6421.340     6429.430     6432.630
   895:     6432.790     6434.070     6434.320     6434.560     6542.610
   900:     6603.900     6605.090     6605.120     6605.160     6605.700
   905:     6606.000     6606.030     6616.980     6621.170     6624.600
   910:     6629.050     6629.190     6652.910     6657.410     6827.680
   915:     6834.900     6840.810     6865.140     6952.630     7029.450
   920:     7032.340     7207.020     7295.780     7296.040     7304.730
   925:     7341.330     7341.460     7345.690     7346.480     7350.270
   930:     7350.400     7359.130     7360.010     7360.310     7361.090
   935:     7361.300     7361.540     7362.300     7373.130     7373.490
   940:     7373.760     7374.660     7384.300     7385.480     7385.720
   945:     7386.060     7395.780     7401.280     7401.710     7403.550
   950:     7403.550     7403.550     7403.560     7403.560     7403.560
   955:     7403.560     7403.560     7403.560     7407.560     7408.560
   960:     7408.560     7413.550     7413.560     7414.130     7414.260
   965:     7414.870     7415.420     7415.530     7426.180     7431.550
   970:     7441.300     7457.150     7460.810     7463.150     7473.450
   975:     7474.360     7476.220     7483.670     7484.560     7492.720
   980:     7493.290     7493.500     7493.920     7494.120     7501.040
   985:     7568.990     7632.470     7635.200     7843.970     7848.470
   990:     7865.010     7876.070     7877.900     7892.320     7897.930
   995:     7936.620     7953.640     7953.680     7960.950     8278.640
  1000:     8318.750     8319.000     8344.320     8373.640     8381.410
  1005:     8396.060     8396.450     8397.810     8397.840     8397.880
  1010:     8398.290     8411.180     8499.440     8499.750     8711.760
  1015:     8711.990     8718.040     8726.730     8730.330     8732.810
  1020:     8732.880     8743.260     8744.640     8753.650     8755.680
  1025:     8756.710     8761.820     8763.740     8765.130     8767.540
  1030:     8768.390     8777.770     8777.810     8781.050     8781.580
  1035:     8787.840     8788.240     8792.240     8805.960     8807.590
  1040:     8807.710     8816.680     8816.960     8817.000     8817.230
  1045:     8818.440     8826.700     8833.240     8833.890     8853.700
  1050:     8854.480     8861.430     8875.640     8878.670     8881.070
  1055:     8941.490     8948.480     8949.250     8949.470     8949.940
  1060:     8952.810     8953.410     9026.840     9172.770     9203.050
  1065:     9417.090     9533.310     9535.520     9535.820     9554.440
  1070:     9565.520     9571.640     9575.150     9575.620     9575.660
  1075:     9576.390     9579.810     9593.620     9594.000     9594.470
  1080:     9602.890     9605.550     9616.900     9617.150     9617.240
  1085:     9634.990     9635.240     9635.310     9640.260     9640.440
  1090:     9644.460     9644.800     9650.860     9651.140     9651.610
  1095:     9653.900     9656.100     9662.330     9662.740     9668.430
  1100:     9677.050     9677.080     9677.410     9681.200     9681.650
  1105:     9688.640     9693.520     9698.130     9698.660     9699.930
  1110:     9704.930     9705.280     9713.020     9713.410     9713.420
  1115:     9717.390     9719.600     9719.990     9729.460     9729.770
  1120:     9730.330     9741.350     9741.710     9741.740     9742.280
  1125:     9748.040     9748.090     9748.980     9769.040     9787.720
  1130:     9788.080     9789.180     9794.970     9795.300     9795.360
  1135:     9797.420     9801.520     9822.550     9822.950    10088.900
  1140:    10089.390    10090.360    10090.600    10090.930    10099.150
  1145:    10099.520    10115.470    10117.410    10123.040    10129.270
  1150:    10129.440    10129.940    10132.980    10144.600    10144.960
  1155:    10145.060    10145.300    10146.590    10160.130    10160.560
  1160:    10162.970    10164.730    10165.320    10199.280    10201.560
  1165:    10204.190    10212.170    10218.430    10220.700    10220.750
  1170:    10221.060    10223.600    10225.660    10225.700    10230.990
  1175:    10231.210    10235.210    10244.930    10247.130    10250.080
  1180:    10250.720    10256.320    10259.740    10266.650    10267.020
  1185:    10273.830    10282.700    10283.150    10331.890    10336.970
  1190:    10337.400    10338.030    10357.330    10360.940    10371.190
  1195:    10378.050    10389.860    10390.340    10390.450    10391.680
  1200:    10419.860    10432.050    10439.840    10446.020    10446.280
  1205:    10454.530    10455.060    10463.000    10468.570    10469.640
  1210:    10469.890    10491.570    10491.780    10534.950    10539.770
  1215:    10539.770    10539.770    10539.780    10539.780    10539.780
  1220:    10539.780    10539.780    10539.780    10542.370    10543.780
  1225:    10544.780    10544.780    10545.510    10548.240    10548.630
  1230:    10549.770    10549.780    10551.660    10552.270    10553.120
  1235:    10554.080    10800.010
