File: C:\MED-PC IV\DATA\!2025-09-03_16h44m.Subject T21



Start Date: 09/03/25
End Date: 09/03/25
Subject: T21
Experiment: OralFentSA
Group: One
Box: 2
Start Time: 16:44:44
End Time: 19:44:49
MSN: Golden_Liq_SelfAdmin_LIT
F:       0.000
G:     701.000
H:   10800.010
I:       0.000
J:       0.000
K:       0.000
L:       0.000
M:       0.000
N:       0.000
O:       0.000
P:       0.000
Q:       0.000
R:       0.000
S:       0.000
U:       0.000
V:       0.000
W:       0.000
X:       0.000
Y:       0.000
Z:       0.000
A:
     0:        0.000        0.000      180.000        4.000        0.000
     5:        5.000        0.000        5.000        0.000        0.000
    10:        1.000        0.000       10.000  3000000.000       20.000
    15:       13.000      320.000        0.000        0.000        0.000
    20:        0.000
B:
     0:        0.000        0.000        0.000      400.000        0.000
     5:      500.000        0.000      500.000        0.000        0.000
    10:        0.000        0.000     1000.000 300000000.00        0.000
    15:        0.000        0.000        0.000        0.000        0.000
    20:        0.000
C:
     0:        6.000        7.000        0.000        6.000      609.000
     5:    10398.530        4.290        6.000       26.710        4.452
    10:        6.000       16.000        0.000        0.000        0.000
    15:        0.000        0.000        0.000        0.000        0.000
    20:        0.000
D:
     0:        1.010       10.990        3.660        3.430        3.330
     5:        4.290
E:
     0:       19.000       11.000       26.000       27.000        6.000
     5:        6.000        6.000        6.000        6.000        6.000
    10:        6.000        6.000        6.000        6.000        6.000
    15:        6.000        6.000        6.000        6.000        6.000
    20:        6.000        6.000        6.000        6.000        6.000
    25:        6.000        6.000        6.000        6.000        6.000
    30:        6.000        6.000        6.000        6.000        6.000
    35:        6.000        6.000        6.000        6.000        6.000
    40:        6.000        6.000        6.000        2.000        4.000
    45:       22.000       24.000       13.000        8.000        5.000
    50:       17.000        6.000        6.000        6.000       18.000
    55:       14.000       10.000        6.000       19.000        6.000
    60:        6.000        2.000        4.000       22.000       24.000
    65:       13.000        8.000        5.000       17.000       18.000
    70:       14.000       10.000       19.000        6.000        6.000
    75:        6.000        6.000        6.000        6.000        6.000
    80:        6.000        6.000        6.000       23.000       23.000
    85:        6.000        6.000        6.000        6.000       23.000
    90:        6.000        6.000        6.000        6.000        6.000
    95:        6.000        6.000        6.000        6.000        6.000
   100:        6.000        6.000        6.000        6.000        6.000
   105:        6.000        6.000        6.000        6.000        6.000
   110:        6.000        6.000        6.000        6.000        6.000
   115:        6.000        6.000        6.000        6.000        6.000
   120:        6.000        6.000        6.000        6.000        6.000
   125:        6.000        6.000        6.000        6.000        6.000
   130:        6.000        6.000        6.000        6.000        6.000
   135:        6.000        6.000        6.000        6.000        6.000
   140:        6.000        6.000        6.000        6.000        6.000
   145:        6.000        6.000        6.000        6.000        6.000
   150:        6.000        6.000        6.000        6.000        6.000
   155:        6.000        6.000        6.000        6.000        6.000
   160:        6.000        6.000        6.000        6.000        6.000
   165:        6.000        6.000        6.000        6.000        6.000
   170:        6.000        6.000        6.000        6.000        6.000
   175:        6.000        6.000        6.000        6.000        6.000
   180:        6.000        6.000        6.000        6.000        6.000
   185:        6.000        6.000        6.000        6.000        6.000
   190:        6.000        6.000        6.000        6.000        6.000
   195:        6.000        6.000        6.000        6.000        6.000
   200:        6.000        6.000        6.000        6.000        6.000
   205:        6.000        6.000        6.000        6.000        6.000
   210:        6.000        6.000        6.000        6.000        6.000
   215:        6.000        6.000        6.000        6.000        6.000
   220:        6.000        6.000        2.000        4.000       22.000
   225:       24.000       13.000        8.000        5.000       17.000
   230:        6.000       18.000       14.000       10.000        6.000
   235:        6.000        6.000       19.000        6.000        6.000
   240:        6.000        6.000        6.000        6.000        6.000
   245:        6.000        6.000        6.000        6.000        6.000
   250:        6.000        6.000        6.000        6.000        6.000
   255:        6.000       23.000        6.000        6.000        6.000
   260:        6.000        6.000        6.000        6.000        6.000
   265:        6.000        6.000        6.000        6.000        6.000
   270:        6.000        6.000        6.000        6.000        6.000
   275:        6.000        6.000        6.000        6.000        6.000
   280:        6.000        6.000       23.000       23.000        6.000
   285:        6.000        6.000        6.000        6.000        6.000
   290:       23.000       23.000       23.000       23.000        6.000
   295:        6.000        6.000        6.000        6.000        6.000
   300:       23.000        6.000       23.000       23.000        6.000
   305:        6.000        6.000        6.000        6.000        6.000
   310:        6.000        6.000        6.000        6.000        6.000
   315:        6.000        6.000        6.000        6.000        6.000
   320:        6.000        6.000        6.000        6.000        6.000
   325:        6.000        6.000        6.000        6.000        6.000
   330:        6.000        6.000        6.000        6.000        6.000
   335:        6.000        6.000        6.000        6.000        6.000
   340:        6.000        6.000        6.000       23.000        6.000
   345:        6.000        6.000        6.000        6.000        6.000
   350:        6.000        6.000        6.000        6.000        6.000
   355:        6.000        6.000        6.000        6.000        6.000
   360:        6.000        6.000        6.000        6.000        6.000
   365:        6.000        6.000        6.000        6.000        6.000
   370:        6.000        6.000        6.000        6.000        6.000
   375:        6.000        6.000        6.000        6.000        6.000
   380:        6.000        6.000        6.000        6.000        6.000
   385:        6.000        6.000        6.000        6.000        6.000
   390:        6.000        6.000        6.000        6.000        6.000
   395:        6.000        6.000        6.000        6.000        6.000
   400:        6.000        6.000        6.000        6.000        6.000
   405:        6.000        6.000        6.000        6.000        6.000
   410:        6.000        6.000        6.000        6.000        6.000
   415:        6.000        6.000        6.000        6.000        6.000
   420:        6.000        6.000        6.000        6.000        6.000
   425:        6.000        6.000        6.000        6.000        6.000
   430:        6.000        6.000        6.000        6.000        6.000
   435:        6.000        6.000        6.000        6.000        6.000
   440:        6.000        6.000        6.000        6.000        6.000
   445:        6.000        6.000        6.000        6.000        6.000
   450:        6.000        6.000        6.000        6.000        6.000
   455:        6.000        6.000        6.000        6.000        6.000
   460:        6.000        6.000        6.000        6.000        6.000
   465:        6.000        6.000        6.000        6.000        6.000
   470:        6.000        6.000        6.000        6.000        6.000
   475:        6.000        6.000        6.000        6.000        6.000
   480:        6.000        6.000        6.000        6.000        6.000
   485:        6.000        6.000        2.000        4.000       22.000
   490:       24.000       13.000        8.000        5.000       17.000
   495:        6.000       18.000       14.000       10.000        6.000
   500:       19.000        6.000        6.000        6.000        6.000
   505:        6.000        6.000        6.000        6.000        6.000
   510:        6.000        6.000        6.000        6.000        6.000
   515:        6.000        6.000        6.000        6.000        6.000
   520:        6.000        6.000        6.000        6.000        6.000
   525:        6.000        6.000        6.000        6.000        6.000
   530:        6.000        6.000        6.000        6.000        6.000
   535:        6.000        6.000        6.000        6.000        6.000
   540:        6.000        6.000        6.000        6.000       23.000
   545:        6.000        6.000        6.000        6.000        6.000
   550:        6.000        6.000        6.000        6.000        6.000
   555:        6.000        6.000        6.000        6.000        6.000
   560:        6.000        6.000        6.000        6.000        6.000
   565:        6.000        6.000        6.000        6.000        6.000
   570:        6.000        6.000        6.000        6.000        6.000
   575:        6.000        6.000        6.000        6.000        6.000
   580:        6.000        6.000        6.000        6.000        6.000
   585:        2.000        4.000       22.000       24.000       13.000
   590:        8.000        5.000       17.000        6.000       18.000
   595:        6.000       14.000       10.000       19.000        6.000
   600:        6.000        6.000        6.000        6.000        6.000
   605:        6.000        6.000        6.000        6.000        6.000
   610:        6.000        6.000        6.000        6.000        6.000
   615:        6.000        6.000        6.000        6.000        6.000
   620:        6.000        6.000        6.000        6.000        6.000
   625:        6.000        6.000        6.000        6.000        6.000
   630:        6.000        6.000        6.000        6.000        6.000
   635:        6.000        6.000        6.000        6.000        6.000
   640:        6.000        6.000        6.000        6.000        6.000
   645:        6.000        6.000        6.000        6.000       23.000
   650:        6.000        6.000        6.000        6.000        6.000
   655:        6.000        6.000        6.000        6.000        6.000
   660:        6.000        6.000        6.000        6.000        6.000
   665:        6.000        6.000        6.000        6.000        6.000
   670:        6.000        6.000        6.000        6.000        6.000
   675:        6.000        2.000        4.000       22.000       24.000
   680:       13.000        8.000        5.000       17.000       18.000
   685:        6.000       14.000       10.000        6.000       19.000
   690:        6.000        6.000        6.000        6.000        6.000
   695:        6.000        6.000        6.000        6.000        6.000
   700:        6.000      100.000
T:
     0:        0.000        0.000        0.000        0.000       13.580
     5:       21.330       21.640       44.690       44.830       45.580
    10:       63.970       65.250       65.820       66.110       66.170
    15:       88.540      102.580      103.090      104.780      112.490
    20:      113.830      125.190      125.760      139.850      140.530
    25:      140.560      140.650      142.880      169.400      202.640
    30:      205.670      226.290      270.350      300.220      300.430
    35:      317.490      317.660      318.510      318.690      339.780
    40:      427.560      438.780      439.180      480.420      480.420
    45:      480.420      480.430      480.430      480.430      480.430
    50:      480.430      481.440      481.590      483.300      484.430
    55:      485.430      485.430      487.230      490.420      491.210
    60:      493.590      498.930      498.930      498.930      498.940
    65:      498.940      498.940      498.940      498.940      502.940
    70:      503.940      503.940      508.930      509.930      517.460
    75:      567.630      579.530      631.450      631.640      632.240
    80:      668.640      677.010      710.240      736.410      737.650
    85:      742.070      742.420      742.620      844.760      871.470
    90:      898.500      920.100      955.100      962.630     1090.930
    95:     1091.730     1167.110     1199.870     1233.160     1293.710
   100:     1370.300     1375.000     1380.280     1380.410     1381.080
   105:     1453.360     1455.830     1573.400     1671.440     1742.240
   110:     1779.730     1814.920     1815.770     1816.430     1816.650
   115:     1818.120     1820.280     1968.560     1970.300     1977.090
   120:     1978.550     2010.770     2116.280     2116.660     2116.840
   125:     2120.970     2121.000     2122.100     2122.360     2122.410
   130:     2126.890     2126.940     2127.160     2127.260     2128.550
   135:     2129.650     2132.490     2133.200     2133.350     2134.160
   140:     2135.950     2137.080     2142.160     2147.590     2147.660
   145:     2147.860     2147.900     2151.070     2160.290     2163.710
   150:     2164.620     2165.870     2168.150     2171.920     2174.050
   155:     2175.330     2175.830     2177.620     2177.810     2179.110
   160:     2181.120     2186.960     2191.260     2192.370     2193.620
   165:     2193.910     2194.040     2194.900     2194.990     2195.090
   170:     2195.190     2197.500     2198.680     2202.050     2202.630
   175:     2203.210     2216.210     2217.300     2217.580     2218.710
   180:     2226.810     2229.630     2233.190     2237.350     2244.060
   185:     2932.480     2934.170     2934.510     2968.540     3067.710
   190:     3067.960     3123.750     3188.860     3189.280     3202.860
   195:     3330.790     3334.180     3386.490     3386.600     3428.870
   200:     3506.340     3507.060     3652.150     3725.750     3788.770
   205:     3788.780     3789.160     3879.450     3881.470     3943.310
   210:     3945.270     3945.680     3976.100     4179.840     4181.220
   215:     4194.610     4196.740     4197.380     4198.320     4198.390
   220:     4198.850     4198.890     4202.200     4202.200     4202.200
   225:     4202.210     4202.210     4202.210     4202.210     4202.210
   230:     4205.870     4206.210     4207.210     4207.210     4208.700
   235:     4208.730     4209.310     4212.200     4217.650     4220.640
   240:     4239.300     4239.820     4247.290     4248.440     4276.810
   245:     4326.410     4327.390     4380.250     4380.970     4381.060
   250:     4381.530     4416.040     4448.780     4448.800     4461.310
   255:     4502.210     4577.370     4583.500     4583.690     4586.160
   260:     4587.340     4591.780     4591.910     4603.070     4619.990
   265:     4624.700     4638.480     4638.590     4638.730     4638.910
   270:     5260.520     5263.650     5267.400     5267.800     5288.000
   275:     5298.910     5299.730     5308.590     5312.740     5321.180
   280:     5350.000     5376.710     5389.840     5397.260     5407.600
   285:     5414.890     5419.700     5423.200     5425.590     5426.820
   290:     5435.140     5441.670     5443.480     5448.010     5455.620
   295:     5456.250     5486.500     5514.660     5520.870     5528.360
   300:     5539.620     5558.090     5574.480     5576.050     5936.070
   305:     5938.400     5981.860     5982.490     6014.470     6015.490
   310:     6026.950     6030.860     6032.750     6038.550     6052.520
   315:     6053.270     6054.190     6056.280     6059.070     6060.030
   320:     6060.350     6070.040     6072.070     6073.130     6076.950
   325:     6078.250     6079.670     6090.120     6090.570     6090.700
   330:     6090.900     6095.000     6098.230     6098.980     6099.690
   335:     6101.000     6102.430     6104.120     6104.530     6104.580
   340:     6117.280     6121.530     6121.570     6128.240     6186.400
   345:     6203.870     6216.410     6217.110     6217.170     6217.190
   350:     6217.300     6219.040     6219.080     6222.660     6230.810
   355:     6235.630     6239.550     6272.340     6279.330     6280.950
   360:     6281.160     6281.230     6285.730     6289.830     6291.220
   365:     6293.100     6293.430     6294.050     6296.320     6296.610
   370:     6317.490     6318.160     6326.050     6331.140     6334.210
   375:     6334.560     6338.400     6338.430     6338.790     6338.900
   380:     6339.530     6339.780     6340.180     6340.820     6341.480
   385:     6342.550     6344.110     6345.190     6345.330     6346.240
   390:     6346.840     6349.340     6354.720     6358.860     6359.330
   395:     6360.140     6360.590     6396.480     6397.470     6397.630
   400:     6407.970     6408.470     6428.920     6454.600     6491.140
   405:     6561.560     6561.690     6700.870     6702.090     6752.730
   410:     6802.340     6811.970     6815.350     6893.190     6935.440
   415:     6935.540     6935.920     6968.190     6974.430     6993.650
   420:     6996.950     6997.840     6998.120     7009.720     7019.650
   425:     7021.750     7022.570     7025.000     7026.220     7026.350
   430:     7035.810     7091.380     7092.150     7092.460     7094.670
   435:     7110.710     7116.740     7128.990     7129.450     7129.990
   440:     7165.270     7165.640     7167.830     7177.160     7178.530
   445:     7179.680     7206.900     7207.720     7229.730     7230.050
   450:     7232.510     7238.110     7240.230     7242.170     7243.060
   455:     7243.950     7244.260     7244.940     7245.440     7245.580
   460:     7245.650     7245.690     7245.760     7247.070     7248.860
   465:     7250.540     7250.840     7252.270     7252.940     7253.440
   470:     7253.650     7254.050     7254.160     7254.500     7254.790
   475:     7255.680     7255.830     7256.370     7258.310     7258.880
   480:     7259.690     7264.930     7268.260     7268.320     7268.720
   485:     7269.140     7269.470     7271.870     7271.870     7271.870
   490:     7271.880     7271.880     7271.880     7271.880     7271.880
   495:     7275.310     7275.880     7276.880     7276.880     7278.020
   500:     7281.870     7284.120     7284.950     7306.420     7307.910
   505:     7310.840     7325.260     7356.860     7372.010     7390.620
   510:     7392.160     7394.640     7400.920     7401.080     7401.360
   515:     7402.050     7404.390     7406.930     7407.000     7409.220
   520:     7409.370     7409.560     7409.720     7410.510     7410.570
   525:     7410.680     7410.770     7410.960     7481.600     7486.660
   530:     7487.040     7498.720     7498.800     7499.060     7502.020
   535:     7502.260     7506.620     7508.950     7516.620     7516.920
   540:     7517.160     7518.940     7519.090     7519.530     7837.960
   545:     7848.850     7852.910     7869.370     7872.950     7877.090
   550:     7880.420     7939.900     7940.720     8003.380     8004.400
   555:     8025.410     8035.420     8059.680     8073.400     8167.550
   560:     8190.600     8190.930     8222.630     8222.910     8245.670
   565:     8303.720     8304.380     8315.100     8319.410     8359.350
   570:     8384.860     8407.550     8411.130     8442.860     8451.950
   575:     8452.030     8453.700     8468.530     8472.780     8473.760
   580:     8479.140     8495.150     8508.930     8514.970     8579.380
   585:     8613.710     8613.710     8613.710     8613.720     8613.720
   590:     8613.720     8613.720     8613.720     8617.050     8617.720
   595:     8618.550     8618.720     8618.720     8623.710     8631.520
   600:     8635.380     8674.690     8675.680     8703.500     8709.810
   605:     8710.030     8710.260     8725.560     8729.770     8735.550
   610:     8735.960     8741.080     8741.220     8750.030     8750.690
   615:     8750.920     8756.840     8777.680     9340.560     9340.770
   620:     9346.260     9347.800     9389.820     9440.740     9511.550
   625:     9511.580     9518.070     9520.350     9531.940     9578.050
   630:     9599.060     9612.400     9630.230     9718.010     9718.820
   635:     9743.240     9751.110     9800.650     9808.480     9816.410
   640:     9827.680     9827.690     9939.160     9941.110     9985.200
   645:    10015.220    10135.090    10135.640    10159.600    10176.910
   650:    10185.670    10186.320    10192.860    10206.460    10206.540
   655:    10206.660    10210.530    10221.320    10221.720    10233.200
   660:    10235.920    10235.980    10246.140    10248.430    10252.930
   665:    10267.060    10267.260    10267.580    10269.770    10288.260
   670:    10288.480    10294.070    10309.110    10370.610    10370.780
   675:    10376.890    10398.520    10398.520    10398.520    10398.530
   680:    10398.530    10398.530    10398.530    10398.530    10402.530
   685:    10402.820    10403.530    10403.530    10407.940    10408.520
   690:    10409.590    10409.600    10428.750    10486.410    10488.600
   695:    10492.960    10493.050    10673.430    10673.460    10674.500
   700:    10676.320    10800.010
