File: C:\MED-PC IV\DATA\!2025-05-14_09h30m.Subject T2



Start Date: 05/14/25
End Date: 05/14/25
Subject: T2
Experiment: OralFentSA
Group: One
Box: 7
Start Time:  9:30:34
End Time: 12:30:41
MSN: Golden_Liq_SelfAdmin
F:       0.000
G:     655.000
H:   10800.010
I:       0.000
J:       0.000
K:       0.000
L:       0.000
M:       0.000
N:       0.000
O:       0.000
P:       0.000
Q:       0.000
R:       0.000
S:       0.000
U:       0.000
V:       0.000
W:       0.000
X:       0.000
Y:       0.000
Z:       0.000
A:
     0:        0.000        0.000      180.000        4.000        0.000
     5:        5.000        0.000        5.000        0.000        0.000
    10:        1.000        0.000       10.000     1200.000       26.000
    15:        2.000      640.000        0.000        0.000        0.000
    20:        0.000
B:
     0:        0.000        0.000        0.000      400.000        0.000
     5:      500.000        0.000      500.000        0.000        0.000
    10:        0.000        0.000     1000.000   120000.000        0.000
    15:        0.000        0.000        0.000        0.000        0.000
    20:        0.000
C:
     0:       18.000       17.000        0.000        0.000      436.000
     5:     9670.000      120.300       14.000      363.250       25.946
    10:        0.000        1.000       20.000        0.000        0.000
    15:        0.000        0.000        0.000        0.000        0.000
    20:        0.000
D:
     0:        6.370       14.020        4.130        5.000       22.510
     5:       78.590        4.530        6.380       12.220       17.700
    10:        1.850       24.050       45.600      120.300
E:
     0:       19.000       11.000       26.000       27.000        6.000
     5:        6.000        6.000        6.000        6.000        6.000
    10:        6.000        6.000        6.000        6.000        6.000
    15:        6.000        6.000        6.000        6.000        6.000
    20:        6.000        6.000        6.000        6.000        6.000
    25:        6.000        6.000        6.000        6.000        6.000
    30:        6.000        6.000        6.000        6.000        6.000
    35:        6.000        6.000        6.000        6.000        6.000
    40:        6.000        6.000        6.000        6.000        6.000
    45:        6.000        6.000        6.000        6.000        6.000
    50:        6.000        6.000        6.000        6.000        6.000
    55:        6.000        6.000        6.000        6.000        6.000
    60:        6.000        6.000        6.000        6.000        6.000
    65:        6.000        6.000        6.000        6.000        6.000
    70:        6.000        6.000        6.000       25.000       24.000
    75:       12.000       13.000        8.000        5.000       17.000
    80:       18.000       14.000       10.000        6.000        6.000
    85:        6.000       19.000       11.000        6.000        6.000
    90:        6.000        6.000        6.000        6.000        6.000
    95:        6.000        6.000        6.000        6.000        6.000
   100:        6.000        6.000        6.000        6.000        6.000
   105:        6.000        6.000        6.000        6.000        6.000
   110:        6.000        6.000        6.000        6.000        6.000
   115:        6.000        6.000        6.000        6.000        6.000
   120:        6.000        6.000        6.000        6.000        6.000
   125:        6.000        6.000        6.000        6.000        6.000
   130:        6.000        6.000        6.000        6.000        6.000
   135:        6.000        6.000        6.000        6.000        6.000
   140:        6.000        6.000        6.000       25.000       24.000
   145:       12.000       13.000        8.000        5.000       17.000
   150:       18.000       14.000       10.000       19.000       11.000
   155:        6.000        6.000        6.000        6.000        6.000
   160:        6.000        6.000        6.000        6.000        6.000
   165:        6.000        6.000        6.000        6.000        6.000
   170:        6.000        6.000        6.000        6.000        6.000
   175:        6.000        6.000        6.000        6.000        6.000
   180:        6.000        6.000        6.000        6.000        6.000
   185:        6.000        6.000        6.000        6.000        6.000
   190:        6.000        6.000        6.000        6.000        6.000
   195:        6.000        6.000        6.000        6.000        6.000
   200:        6.000        6.000        6.000        6.000        6.000
   205:        6.000        6.000        6.000        6.000        6.000
   210:        6.000        6.000        6.000        6.000        6.000
   215:        6.000        6.000        6.000        6.000        6.000
   220:        6.000        6.000        6.000        6.000        6.000
   225:        6.000        6.000       25.000       24.000       12.000
   230:       13.000        8.000        5.000       17.000       18.000
   235:        6.000       14.000       10.000       19.000       11.000
   240:        6.000        6.000        6.000        6.000        6.000
   245:        6.000        6.000        6.000        6.000        6.000
   250:       30.000       24.000       12.000       13.000        8.000
   255:        5.000       17.000       18.000       14.000       10.000
   260:       30.000       12.000       13.000        8.000        5.000
   265:       17.000       19.000       11.000       18.000       14.000
   270:       10.000        6.000        6.000       30.000       24.000
   275:       12.000       13.000        8.000        5.000       17.000
   280:       18.000       14.000       10.000       19.000       11.000
   285:       30.000       24.000       12.000       13.000        8.000
   290:        5.000       17.000       18.000       14.000       10.000
   295:       19.000       11.000        6.000        6.000        6.000
   300:        6.000        6.000        6.000       30.000       24.000
   305:       12.000       13.000        8.000        5.000       17.000
   310:       18.000       14.000       10.000       19.000       11.000
   315:        6.000        6.000        6.000        6.000       30.000
   320:       24.000       12.000       13.000        8.000        5.000
   325:       17.000       18.000        6.000       14.000       10.000
   330:       30.000       12.000       13.000        8.000        5.000
   335:       17.000       30.000       12.000       30.000       12.000
   340:       18.000       19.000       11.000       14.000       10.000
   345:       30.000       24.000       12.000       13.000        8.000
   350:        5.000       17.000       18.000       14.000       10.000
   355:       19.000       11.000       30.000       24.000       12.000
   360:       13.000        8.000        5.000       17.000       18.000
   365:       14.000       10.000        6.000       19.000       11.000
   370:        6.000        6.000       30.000       24.000       12.000
   375:       13.000        8.000        5.000       17.000       18.000
   380:       14.000       10.000       19.000       11.000        6.000
   385:        6.000        6.000        6.000        6.000        6.000
   390:        6.000        6.000        6.000        6.000        6.000
   395:        6.000        6.000        6.000        6.000       25.000
   400:       24.000       12.000       13.000        8.000        5.000
   405:       17.000       18.000       14.000       10.000       19.000
   410:       11.000        6.000        6.000        6.000        6.000
   415:        6.000        6.000        6.000        6.000        6.000
   420:        6.000        6.000        6.000        6.000        6.000
   425:        6.000        6.000        6.000        6.000        6.000
   430:        6.000        6.000        6.000        6.000        6.000
   435:        6.000        6.000        6.000        6.000        6.000
   440:       25.000       24.000       12.000       13.000        8.000
   445:        5.000       17.000        6.000       18.000       14.000
   450:       10.000       19.000       11.000        6.000        6.000
   455:        6.000        6.000        6.000        6.000        6.000
   460:        6.000        6.000        6.000        6.000        6.000
   465:        6.000        6.000        6.000        6.000        6.000
   470:        6.000        6.000        6.000        6.000        6.000
   475:        6.000        6.000        6.000        6.000        6.000
   480:        6.000        6.000        6.000        6.000        6.000
   485:        6.000        6.000        6.000        6.000        6.000
   490:        6.000        6.000        6.000        6.000        6.000
   495:        6.000        6.000        6.000        6.000        6.000
   500:       25.000       24.000       12.000       13.000        8.000
   505:        5.000       17.000       18.000       14.000       10.000
   510:       19.000       11.000        6.000        6.000        6.000
   515:        6.000        6.000        6.000        6.000        6.000
   520:        6.000        6.000        6.000        6.000        6.000
   525:        6.000        6.000        6.000        6.000        6.000
   530:        6.000        6.000        6.000        6.000        6.000
   535:        6.000        6.000        6.000        6.000       25.000
   540:       24.000       12.000       13.000        8.000        5.000
   545:       17.000       18.000       14.000       10.000       19.000
   550:       11.000        6.000        6.000        6.000        6.000
   555:        6.000        6.000        6.000        6.000        6.000
   560:        6.000        6.000        6.000        6.000       23.000
   565:        6.000        6.000        6.000        6.000        6.000
   570:        6.000        6.000        6.000        6.000        6.000
   575:       25.000       24.000       12.000       13.000        8.000
   580:        5.000       17.000       18.000       14.000       10.000
   585:       19.000       11.000        6.000        6.000        6.000
   590:        6.000        6.000        6.000        6.000        6.000
   595:        6.000        6.000        6.000        6.000        6.000
   600:        6.000        6.000        6.000        6.000        6.000
   605:        6.000        6.000        6.000        6.000        6.000
   610:        6.000        6.000        6.000        6.000        6.000
   615:        6.000        6.000        6.000        6.000        6.000
   620:        6.000        6.000        6.000        6.000        6.000
   625:        6.000        6.000        6.000        6.000        6.000
   630:        6.000        6.000        6.000        6.000        6.000
   635:        6.000        6.000        6.000        6.000        6.000
   640:        6.000        6.000        6.000        6.000        6.000
   645:        6.000        6.000        6.000        6.000        6.000
   650:        6.000        6.000        6.000        6.000        6.000
   655:      100.000
T:
     0:        0.000        0.000        0.000        0.000        8.730
     5:        9.520       42.430       93.020       93.870       96.770
    10:      117.920      118.370      125.010      154.490      154.760
    15:      221.100      223.760      246.520      247.100      251.460
    20:      253.800      261.210      261.520      281.210      282.140
    25:      296.160      297.420      351.560      367.680      381.470
    30:      383.260      388.900      469.770      503.750      504.150
    35:      505.690      518.960      519.430      522.290      524.270
    40:      526.070      527.690      528.130      580.980      582.530
    45:      588.240      589.060      647.060      647.280      666.860
    50:      667.600      686.010      686.440      702.960      703.930
    55:      704.060      733.580      771.220      789.200      790.320
    60:      795.820      807.210      810.350      850.790      851.440
    65:      851.510      959.130      993.120     1061.610     1083.040
    70:     1099.690     1108.140     1138.250     1199.990     1200.000
    75:     1200.000     1200.000     1200.000     1200.000     1200.000
    80:     1204.000     1205.000     1205.000     1206.370     1207.160
    85:     1207.690     1209.990     1210.000     1210.510     1232.920
    90:     1234.140     1288.870     1296.080     1318.030     1318.880
    95:     1386.080     1386.190     1386.340     1393.190     1403.140
   100:     1404.230     1428.950     1480.770     1496.080     1506.360
   105:     1557.070     1564.860     1599.610     1600.490     1600.680
   110:     1618.440     1629.190     1629.340     1629.620     1650.420
   115:     1651.840     1701.660     1702.020     1795.010     1874.340
   120:     1933.400     1933.580     1971.610     2002.160     2011.930
   125:     2012.500     2012.550     2014.080     2014.660     2037.440
   130:     2037.960     2038.120     2069.410     2081.470     2082.430
   135:     2102.860     2180.070     2180.230     2308.980     2360.830
   140:     2377.360     2377.570     2379.020     2409.990     2410.000
   145:     2410.000     2410.000     2410.000     2410.000     2410.000
   150:     2414.000     2415.000     2415.000     2419.990     2420.000
   155:     2424.020     2444.690     2454.400     2455.920     2466.510
   160:     2475.430     2490.740     2501.900     2522.440     2524.700
   165:     2555.730     2557.890     2558.430     2569.910     2571.070
   170:     2602.890     2609.400     2731.830     2771.050     2793.160
   175:     2826.060     2843.330     2855.940     2863.800     2875.220
   180:     2883.850     2901.870     2931.310     2943.080     2952.240
   185:     2961.580     2961.960     2970.390     2987.890     3023.200
   190:     3029.360     3062.740     3077.860     3086.760     3099.580
   195:     3116.960     3126.860     3148.980     3156.490     3175.260
   200:     3190.330     3196.580     3196.730     3206.990     3218.460
   205:     3241.690     3252.770     3410.870     3417.280     3431.880
   210:     3440.650     3445.600     3446.690     3456.810     3476.000
   215:     3487.840     3488.390     3532.430     3544.120     3544.500
   220:     3561.580     3563.360     3575.480     3595.900     3596.640
   225:     3618.180     3618.930     3619.990     3620.000     3620.000
   230:     3620.000     3620.000     3620.000     3620.000     3624.000
   235:     3624.130     3625.000     3625.000     3629.990     3630.000
   240:     3640.440     3698.540     3766.630     3807.220     3825.390
   245:     3831.470     3930.970     3959.660     3982.680     4008.570
   250:     4030.680     4030.680     4030.680     4030.680     4030.680
   255:     4030.680     4030.680     4034.680     4035.680     4035.680
   260:     4036.730     4036.730     4036.730     4036.730     4036.730
   265:     4036.730     4040.670     4040.680     4040.730     4041.730
   270:     4041.730     4041.730     4042.920     4055.790     4055.790
   275:     4055.790     4055.790     4055.790     4055.790     4055.790
   280:     4059.790     4060.790     4060.790     4065.780     4065.790
   285:     4091.890     4091.890     4091.890     4091.890     4091.890
   290:     4091.890     4091.890     4095.890     4096.890     4096.890
   295:     4101.880     4101.890     4114.400     4114.420     4114.540
   300:     4114.800     4143.030     4175.710     4187.960     4187.960
   305:     4187.960     4187.960     4187.960     4187.960     4187.960
   310:     4191.960     4192.960     4192.960     4197.950     4197.960
   315:     4266.550     4267.000     4277.830     4290.460     4296.860
   320:     4296.860     4296.860     4296.860     4296.860     4296.860
   325:     4296.860     4300.860     4301.390     4301.860     4301.860
   330:     4302.480     4302.480     4302.480     4302.480     4302.480
   335:     4302.480     4302.670     4302.670     4302.800     4302.800
   340:     4306.480     4306.850     4306.860     4307.480     4307.480
   345:     4336.730     4336.730     4336.730     4336.730     4336.730
   350:     4336.730     4336.730     4340.730     4341.730     4341.730
   355:     4346.720     4346.730     4354.480     4354.480     4354.480
   360:     4354.480     4354.480     4354.480     4354.480     4358.480
   365:     4359.480     4359.480     4360.860     4364.470     4364.480
   370:     4422.960     4439.630     4465.120     4465.120     4465.120
   375:     4465.120     4465.120     4465.120     4465.120     4469.120
   380:     4470.120     4470.120     4475.110     4475.120     4477.340
   385:     4477.590     4628.740     4653.510     4667.350     4721.250
   390:     4723.040     4732.150     4742.940     4751.360     4769.820
   395:     4790.950     4798.130     4814.500     4816.260     4829.990
   400:     4830.000     4830.000     4830.000     4830.000     4830.000
   405:     4830.000     4834.000     4835.000     4835.000     4839.990
   410:     4840.000     4847.700     4849.300     4864.960     4877.310
   415:     4901.290     4901.790     4927.890     5019.170     5026.090
   420:     5027.840     5047.970     5059.160     5082.640     5091.130
   425:     5124.350     5146.130     5185.820     5201.940     5232.950
   430:     5234.980     5272.050     5321.780     5334.960     5365.710
   435:     5365.960     5386.170     5433.050     5830.290     5983.510
   440:     6039.990     6040.000     6040.000     6040.000     6040.000
   445:     6040.000     6040.000     6041.850     6044.000     6045.000
   450:     6045.000     6049.990     6050.000     6065.740     6078.070
   455:     6108.380     6128.640     6134.060     6154.810     6155.010
   460:     6168.800     6201.270     6201.390     6203.480     6204.190
   465:     6204.860     6209.800     6216.470     6224.570     6224.780
   470:     6237.660     6238.220     6244.380     6244.850     6244.930
   475:     6244.990     6245.410     6252.610     6267.300     6273.190
   480:     6278.440     6278.870     6280.180     6295.040     6296.340
   485:     6303.220     6337.280     6352.990     6385.240     6392.740
   490:     6393.520     6409.080     6492.770     6586.060     6644.710
   495:     6662.390     6800.680     7092.800     7123.130     7235.360
   500:     7249.990     7250.000     7250.000     7250.000     7250.000
   505:     7250.000     7250.000     7254.000     7255.000     7255.000
   510:     7259.990     7260.000     7274.050     7284.840     7330.510
   515:     7362.960     7391.690     7444.240     7490.350     7501.230
   520:     7504.910     7508.180     7523.030     7536.950     7542.840
   525:     7768.520     7920.830     8053.450     8068.520     8068.750
   530:     8090.050     8122.820     8122.890     8130.220     8168.160
   535:     8262.730     8263.640     8282.050     8399.660     8459.990
   540:     8460.000     8460.000     8460.000     8460.000     8460.000
   545:     8460.000     8464.000     8465.000     8465.000     8469.990
   550:     8470.000     8505.600     8632.130     8784.770     8830.710
   555:     8830.780     8842.720     8843.530     8907.550     8943.140
   560:     8954.960     8955.050     8955.290     8958.850     9042.800
   565:     9103.910     9260.990     9456.750     9464.620     9555.100
   570:     9597.380     9609.650     9625.850     9656.030     9666.360
   575:     9669.990     9670.000     9670.000     9670.000     9670.000
   580:     9670.000     9670.000     9674.000     9675.000     9675.000
   585:     9679.990     9680.000     9790.300    10083.060    10275.230
   590:    10289.850    10299.210    10315.880    10332.850    10360.530
   595:    10365.460    10380.160    10388.300    10394.760    10403.240
   600:    10403.850    10417.610    10423.840    10423.870    10423.950
   605:    10425.370    10429.000    10429.240    10436.980    10437.400
   610:    10441.370    10451.650    10459.500    10468.760    10475.320
   615:    10490.750    10508.530    10509.190    10510.890    10524.570
   620:    10526.950    10538.670    10546.530    10555.000    10566.350
   625:    10604.320    10615.780    10618.770    10619.220    10641.070
   630:    10648.030    10651.090    10669.120    10674.070    10674.090
   635:    10674.120    10686.530    10686.740    10698.590    10713.740
   640:    10721.090    10721.470    10721.480    10729.630    10731.340
   645:    10750.480    10756.220    10756.390    10756.470    10756.490
   650:    10757.360    10774.620    10780.610    10784.570    10785.160
   655:    10800.010
