File: C:\MED-PC IV\DATA\!2025-09-17_15h56m.Subject T24



Start Date: 09/17/25
End Date: 09/17/25
Subject: T24
Experiment: OralFentSA
Group: One
Box: 7
Start Time: 15:56:35
End Time: 18:56:36
MSN: Golden_Liq_SelfAdmin_EXT_LIT
F:       0.000
G:     719.000
H:   10800.010
I:       0.000
J:       0.000
K:       0.000
L:       0.000
M:       0.000
N:       0.000
O:       0.000
P:       0.000
Q:       0.000
R:       0.000
S:       0.000
U:       0.000
V:       0.000
W:       0.000
X:       0.000
Y:       0.000
Z:       0.000
A:
     0:        0.000        0.000      180.000        4.000        0.000
     5:        5.000        0.000        5.000        0.000        0.000
    10:        1.000        0.000       10.000 300000000.00       21.000
    15:       23.000      640.000        0.000        0.000        0.000
    20:        0.000
B:
     0:        0.000        0.000        0.000        0.000        0.000
     5:        0.000        0.000        0.000        0.000        0.000
    10:        0.000        0.000     1000.000 30000000000.        0.000
    15:        0.000        0.000        0.000        0.000        0.000
    20:        0.000
C:
     0:        0.000        2.000        0.000        1.000      710.000
     5:     2169.970       16.750        1.000       16.750       16.750
    10:        1.000        0.000        0.000        0.000        0.000
    15:        0.000        0.000        0.000        0.000        0.000
    20:        0.000
D:
     0:       16.750
E:
     0:       19.000       11.000       26.000       27.000        6.000
     5:        6.000        6.000        6.000        6.000        6.000
    10:        6.000        6.000        6.000        6.000        6.000
    15:        6.000        6.000        6.000        6.000        6.000
    20:        6.000        6.000        6.000        6.000        6.000
    25:        6.000        6.000        6.000        6.000        6.000
    30:        6.000        6.000        6.000        6.000        6.000
    35:        6.000        6.000        6.000        6.000        6.000
    40:        6.000        6.000        6.000        6.000        6.000
    45:        6.000        6.000        6.000        6.000        6.000
    50:        6.000        6.000        6.000        6.000        6.000
    55:        6.000        6.000        6.000        6.000        6.000
    60:        6.000        6.000        6.000        6.000        6.000
    65:        6.000        6.000        6.000        6.000        6.000
    70:        6.000        6.000        6.000        6.000        6.000
    75:        6.000        6.000        6.000        6.000        6.000
    80:        6.000        6.000        6.000        6.000        6.000
    85:        6.000        6.000        6.000        6.000        6.000
    90:        6.000        6.000        6.000        6.000        6.000
    95:        6.000        6.000        6.000        6.000        6.000
   100:        6.000        6.000        6.000        6.000        6.000
   105:        6.000        6.000        6.000        6.000        6.000
   110:        6.000        6.000        6.000        6.000        6.000
   115:        6.000        6.000        6.000        6.000        6.000
   120:        6.000        6.000        6.000        6.000        6.000
   125:        6.000        6.000        6.000        6.000        6.000
   130:        6.000        6.000        6.000        6.000        6.000
   135:        6.000        6.000        6.000        6.000        6.000
   140:        6.000        6.000        6.000        6.000        6.000
   145:        6.000        6.000        6.000        6.000        6.000
   150:        6.000        6.000        6.000        6.000        6.000
   155:        6.000        6.000        6.000        6.000        6.000
   160:        6.000        6.000        6.000        6.000        6.000
   165:        6.000        6.000        6.000        6.000        6.000
   170:        6.000        6.000        6.000        6.000        6.000
   175:        6.000        6.000        6.000        6.000        6.000
   180:        6.000        6.000        6.000        6.000        6.000
   185:        6.000        6.000        6.000        6.000        6.000
   190:        6.000        6.000        2.000        4.000       22.000
   195:       24.000       19.000        6.000        6.000        6.000
   200:        6.000        6.000        6.000        6.000        6.000
   205:        6.000        6.000        6.000        6.000        6.000
   210:        6.000        6.000        6.000        6.000        6.000
   215:        6.000        6.000        6.000        6.000        6.000
   220:        6.000        6.000        6.000        6.000        6.000
   225:        6.000        6.000        6.000        6.000        6.000
   230:        6.000        6.000        6.000        6.000        6.000
   235:        6.000        6.000        6.000        6.000        6.000
   240:        6.000        6.000        6.000        6.000        6.000
   245:        6.000        6.000        6.000        6.000        6.000
   250:        6.000        6.000        6.000        6.000        6.000
   255:        6.000        6.000        6.000        6.000        6.000
   260:        6.000        6.000        6.000        6.000        6.000
   265:        6.000        6.000        6.000        6.000        6.000
   270:        6.000        6.000        6.000        6.000        6.000
   275:        6.000        6.000        6.000        6.000        6.000
   280:        6.000        6.000        6.000        6.000        6.000
   285:        6.000        6.000        6.000        6.000        6.000
   290:        6.000        6.000        6.000        6.000        6.000
   295:        6.000        6.000        6.000        6.000        6.000
   300:        6.000        6.000        6.000        6.000        6.000
   305:        6.000        6.000        6.000        6.000        6.000
   310:        6.000        6.000        6.000        6.000        6.000
   315:        6.000        6.000        6.000        6.000        6.000
   320:        6.000        6.000        6.000        6.000        6.000
   325:        6.000        6.000        6.000        6.000        6.000
   330:        6.000        6.000        6.000        6.000        6.000
   335:        6.000        6.000        6.000        6.000        6.000
   340:        6.000        6.000        6.000        6.000        6.000
   345:        6.000        6.000        6.000        6.000        6.000
   350:        6.000        6.000        6.000        6.000        6.000
   355:        6.000        6.000        6.000        6.000        6.000
   360:        6.000        6.000        6.000        6.000        6.000
   365:        6.000        6.000        6.000        6.000        6.000
   370:        6.000        6.000        6.000        6.000        6.000
   375:        6.000        6.000        6.000        6.000        6.000
   380:        6.000        6.000        6.000        6.000        6.000
   385:        6.000        6.000        6.000        6.000        6.000
   390:        6.000        6.000        6.000        6.000        6.000
   395:        6.000        6.000        6.000        6.000        6.000
   400:        6.000        6.000        6.000        6.000        6.000
   405:        6.000        6.000        6.000        6.000        6.000
   410:        6.000        6.000        6.000        6.000        6.000
   415:        6.000        6.000        6.000        6.000        6.000
   420:        6.000        6.000        6.000        6.000        6.000
   425:        6.000        6.000        6.000        6.000        6.000
   430:        6.000        6.000        6.000        6.000        6.000
   435:        6.000        6.000        6.000        6.000        6.000
   440:        6.000        6.000        6.000        6.000        6.000
   445:        6.000        6.000        6.000        6.000        6.000
   450:        6.000        6.000        6.000        6.000        6.000
   455:        6.000        6.000        6.000        6.000        6.000
   460:        6.000        6.000        6.000        6.000        6.000
   465:        6.000        6.000        6.000        6.000        6.000
   470:        6.000        6.000        6.000        6.000        6.000
   475:        6.000        6.000        6.000        6.000        6.000
   480:        6.000        6.000        6.000        6.000        6.000
   485:        6.000        6.000        6.000        6.000        6.000
   490:        6.000        6.000        6.000        6.000        6.000
   495:        6.000        6.000        6.000        6.000        6.000
   500:        6.000        6.000        6.000        6.000        6.000
   505:        6.000        6.000        6.000        6.000        6.000
   510:        6.000        6.000        6.000        6.000        6.000
   515:        6.000        6.000        6.000        6.000        6.000
   520:        6.000        6.000        6.000        6.000        6.000
   525:        6.000        6.000        6.000        6.000        6.000
   530:        6.000        6.000        6.000        6.000        6.000
   535:        6.000        6.000        6.000        6.000        6.000
   540:        6.000        6.000        6.000        6.000        6.000
   545:        6.000        6.000        6.000        6.000        6.000
   550:        6.000        6.000        6.000        6.000        6.000
   555:        6.000        6.000        6.000        6.000        6.000
   560:        6.000        6.000        6.000        6.000        6.000
   565:        6.000        6.000        6.000        6.000        6.000
   570:        6.000        6.000        6.000        6.000        6.000
   575:        6.000        6.000        6.000        6.000        6.000
   580:        6.000        6.000        6.000        6.000        6.000
   585:        6.000        6.000        6.000        6.000        6.000
   590:        6.000        6.000        6.000        6.000        6.000
   595:        6.000        6.000        6.000        6.000        6.000
   600:        6.000        6.000        6.000        6.000        6.000
   605:        6.000        6.000        6.000        6.000        6.000
   610:        6.000        6.000        6.000        6.000        6.000
   615:        6.000        6.000        6.000        6.000        6.000
   620:        6.000        6.000        6.000        6.000        6.000
   625:        6.000        6.000        6.000        6.000        6.000
   630:        6.000        6.000        6.000        6.000        6.000
   635:        6.000        6.000        6.000        6.000        6.000
   640:        6.000        6.000        6.000        6.000        6.000
   645:        6.000        6.000        6.000        6.000        6.000
   650:        6.000        6.000        6.000        6.000        6.000
   655:        6.000        6.000        6.000        6.000        6.000
   660:        6.000        6.000        6.000        6.000        6.000
   665:        6.000        6.000        6.000        6.000        6.000
   670:        6.000        6.000        6.000        6.000        6.000
   675:        6.000        6.000        6.000        6.000        6.000
   680:        6.000        6.000        6.000        6.000        6.000
   685:        6.000        6.000        6.000        6.000        6.000
   690:        6.000        6.000        6.000        6.000        6.000
   695:        6.000        6.000        6.000        6.000        6.000
   700:        6.000        6.000        6.000        6.000        6.000
   705:        6.000        6.000        6.000        6.000        6.000
   710:        6.000        6.000        6.000        6.000        6.000
   715:        6.000        6.000        6.000        6.000      100.000
T:
     0:        0.000        0.000        0.000        0.000       20.920
     5:       43.970       43.990       45.090       45.600       45.980
    10:       61.050       74.620      290.540      291.450      291.960
    15:      359.490      360.980      361.310      362.160      362.290
    20:      362.310      362.410      362.460      363.470      367.110
    25:      367.130      440.300      463.930      502.010      558.370
    30:      558.860      600.420      610.120      612.020      721.480
    35:      753.810      754.430      784.940      798.320      798.370
    40:      798.750      802.340      802.860      802.920      803.060
    45:      803.240      804.230      816.420      832.300      877.770
    50:      879.480      907.810      923.200      944.430      958.510
    55:      958.570      958.580      964.250      965.590      975.210
    60:     1000.650     1000.910     1002.400     1063.980     1064.060
    65:     1064.070     1064.210     1064.250     1065.670     1065.800
    70:     1091.990     1092.340     1093.360     1117.330     1117.630
    75:     1118.590     1129.450     1143.700     1143.850     1144.130
    80:     1144.170     1144.230     1146.490     1148.610     1197.630
    85:     1198.390     1198.410     1198.710     1213.010     1215.230
    90:     1216.040     1216.730     1217.220     1218.400     1218.410
    95:     1219.280     1219.360     1219.690     1220.960     1221.350
   100:     1370.760     1373.190     1373.240     1373.330     1373.560
   105:     1373.660     1373.890     1374.060     1374.690     1414.180
   110:     1414.330     1423.670     1467.850     1469.560     1470.300
   115:     1470.830     1471.440     1471.720     1492.870     1492.950
   120:     1493.060     1493.080     1494.100     1495.040     1495.920
   125:     1496.900     1496.970     1497.190     1497.860     1499.460
   130:     1500.240     1500.860     1501.540     1515.620     1516.500
   135:     1561.860     1569.270     1570.430     1571.970     1573.650
   140:     1574.000     1577.040     1577.330     1577.730     1577.750
   145:     1577.930     1578.330     1579.430     1752.700     1754.230
   150:     1755.290     1755.490     1755.890     1756.150     1772.340
   155:     1774.690     1775.660     1783.730     1798.060     1799.150
   160:     1836.970     1840.580     1840.600     1844.340     1849.270
   165:     1856.540     1878.900     1891.940     1892.000     1892.030
   170:     1895.370     1897.260     1897.300     1897.360     1897.690
   175:     1897.710     1982.950     1983.870     1984.500     1995.690
   180:     2054.160     2054.230     2054.300     2080.540     2080.570
   185:     2080.950     2083.950     2084.050     2084.080     2099.880
   190:     2166.070     2166.200     2169.960     2169.960     2169.960
   195:     2169.970     2179.960     2186.720     2241.670     2242.100
   200:     2242.650     2242.960     2244.490     2261.630     2328.160
   205:     2328.810     2329.130     2329.350     2331.740     2383.090
   210:     2383.750     2385.370     2418.130     2420.060     2420.140
   215:     2420.320     2420.460     2420.770     2420.930     2423.330
   220:     2423.450     2423.580     2423.640     2426.100     2434.260
   225:     2435.160     2455.940     2534.180     2534.250     2534.330
   230:     2534.360     2534.500     2534.830     2535.430     2535.960
   235:     2536.010     2536.050     2536.120     2537.600     2540.610
   240:     2541.040     2541.200     2541.240     2541.290     2541.350
   245:     2541.410     2541.780     2543.730     2545.340     2545.400
   250:     2546.330     2546.390     2547.380     2550.020     2550.200
   255:     2550.230     2550.290     2550.380     2550.850     2551.110
   260:     2551.200     2551.450     2551.770     2555.430     2555.520
   265:     2560.690     2566.600     2566.640     2566.700     2566.910
   270:     2573.610     2574.340     2576.960     2607.710     2607.730
   275:     2635.500     2656.440     2656.490     2656.550     2660.670
   280:     2660.770     2660.850     2660.890     2693.610     2693.700
   285:     2693.780     2694.030     2694.090     2694.280     2696.380
   290:     2696.420     2696.810     2713.710     2713.900     2714.340
   295:     2725.040     2725.370     2727.310     2727.320     2727.550
   300:     2727.580     2727.700     2728.130     2728.220     2728.960
   305:     2729.810     2742.360     2744.990     2750.740     2768.070
   310:     2768.110     2768.140     2768.420     3022.620     3023.130
   315:     3024.640     3025.300     3026.040     3026.400     3026.460
   320:     3026.560     3026.610     3026.640     3026.900     3026.950
   325:     3027.260     3028.780     3029.170     3029.600     3029.670
   330:     3029.720     3029.780     3029.830     3030.370     3030.440
   335:     3030.590     3030.640     3030.880     3054.180     3054.640
   340:     3054.670     3054.710     3054.730     3057.750     3060.690
   345:     3061.530     3061.590     3063.850     3084.000     3084.080
   350:     3107.820     3127.560     3128.180     3134.410     3138.830
   355:     3138.880     3159.220     3159.970     3160.480     3195.000
   360:     3216.050     3216.340     3216.480     3320.100     3468.620
   365:     3468.810     3468.930     3471.370     3473.010     3473.030
   370:     3473.220     3473.310     3473.930     3488.130     3493.290
   375:     3494.050     3509.620     3509.820     3512.350     3561.920
   380:     3595.480     3597.300     3598.380     3598.420     3598.570
   385:     3601.120     3604.170     3604.210     3604.280     3605.020
   390:     3669.770     3697.850     3735.160     3755.450     3755.510
   395:     3758.140     3759.930     3760.750     3761.350     3762.890
   400:     3790.570     3888.730     3888.750     3888.790     3927.470
   405:     3930.230     3945.760     3949.490     3949.590     3950.830
   410:     3951.710     3955.200     3955.320     3956.200     3956.310
   415:     3958.610     3963.350     3963.370     3977.240     4033.800
   420:     4033.930     4079.320     4079.400     4079.820     4086.210
   425:     4086.270     4086.320     4086.340     4086.360     4086.520
   430:     4086.770     4088.300     4088.430     4088.530     4089.030
   435:     4093.230     4093.780     4094.260     4156.660     4157.250
   440:     4157.310     4195.240     4409.600     4409.660     4409.670
   445:     4498.020     4498.090     4532.550     4591.980     4592.030
   450:     4592.050     4595.990     4596.880     4598.280     4677.470
   455:     4684.560     4685.350     4690.250     4691.160     4902.920
   460:     4903.030     4903.550     4904.190     4911.920     4984.710
   465:     4984.880     4985.430     4990.740     4994.530     5253.400
   470:     5282.220     5400.950     5466.510     5466.540     5556.610
   475:     5584.630     5615.300     5622.110     5622.140     5628.840
   480:     5633.460     5709.240     5719.070     5741.200     5741.300
   485:     5741.320     5741.420     5741.440     5742.390     5742.410
   490:     5742.510     5742.770     5742.880     5742.960     5742.980
   495:     5743.400     5743.560     5743.730     5763.150     5777.260
   500:     5781.380     5936.330     5936.600     5937.030     5944.410
   505:     5945.690     5946.330     6017.240     6060.300     6060.330
   510:     6060.390     6060.450     6062.940     6102.030     6111.560
   515:     6133.890     6141.750     6143.090     6143.130     6143.210
   520:     6149.930     6151.620     6151.810     6152.540     6152.720
   525:     6157.330     6176.010     6186.620     6186.860     6189.920
   530:     6190.650     6245.290     6245.330     6277.200     6277.600
   535:     6319.660     6357.120     6358.210     6358.650     6358.750
   540:     6358.880     6359.140     6360.770     6361.410     6362.010
   545:     6362.380     6399.280     6416.950     6814.060     6817.430
   550:     6846.980     6928.170     6928.240     6928.620     6928.660
   555:     6928.840     6928.930     7066.090     7240.250     7343.890
   560:     7366.120     7366.200     7366.240     7389.150     7812.590
   565:     7812.600     7814.270     7814.310     7814.400     7815.120
   570:     8016.060     8031.860     8031.880     8031.940     8144.660
   575:     8171.680     8205.950     8312.860     8318.500     8319.240
   580:     8346.640     8375.540     8375.610     8375.720     8379.380
   585:     8379.390     8379.780     8379.790     8383.100     8383.140
   590:     8383.250     8383.290     8386.100     9071.260     9156.490
   595:     9201.170     9253.890     9265.110     9265.150     9289.160
   600:     9350.730     9350.790     9352.170     9352.280     9352.400
   605:     9352.420     9352.560     9352.640     9352.670     9356.140
   610:     9393.640     9399.160     9403.590     9403.610     9405.420
   615:     9481.820     9482.130     9482.170     9509.760     9569.570
   620:     9569.610     9574.900     9576.950     9580.910     9581.100
   625:     9581.680     9596.480     9621.830     9626.570     9633.330
   630:     9633.420     9633.580     9648.120     9673.440     9674.810
   635:     9674.990     9675.050     9680.140     9680.170     9680.200
   640:     9693.990     9749.610     9776.910     9804.400     9804.550
   645:     9804.590     9804.700     9805.120     9805.410     9808.100
   650:     9812.230     9813.490     9813.680     9915.200     9929.430
   655:     9938.740     9938.920     9938.970     9939.060     9939.150
   660:     9948.440     9948.490    10004.130    10019.820    10019.860
   665:    10019.960    10022.180    10027.980    10041.720    10041.790
   670:    10055.960    10075.560    10075.860    10076.230    10099.970
   675:    10114.230    10114.300    10125.460    10126.310    10127.590
   680:    10127.720    10133.680    10179.850    10179.970    10180.020
   685:    10180.050    10180.190    10221.470    10231.240    10238.770
   690:    10245.840    10246.040    10246.850    10333.580    10333.640
   695:    10333.760    10334.090    10335.280    10335.380    10335.420
   700:    10347.240    10347.970    10348.060    10348.200    10348.390
   705:    10437.290    10513.270    10513.950    10563.250    10567.560
   710:    10615.870    10655.550    10655.590    10655.630    10656.400
   715:    10710.240    10711.150    10734.590    10734.640    10800.010
