File: C:\MED-PC IV\DATA\!2025-09-15_10h00m.Subject T15



Start Date: 09/15/25
End Date: 09/15/25
Subject: T15
Experiment: OralFentSA
Group: One
Box: 8
Start Time: 10:00:07
End Time: 13:00:38
MSN: Golden_Liq_SelfAdmin_EXT_LIT
F:       0.000
G:     684.000
H:   10800.010
I:       0.000
J:       0.000
K:       0.000
L:       0.000
M:       0.000
N:       0.000
O:       0.000
P:       0.000
Q:       0.000
R:       0.000
S:       0.000
U:       0.000
V:       0.000
W:       0.000
X:       0.000
Y:       0.000
Z:       0.000
A:
     0:        0.000        0.000      180.000        4.000        0.000
     5:        5.000        0.000        5.000        0.000        0.000
    10:        1.000        0.000       10.000 100000000.00       23.000
    15:       20.000      640.000        0.000        0.000        0.000
    20:        0.000
B:
     0:        0.000        0.000        0.000        0.000        0.000
     5:        0.000        0.000        0.000        0.000        0.000
    10:        0.000        0.000     1000.000 10000000000.        0.000
    15:        0.000        0.000        0.000        0.000        0.000
    20:        0.000
C:
     0:        0.000       72.000        0.000      106.000      204.000
     5:    10775.300       20.540       37.000     2597.270       70.196
    10:      106.000       51.000        0.000        0.000        0.000
    15:        0.000        0.000        0.000        0.000        0.000
    20:        0.000
D:
     0:        7.230       43.730       10.980        8.370      116.900
     5:        7.080       79.430       26.440       72.590        2.760
    10:       82.310      109.980       36.970       28.650      150.680
    15:       72.210       20.760       45.730       59.520      513.620
    20:        3.510       55.110       46.860       13.030      136.250
    25:       21.220      175.070       89.380       36.270      103.770
    30:       81.610       34.690       24.800       91.560      131.940
    35:       35.720       20.540
E:
     0:       19.000       11.000       26.000       27.000       23.000
     5:        2.000        4.000       22.000       24.000       19.000
    10:        2.000        4.000       22.000       24.000        6.000
    15:        6.000        6.000        6.000        6.000       19.000
    20:        6.000        6.000        6.000        2.000        4.000
    25:       22.000       24.000       19.000        2.000        4.000
    30:       22.000       24.000       19.000       23.000       23.000
    35:        6.000        6.000        6.000        6.000        2.000
    40:        4.000       22.000       24.000       21.000       22.000
    45:       21.000       22.000       19.000       23.000        2.000
    50:        4.000       22.000       24.000       21.000       22.000
    55:       19.000        2.000        4.000       22.000       24.000
    60:       19.000        2.000        4.000       22.000       24.000
    65:       21.000       22.000       21.000       22.000       21.000
    70:       22.000       21.000       22.000       19.000        6.000
    75:       23.000        2.000        4.000       22.000       24.000
    80:       21.000       22.000       21.000       22.000       19.000
    85:        2.000        4.000       22.000       24.000       21.000
    90:       22.000        6.000        6.000        6.000        6.000
    95:        6.000       19.000        6.000        6.000        6.000
   100:        6.000        6.000        6.000        6.000        6.000
   105:        6.000        6.000        6.000        2.000        4.000
   110:       22.000       24.000       23.000       19.000        2.000
   115:        4.000       22.000       24.000       21.000       22.000
   120:       19.000        6.000        6.000        6.000        6.000
   125:        6.000        6.000        6.000       23.000       23.000
   130:        2.000        4.000       22.000       24.000       21.000
   135:       22.000        6.000        6.000       19.000        6.000
   140:       23.000       23.000        2.000        4.000       22.000
   145:       24.000       19.000        6.000        6.000        6.000
   150:        6.000        6.000        6.000        6.000        6.000
   155:        6.000        6.000        6.000        6.000        6.000
   160:        6.000        6.000        6.000        6.000        6.000
   165:        6.000        6.000        6.000        6.000        6.000
   170:        6.000        6.000        6.000        6.000        6.000
   175:        6.000        6.000        6.000        6.000        6.000
   180:        2.000        4.000       22.000       24.000       19.000
   185:        6.000        2.000        4.000       22.000       24.000
   190:       21.000       22.000       19.000        2.000        4.000
   195:       22.000       24.000       21.000       22.000       19.000
   200:        2.000        4.000       22.000       24.000       19.000
   205:        6.000        6.000        6.000        6.000        6.000
   210:        2.000        4.000       22.000       24.000        6.000
   215:       19.000        2.000        4.000       22.000       24.000
   220:       19.000        6.000        6.000        6.000        6.000
   225:        6.000       23.000       23.000       23.000       23.000
   230:        6.000        2.000        4.000       22.000       24.000
   235:       19.000       23.000        2.000        4.000       22.000
   240:       24.000       19.000        2.000        4.000       22.000
   245:       24.000       19.000       23.000       23.000       23.000
   250:       23.000       23.000       23.000       23.000       23.000
   255:       23.000        6.000        6.000        6.000       23.000
   260:       23.000        2.000        4.000       22.000       24.000
   265:       19.000        6.000        6.000        6.000        6.000
   270:        6.000        2.000        4.000       22.000       24.000
   275:       21.000       22.000       19.000        6.000        6.000
   280:        6.000        6.000        6.000        6.000        6.000
   285:        6.000        6.000        6.000        6.000        6.000
   290:        6.000        6.000        6.000        6.000        6.000
   295:        6.000        6.000        6.000        6.000        6.000
   300:        6.000        6.000        6.000        6.000        6.000
   305:        6.000        6.000        6.000        6.000        6.000
   310:        6.000        6.000        6.000        6.000        6.000
   315:        6.000        2.000        4.000       22.000       24.000
   320:       21.000       22.000       19.000        6.000       23.000
   325:        2.000        4.000       22.000       24.000       19.000
   330:       23.000       23.000        6.000        6.000        6.000
   335:        6.000        2.000        4.000       22.000       24.000
   340:       21.000       22.000       21.000       22.000       19.000
   345:        6.000        6.000        2.000        4.000       22.000
   350:       24.000       19.000        6.000       23.000        2.000
   355:        4.000       22.000       24.000       21.000       22.000
   360:       21.000       22.000       21.000       22.000       19.000
   365:        2.000        4.000       22.000       24.000       21.000
   370:       22.000       21.000       22.000       19.000        2.000
   375:        4.000       22.000       24.000       21.000       22.000
   380:       19.000        2.000        4.000       22.000       24.000
   385:       21.000       22.000       19.000        6.000       23.000
   390:       23.000       23.000       23.000       23.000       23.000
   395:       23.000       23.000       23.000       23.000        6.000
   400:       23.000        6.000        2.000        4.000       22.000
   405:       24.000       19.000        6.000        2.000        4.000
   410:       22.000       24.000       21.000       22.000       21.000
   415:       22.000       21.000       22.000       19.000        2.000
   420:        4.000       22.000       24.000       19.000        2.000
   425:        4.000       22.000       24.000       19.000       23.000
   430:        2.000        4.000       22.000       24.000        6.000
   435:        6.000       19.000        2.000        4.000       22.000
   440:       24.000       19.000        2.000        4.000       22.000
   445:       24.000       19.000        2.000        4.000       22.000
   450:       24.000       19.000        2.000        4.000       22.000
   455:       24.000       19.000        6.000        2.000        4.000
   460:       22.000       24.000       21.000       22.000       21.000
   465:       22.000       19.000       23.000        2.000        4.000
   470:       22.000       24.000       19.000        2.000        4.000
   475:       22.000       24.000       19.000        6.000        6.000
   480:        6.000        6.000        6.000        6.000        6.000
   485:        6.000        6.000        6.000        6.000        6.000
   490:        6.000        6.000        6.000        6.000       23.000
   495:        6.000        2.000        4.000       22.000       24.000
   500:       19.000        2.000        4.000       22.000       24.000
   505:       19.000        6.000        2.000        4.000       22.000
   510:       24.000       19.000        2.000        4.000       22.000
   515:       24.000       19.000       23.000        6.000        6.000
   520:        6.000        6.000       23.000        2.000        4.000
   525:       22.000       24.000       19.000        2.000        4.000
   530:       22.000       24.000       19.000        6.000        6.000
   535:        2.000        4.000       22.000       24.000       19.000
   540:       23.000       23.000       23.000        2.000        4.000
   545:       22.000       24.000       21.000       22.000       19.000
   550:       23.000        6.000        6.000        6.000        6.000
   555:        2.000        4.000       22.000       24.000       19.000
   560:        2.000        4.000       22.000       24.000       19.000
   565:        2.000        4.000       22.000       24.000       19.000
   570:        6.000        6.000        6.000        2.000        4.000
   575:       22.000       24.000       19.000        6.000        6.000
   580:        6.000        6.000        2.000        4.000       22.000
   585:       24.000       21.000       22.000       19.000        2.000
   590:        4.000       22.000       24.000       19.000       23.000
   595:        6.000        6.000        6.000        2.000        4.000
   600:       22.000       24.000       19.000        6.000        2.000
   605:        4.000       22.000       24.000       19.000        2.000
   610:        4.000       22.000       24.000       19.000        6.000
   615:        2.000        4.000       22.000       24.000       19.000
   620:        2.000        4.000       22.000       24.000       19.000
   625:        6.000        6.000        2.000        4.000       22.000
   630:       24.000       19.000        6.000        2.000        4.000
   635:       22.000       24.000       19.000        2.000        4.000
   640:       22.000       24.000       19.000        6.000        6.000
   645:        6.000        2.000        4.000       22.000       24.000
   650:       21.000       22.000       19.000        6.000        6.000
   655:        6.000        6.000        6.000        6.000        2.000
   660:        4.000       22.000       24.000       21.000       22.000
   665:       19.000        6.000        6.000        6.000        6.000
   670:        6.000        6.000        2.000        4.000       22.000
   675:       24.000       21.000       22.000       19.000        2.000
   680:        4.000       22.000       24.000       19.000      100.000
T:
     0:        0.000        0.000        0.000        0.000       26.510
     5:       39.060       39.060       39.060       39.070       49.060
    10:       75.060       75.060       75.060       75.070       82.300
    15:       83.210       83.490       83.660       83.930       85.060
    20:       85.250       86.880      170.810      238.220      238.220
    25:      238.220      238.230      248.220      257.210      257.210
    30:      257.210      257.220      267.210      280.960      282.200
    35:      300.950      301.140      301.310      301.580      311.600
    40:      311.600      311.600      311.610      316.710      316.710
    45:      318.440      318.440      321.600      367.070      373.230
    50:      373.230      373.230      373.240      382.670      382.670
    55:      383.230      384.820      384.820      384.820      384.830
    60:      394.820      426.400      426.400      426.400      426.410
    65:      427.340      427.340      427.800      427.800      430.800
    70:      430.800      434.480      434.480      436.400      437.390
    75:      484.090      491.670      491.670      491.670      491.680
    80:      492.210      492.210      493.170      493.170      501.670
    85:      549.980      549.980      549.980      549.990      551.740
    90:      551.740      558.360      558.720      559.140      559.600
    95:      559.660      559.980      560.170      562.720      601.820
   100:      604.940      605.110      633.830      634.260      634.390
   105:      636.310      638.680      638.790      673.570      673.570
   110:      673.570      673.580      680.770      683.570      753.030
   115:      753.030      753.030      753.040      753.630      753.630
   120:      763.030      869.940      877.480      877.920      878.480
   125:      904.530      904.640      905.920      916.030      930.580
   130:      950.700      950.700      950.700      950.710      951.630
   135:      951.630      957.790      957.910      960.700     1033.440
   140:     1094.680     1099.070     1110.860     1110.860     1110.860
   145:     1110.870     1120.860     1190.300     1190.950     1191.050
   150:     1195.220     1196.350     1196.810     1196.930     1200.560
   155:     1201.810     1202.330     1202.460     1202.690     1202.840
   160:     1203.440     1204.290     1204.910     1206.590     1213.360
   165:     1215.670     1216.770     1221.740     1225.320     1225.430
   170:     1235.920     1238.560     1239.710     1240.410     1240.620
   175:     1241.000     1241.130     1243.610     1244.970     1245.060
   180:     1286.960     1286.960     1286.960     1286.970     1296.960
   185:     1313.410     1334.310     1334.310     1334.310     1334.320
   190:     1336.480     1336.480     1344.310     1371.770     1371.770
   195:     1371.770     1371.780     1381.680     1381.680     1381.770
   200:     1384.600     1384.600     1384.600     1384.610     1394.600
   205:     1457.200     1458.970     1459.220     1459.380     1459.450
   210:     1547.750     1547.750     1547.750     1547.760     1550.520
   215:     1557.750     1627.680     1627.680     1627.680     1627.690
   220:     1637.680     1710.000     1710.980     1923.510     1924.040
   225:     1924.320     1945.290     1961.110     1962.830     1969.270
   230:     2008.400     2060.970     2060.970     2060.970     2060.980
   235:     2070.970     2129.010     2147.670     2147.670     2147.670
   240:     2147.680     2157.670     2158.670     2158.670     2158.670
   245:     2158.680     2168.670     2191.790     2204.880     2206.150
   250:     2207.060     2211.230     2227.100     2236.010     2241.370
   255:     2248.070     2268.660     2275.670     2277.430     2282.390
   260:     2286.130     2358.890     2358.890     2358.890     2358.900
   265:     2368.890     2395.870     2397.340     2397.880     2427.620
   270:     2430.250     2663.600     2663.600     2663.600     2663.610
   275:     2664.810     2664.810     2673.600     2692.260     2692.730
   280:     2693.180     2695.210     2696.300     2699.060     2702.560
   285:     2703.650     2704.870     2707.910     2708.220     2771.430
   290:     2772.920     2774.650     2775.220     2778.300     2778.390
   295:     2781.960     2785.570     2787.650     2787.920     2788.580
   300:     2789.090     2789.300     2789.600     2790.030     2790.590
   305:     2791.780     2791.910     2798.020     2798.410     2804.160
   310:     3010.960     3011.240     3022.440     3022.510     3022.570
   315:     3024.770     3035.640     3035.640     3035.640     3035.650
   320:     3040.590     3040.590     3045.640     3186.330     3197.260
   325:     3210.860     3210.860     3210.860     3210.870     3220.860
   330:     3237.270     3238.200     3283.080     3284.230     3284.500
   335:     3284.560     3307.680     3307.680     3307.680     3307.690
   340:     3311.510     3311.510     3317.230     3317.230     3317.680
   345:     3328.450     3330.590     3333.810     3333.810     3333.810
   350:     3333.820     3343.810     3379.550     3695.420     3703.920
   355:     3703.920     3703.920     3703.930     3706.560     3706.560
   360:     3708.930     3708.930     3712.160     3712.160     3713.920
   365:     3717.600     3717.600     3717.600     3717.610     3726.860
   370:     3726.860     3726.990     3726.990     3727.600     3731.210
   375:     3731.210     3731.210     3731.220     3740.310     3740.310
   380:     3741.210     3748.650     3748.650     3748.650     3748.660
   385:     3752.060     3752.060     3758.650     3808.180     3817.380
   390:     3871.030     3880.510     3883.910     3889.670     3896.560
   395:     3898.890     3908.890     3911.240     3915.020     3999.750
   400:     4023.570     4340.210     4408.360     4408.360     4408.360
   405:     4408.370     4418.360     4921.990     5244.510     5244.510
   410:     5244.510     5244.520     5244.980     5244.980     5247.140
   415:     5247.140     5247.200     5247.200     5254.510     5912.870
   420:     5912.870     5912.870     5912.880     5922.870     6409.110
   425:     6409.110     6409.110     6409.120     6419.110     6446.120
   430:     6517.620     6517.620     6517.620     6517.630     6521.140
   435:     6521.770     6527.620     6616.730     6616.730     6616.730
   440:     6616.740     6626.730     6678.940     6678.940     6678.940
   445:     6678.950     6688.940     6691.660     6691.660     6691.660
   450:     6691.670     6701.660     6839.730     6839.730     6839.730
   455:     6839.740     6849.730     6894.850     6998.710     6998.710
   460:     6998.710     6998.720     7002.270     7002.270     7007.250
   465:     7007.250     7008.710     7058.700     7095.260     7095.260
   470:     7095.260     7095.270     7105.260     7129.290     7129.290
   475:     7129.290     7129.300     7139.290     7176.160     7176.750
   480:     7176.880     7182.550     7183.360     7183.860     7184.200
   485:     7184.500     7184.600     7184.710     7184.790     7185.570
   490:     7185.680     7190.190     7190.260     7190.930     7445.070
   495:     7539.210     7545.730     7545.730     7545.730     7545.740
   500:     7555.730     7679.330     7679.330     7679.330     7679.340
   505:     7689.330     7692.370     7745.600     7745.600     7745.600
   510:     7745.610     7755.600     7840.760     7840.760     7840.760
   515:     7840.770     7850.760     7936.760     7977.020     7977.460
   520:     7977.680     7977.790     8027.190     8034.810     8034.810
   525:     8034.810     8034.820     8044.810     8283.490     8283.490
   530:     8283.490     8283.500     8293.490     8304.720     8305.770
   535:     8313.340     8313.340     8313.340     8313.350     8323.340
   540:     8390.050     8395.060     8396.580     8413.790     8413.790
   545:     8413.790     8413.800     8414.270     8414.270     8423.790
   550:     8460.310     8588.870     8589.190     8743.530     8743.800
   555:     8770.490     8770.490     8770.490     8770.500     8780.490
   560:     8790.360     8790.360     8790.360     8790.370     8800.360
   565:     8857.090     8857.090     8857.090     8857.100     8867.090
   570:     8946.480     8946.620     8947.660     8996.710     8996.710
   575:     8996.710     8996.720     9006.710     9032.990     9033.070
   580:     9033.240     9033.310     9261.050     9261.050     9261.050
   585:     9261.060     9266.960     9266.960     9271.050     9273.280
   590:     9273.280     9273.280     9273.290     9283.280     9353.650
   595:     9377.060     9377.870     9391.190     9416.970     9416.970
   600:     9416.970     9416.980     9426.970     9498.590     9575.100
   605:     9575.100     9575.100     9575.110     9585.100     9612.890
   610:     9612.890     9612.890     9612.900     9622.890     9647.590
   615:     9686.390     9686.390     9686.390     9686.400     9696.390
   620:     9709.760     9709.760     9709.760     9709.770     9719.760
   625:     9734.570     9754.340     9921.270     9921.270     9921.270
   630:     9921.280     9931.270    10012.840    10023.540    10023.540
   635:    10023.540    10023.550    10033.540    10034.570    10034.570
   640:    10034.570    10034.580    10044.570    10166.520    10223.060
   645:    10260.620    10263.800    10263.800    10263.800    10263.810
   650:    10265.230    10265.230    10273.800    10299.530    10310.390
   655:    10310.450    10310.480    10311.180    10311.800    10631.360
   660:    10631.360    10631.360    10631.370    10633.100    10633.100
   665:    10641.360    10651.910    10652.420    10675.750    10686.600
   670:    10686.660    10687.420    10688.660    10688.660    10688.660
   675:    10688.670    10688.950    10688.950    10698.660    10775.290
   680:    10775.290    10775.290    10775.300    10785.290    10800.010
