File: C:\MED-PC IV\DATA\!2025-09-22_12h12m.Subject T13



Start Date: 09/22/25
End Date: 09/22/25
Subject: T13
Experiment: OralFentSA
Group: One
Box: 1
Start Time: 12:12:48
End Time: 13:14:55
MSN: Golden_Liq_SelfAdmin_REI_LIT
F:       0.000
G:     300.000
H:    3600.000
I:       0.000
J:       0.000
K:       0.000
L:       0.000
M:       0.000
N:       0.000
O:       0.000
P:       0.000
Q:       0.000
R:       0.000
S:       0.000
U:       0.000
V:       0.000
W:       0.000
X:       0.000
Y:       0.000
Z:       0.000
A:
     0:        0.000        0.000       60.000        4.000        0.000
     5:        5.000        0.000        5.000        0.000        0.000
    10:        1.000        0.000       10.000 100000000.00       22.000
    15:       26.000      640.000        0.000        0.000        0.000
    20:        0.000
B:
     0:        0.000        0.000        0.000      400.000        0.000
     5:      500.000        0.000      500.000        0.000        0.000
    10:        0.000        0.000     1000.000 10000000000.        0.000
    15:        0.000        0.000        0.000        0.000        0.000
    20:        0.000
C:
     0:        9.000       10.000        0.000       10.000      169.000
     5:     2554.640        3.990        8.000       56.710        7.089
    10:       10.000        4.000        0.000        0.000        0.000
    15:        0.000        0.000        0.000        0.000        0.000
    20:        0.000
D:
     0:        4.910        3.200       35.500        0.980        3.710
     5:        1.720        2.700        3.990
E:
     0:       19.000       11.000       26.000       27.000       13.000
     5:        8.000       14.000       10.000        6.000        6.000
    10:        6.000        6.000        6.000        2.000        4.000
    15:       22.000       24.000       13.000        8.000        5.000
    20:       17.000       18.000        6.000       14.000       10.000
    25:        6.000        6.000       19.000       11.000        6.000
    30:        6.000        6.000        6.000        6.000        6.000
    35:        6.000        6.000        6.000        6.000        6.000
    40:        6.000        6.000        6.000        2.000        4.000
    45:       22.000       24.000       13.000        8.000        5.000
    50:       17.000        6.000       18.000        6.000       14.000
    55:       10.000       19.000       11.000        6.000        6.000
    60:        6.000        6.000        6.000        6.000        6.000
    65:        6.000        6.000        6.000        6.000        6.000
    70:        6.000        6.000        6.000        6.000        6.000
    75:        6.000        6.000        6.000        6.000        6.000
    80:        6.000        6.000        6.000        6.000        2.000
    85:        4.000       22.000       24.000       13.000        8.000
    90:        5.000       17.000       21.000       22.000       18.000
    95:       14.000       10.000       19.000       11.000        6.000
   100:        6.000        6.000       23.000       23.000       23.000
   105:        6.000        6.000        6.000        6.000        2.000
   110:        4.000       22.000       24.000       13.000        8.000
   115:        5.000       17.000        6.000       18.000       14.000
   120:       10.000       19.000       11.000        6.000        6.000
   125:        6.000        6.000        6.000        6.000        6.000
   130:        6.000        6.000        6.000        6.000        6.000
   135:        6.000        6.000        6.000        6.000        6.000
   140:        6.000        6.000        6.000        6.000        6.000
   145:        6.000        6.000        6.000        6.000        6.000
   150:        6.000        6.000        6.000        6.000        6.000
   155:        2.000        4.000       22.000       24.000       13.000
   160:        8.000        5.000       17.000       18.000       14.000
   165:       10.000       19.000       11.000        2.000        4.000
   170:       22.000       24.000       13.000        8.000        5.000
   175:       17.000        6.000       18.000       14.000       10.000
   180:       19.000       11.000        6.000       23.000        6.000
   185:        2.000        4.000       22.000       24.000       13.000
   190:        8.000        5.000       17.000        6.000        6.000
   195:       18.000        6.000       14.000       10.000       19.000
   200:       11.000        6.000        6.000        2.000        4.000
   205:       22.000       24.000       13.000        8.000        5.000
   210:       17.000        6.000       18.000       14.000       10.000
   215:       19.000       11.000        6.000        6.000        6.000
   220:        6.000        6.000        6.000        6.000        6.000
   225:        6.000        6.000        6.000        6.000        6.000
   230:        6.000        6.000        6.000        6.000        6.000
   235:        6.000        6.000        6.000        6.000        6.000
   240:        6.000        6.000        6.000        6.000        6.000
   245:        6.000        6.000        6.000        6.000        6.000
   250:        6.000        6.000        6.000        2.000        4.000
   255:       22.000       24.000       13.000        8.000        5.000
   260:       17.000        6.000       18.000       14.000       10.000
   265:       19.000       11.000        6.000        6.000        6.000
   270:        6.000        6.000        6.000        6.000        6.000
   275:        6.000        6.000        6.000        6.000        6.000
   280:        6.000        6.000        6.000        6.000        6.000
   285:        6.000        6.000        6.000        6.000        6.000
   290:        6.000        6.000        6.000        6.000        6.000
   295:        6.000        6.000        6.000        6.000        6.000
   300:      100.000
T:
     0:        0.000        0.000        0.000        0.000        0.000
     5:        0.000        5.000        5.000       37.000       71.550
    10:      113.920      114.230      114.790      150.530      150.530
    15:      150.530      150.540      150.540      150.540      150.540
    20:      150.540      154.540      155.450      155.540      155.540
    25:      156.380      158.870      160.530      160.540      258.720
    30:      258.930      258.990      293.670      294.050      294.600
    35:      294.620      295.220      295.250      297.320      306.820
    40:      344.080      365.470      365.930      371.390      371.390
    45:      371.390      371.400      371.400      371.400      371.400
    50:      371.400      374.600      375.400      375.640      376.400
    55:      376.400      381.390      381.400      381.920      548.480
    60:      587.450      606.970      612.810      622.640      623.000
    65:      624.020      624.250      624.980      633.850      641.580
    70:      643.800      647.980      648.910      649.680      652.400
    75:      652.670      659.640      660.430      660.690      663.710
    80:      672.690      675.300      679.310      699.720      725.990
    85:      725.990      725.990      726.000      726.000      726.000
    90:      726.000      726.000      727.880      727.880      730.000
    95:      731.000      731.000      735.990      736.000      761.500
   100:      761.790      791.130      825.200      826.780      837.320
   105:      852.860      853.590      857.700      858.560      967.760
   110:      967.760      967.760      967.770      967.770      967.770
   115:      967.770      967.770      968.750      971.770      972.770
   120:      972.770      977.760      977.770      992.830      998.850
   125:     1003.580     1048.640     1049.960     1050.040     1050.130
   130:     1050.240     1051.930     1297.410     1297.570     1304.790
   135:     1307.570     1307.680     1309.430     1314.340     1317.530
   140:     1325.630     1327.170     1327.350     1334.330     1335.440
   145:     1337.720     1338.850     1338.910     1341.690     1342.740
   150:     1362.540     1647.940     1648.410     1655.960     1667.960
   155:     1670.480     1670.480     1670.480     1670.490     1670.490
   160:     1670.490     1670.490     1670.490     1674.490     1675.490
   165:     1675.490     1680.480     1680.490     1681.640     1681.640
   170:     1681.640     1681.650     1681.650     1681.650     1681.650
   175:     1681.650     1685.360     1685.650     1686.650     1686.650
   180:     1691.640     1691.650     1693.830     1729.300     1736.150
   185:     1740.100     1740.100     1740.100     1740.110     1740.110
   190:     1740.110     1740.110     1740.110     1741.830     1743.650
   195:     1744.110     1745.020     1745.110     1745.110     1750.100
   200:     1750.110     1843.410     1914.410     1934.780     1934.780
   205:     1934.780     1934.790     1934.790     1934.790     1934.790
   210:     1934.790     1937.490     1938.790     1939.790     1939.790
   215:     1944.780     1944.790     1956.480     1990.940     2003.710
   220:     2004.160     2004.260     2008.030     2008.330     2009.060
   225:     2022.070     2047.700     2088.320     2089.680     2091.250
   230:     2091.260     2091.490     2091.690     2160.180     2160.290
   235:     2177.120     2182.660     2182.860     2207.010     2207.110
   240:     2207.540     2212.170     2216.360     2218.530     2221.920
   245:     2237.200     2237.880     2266.700     2267.530     2267.730
   250:     2494.850     2497.840     2548.730     2554.630     2554.630
   255:     2554.630     2554.640     2554.640     2554.640     2554.640
   260:     2554.640     2558.630     2558.640     2559.640     2559.640
   265:     2564.630     2564.640     2633.190     2670.490     2685.220
   270:     2852.220     2875.140     2877.760     2877.840     2877.880
   275:     2878.190     2878.280     2878.630     2878.840     2879.080
   280:     2879.300     2882.530     2886.800     2888.560     2888.680
   285:     2888.970     2899.930     2900.040     2900.140     2904.750
   290:     2908.710     3258.100     3261.750     3305.610     3478.610
   295:     3499.930     3545.650     3582.310     3582.350     3588.400
   300:     3600.000
