File: C:\MED-PC IV\DATA\!2025-05-28_11h25m.Subject T6



Start Date: 05/28/25
End Date: 05/28/25
Subject: T6
Experiment: OralFentSA
Group: One
Box: 6
Start Time: 11:25:19
End Time: 14:25:22
MSN: Golden_Liq_SelfAdmin
F:       0.000
G:     591.000
H:   10800.010
I:       0.000
J:       0.000
K:       0.000
L:       0.000
M:       0.000
N:       0.000
O:       0.000
P:       0.000
Q:       0.000
R:       0.000
S:       0.000
U:       0.000
V:       0.000
W:       0.000
X:       0.000
Y:       0.000
Z:       0.000
A:
     0:        0.000        0.000      180.000        4.000        0.000
     5:        5.000        0.000        5.000        0.000        0.000
    10:        1.000        0.000       10.000  3000000.000       21.000
    15:       12.000      640.000        0.000        0.000        0.000
    20:        0.000
B:
     0:        0.000        0.000        0.000      400.000        0.000
     5:      500.000        0.000      500.000        0.000        0.000
    10:        0.000        0.000     1000.000 300000000.00        0.000
    15:        0.000        0.000        0.000        0.000        0.000
    20:        0.000
C:
     0:        7.000        8.000        0.000        8.000      477.000
     5:     9805.530       12.290        7.000       93.130       13.304
    10:        8.000       10.000        0.000        0.000        0.000
    15:        0.000        0.000        0.000        0.000        0.000
    20:        0.000
D:
     0:       32.500        9.920        1.890       19.370        5.140
     5:       12.020       12.290
E:
     0:       19.000       11.000       26.000       27.000        6.000
     5:        6.000        6.000        6.000        6.000        6.000
    10:        6.000        6.000        6.000        6.000        6.000
    15:        6.000        6.000        6.000        6.000       23.000
    20:       23.000        6.000        6.000        6.000        6.000
    25:        6.000        2.000        4.000       22.000       24.000
    30:       12.000       13.000        8.000        5.000       17.000
    35:       18.000       14.000       10.000       23.000       19.000
    40:       11.000        6.000        6.000        6.000        6.000
    45:        6.000        6.000        6.000        6.000        2.000
    50:        4.000       22.000       24.000       12.000       13.000
    55:        8.000        5.000       17.000       21.000       22.000
    60:       18.000       14.000       10.000        6.000       19.000
    65:       11.000        6.000        6.000        6.000        6.000
    70:        6.000        6.000        6.000        6.000        6.000
    75:        6.000        6.000        6.000        6.000        6.000
    80:        6.000        6.000        6.000        6.000       23.000
    85:        6.000        6.000        6.000        6.000        6.000
    90:        6.000        6.000        6.000        6.000        6.000
    95:        6.000        6.000        6.000        6.000        6.000
   100:        6.000        6.000        6.000        6.000        6.000
   105:        6.000        6.000        6.000        6.000        6.000
   110:        6.000        6.000        6.000        6.000        6.000
   115:        6.000        6.000        6.000        6.000        6.000
   120:        6.000        6.000        6.000        6.000        6.000
   125:        6.000        6.000        6.000        6.000        6.000
   130:        6.000        6.000        6.000        6.000        6.000
   135:        6.000        6.000        6.000        6.000        6.000
   140:        6.000        6.000        6.000        6.000        6.000
   145:        6.000        6.000        6.000        6.000        6.000
   150:        6.000        6.000        6.000        6.000        6.000
   155:        6.000        6.000        6.000        6.000        6.000
   160:        6.000        6.000        6.000        6.000        6.000
   165:        6.000        6.000        6.000        6.000        6.000
   170:        6.000        6.000        6.000        6.000        6.000
   175:        6.000        6.000        6.000        6.000        6.000
   180:        6.000        6.000        6.000        6.000        6.000
   185:        6.000        6.000        6.000        6.000        6.000
   190:        6.000        6.000        6.000        6.000        6.000
   195:        6.000        6.000        6.000        6.000        6.000
   200:        6.000        6.000        6.000        6.000        6.000
   205:        6.000        6.000        6.000        6.000        6.000
   210:        6.000        6.000        6.000        6.000        6.000
   215:        6.000        6.000        6.000        6.000        6.000
   220:        6.000        6.000        6.000        6.000        6.000
   225:        6.000        6.000        6.000        6.000        6.000
   230:        6.000        6.000        6.000        6.000        6.000
   235:        6.000        6.000        6.000        6.000        6.000
   240:        6.000        6.000        6.000        6.000        6.000
   245:        6.000        6.000        6.000        6.000        6.000
   250:        6.000        6.000        6.000        6.000        6.000
   255:        6.000        6.000        6.000        6.000        6.000
   260:        6.000        6.000        6.000        6.000        6.000
   265:        6.000        6.000        6.000        6.000        6.000
   270:        6.000        6.000        6.000        6.000        6.000
   275:        6.000        6.000        6.000        6.000        6.000
   280:        6.000        6.000        6.000        6.000        6.000
   285:        6.000        6.000        6.000        6.000        6.000
   290:        6.000        6.000        6.000        6.000        6.000
   295:        6.000        6.000        6.000        6.000        6.000
   300:        6.000        6.000        6.000        6.000        6.000
   305:        6.000        6.000        6.000       23.000       23.000
   310:       23.000       23.000        6.000        6.000        6.000
   315:        6.000        6.000        6.000        6.000        6.000
   320:        6.000        6.000        6.000        6.000        6.000
   325:        6.000        6.000        6.000       23.000        6.000
   330:        6.000        6.000        6.000        6.000        6.000
   335:        6.000        6.000        6.000        6.000        6.000
   340:        6.000        6.000        6.000        6.000        6.000
   345:        6.000        6.000        6.000        2.000        4.000
   350:       22.000       24.000       12.000       13.000        8.000
   355:        5.000       17.000        6.000       18.000        6.000
   360:        6.000       14.000       10.000       19.000       11.000
   365:        6.000        6.000        6.000        6.000        6.000
   370:        6.000        6.000        6.000        6.000        6.000
   375:        6.000        6.000        6.000        6.000        6.000
   380:        6.000        6.000        6.000        6.000        6.000
   385:        6.000        6.000        6.000        6.000        6.000
   390:        6.000        6.000        6.000        6.000        6.000
   395:        6.000        6.000        6.000        6.000        6.000
   400:        6.000        6.000        6.000        6.000        6.000
   405:        6.000        6.000        6.000        6.000        6.000
   410:        6.000        6.000        6.000        6.000        6.000
   415:        6.000        6.000        6.000        6.000        6.000
   420:        6.000        6.000        6.000        6.000        6.000
   425:        6.000        6.000        6.000        6.000        6.000
   430:        6.000        6.000        6.000        6.000        6.000
   435:        6.000        6.000        6.000        6.000        6.000
   440:        6.000        6.000        6.000        6.000        6.000
   445:        6.000        6.000        6.000        6.000       23.000
   450:        6.000        6.000        6.000        6.000        6.000
   455:        6.000        6.000        6.000        6.000        6.000
   460:        6.000        6.000        6.000        6.000        6.000
   465:        6.000        6.000        6.000        6.000        6.000
   470:        6.000        6.000        6.000        6.000        6.000
   475:        6.000        2.000        4.000       22.000       24.000
   480:       12.000       13.000        8.000        5.000       17.000
   485:       18.000       14.000       10.000       19.000       11.000
   490:        6.000        6.000        6.000        6.000        2.000
   495:        4.000       22.000       24.000       12.000       13.000
   500:        8.000        5.000       17.000       18.000       14.000
   505:       10.000        6.000        6.000       19.000       11.000
   510:        2.000        4.000       22.000       24.000       12.000
   515:       13.000        8.000        5.000       17.000       18.000
   520:       14.000       10.000       19.000       11.000        6.000
   525:        6.000        6.000        2.000        4.000       22.000
   530:       24.000       12.000       13.000        8.000        5.000
   535:       17.000       18.000       14.000       10.000       19.000
   540:       11.000        6.000        6.000        6.000        6.000
   545:        6.000        6.000        6.000        6.000        6.000
   550:        6.000        6.000        6.000        6.000        6.000
   555:        6.000        6.000        6.000        6.000        6.000
   560:        6.000        6.000        6.000        6.000        6.000
   565:        6.000        6.000        6.000        6.000        6.000
   570:        6.000        6.000        6.000        6.000        6.000
   575:        6.000        6.000        6.000        6.000        6.000
   580:        6.000        6.000        6.000        6.000        6.000
   585:        6.000        6.000        6.000        6.000        6.000
   590:        6.000      100.000
T:
     0:        0.000        0.000        0.000        0.000       11.550
     5:       12.060       13.590       14.210       16.480       16.500
    10:       16.900       17.470       17.560       17.600       18.500
    15:       60.280       61.290       61.480       64.520       80.970
    20:       87.720      245.510      245.550      245.640      301.390
    25:      333.730      346.870      346.870      346.870      346.880
    30:      346.880      346.880      346.880      346.880      346.880
    35:      350.880      351.880      351.880      355.650      356.870
    40:      356.880      379.380      381.120      382.190      382.600
    45:      383.260      384.500      386.940      402.150      436.910
    50:      436.910      436.910      436.920      436.920      436.920
    55:      436.920      436.920      436.920      437.980      437.980
    60:      440.920      441.920      441.920      446.840      446.910
    65:      446.920      567.540      567.800      735.070      739.760
    70:      740.060      741.700      743.410      748.190      749.820
    75:      750.640      752.410      753.310      753.750      753.830
    80:      755.720      755.890      760.430      760.890      805.960
    85:      930.350      931.840      933.830      936.430      937.030
    90:      937.810      938.080      943.360      944.950      944.990
    95:      945.010      945.430      945.490      945.590      946.580
   100:      955.630      957.930      958.990      959.080      959.300
   105:      960.570      961.120      961.160      962.310      963.790
   110:      965.670      965.790      977.890      979.150      979.410
   115:      981.450      983.960      984.680     1309.620     1342.550
   120:     1343.180     1384.090     1384.170     1384.520     1556.990
   125:     1576.970     1577.590     1579.370     1581.120     1584.480
   130:     1585.460     1586.210     1586.280     1586.750     1586.900
   135:     1587.090     1587.250     1587.590     1587.810     1588.520
   140:     1589.590     1590.200     1604.510     1604.910     1607.700
   145:     1610.120     1615.140     1620.440     1621.350     1621.900
   150:     2033.820     2060.000     2062.560     2140.260     2140.360
   155:     2140.480     2141.280     2486.430     2487.010     2496.310
   160:     2499.530     2538.690     2539.170     2541.590     2542.340
   165:     2542.520     2545.750     2545.880     2546.490     2549.030
   170:     2549.140     2549.170     2549.600     2584.220     2584.350
   175:     2882.080     2882.780     2882.900     2883.040     2896.150
   180:     2898.040     2898.450     2898.530     2898.590     2898.660
   185:     2898.760     2898.920     2899.040     2900.430     2900.510
   190:     2901.220     2901.300     2901.400     2901.430     2902.210
   195:     2902.300     2902.350     2902.430     2902.530     2902.800
   200:     2902.910     2903.130     2998.390     2999.580     2999.650
   205:     3043.820     3044.410     3135.680     3135.700     3142.830
   210:     3143.210     3143.240     3143.300     3144.200     3144.300
   215:     3144.640     3145.070     3145.600     3146.600     3148.020
   220:     3148.120     3148.420     3148.560     3149.940     3150.050
   225:     3150.130     3150.160     3150.210     3150.350     3343.870
   230:     3344.510     3426.390     3533.260     3541.670     3541.710
   235:     3545.340     3546.540     3571.330     3578.260     3594.450
   240:     3602.080     3607.200     3607.640     3608.450     3613.280
   245:     3620.710     3620.910     3621.630     3623.290     3624.790
   250:     3624.840     3625.270     3626.650     3632.570     3634.760
   255:     3722.740     3722.910     3723.570     3723.830     3723.990
   260:     3725.270     3725.350     3726.330     3726.490     3726.610
   265:     3726.710     3726.810     3727.210     3727.340     3728.850
   270:     3729.610     3729.820     3731.250     3734.060     3750.700
   275:     3750.730     3751.800     3753.430     3753.910     3754.760
   280:     3772.740     3772.990     3773.700     3773.860     3776.120
   285:     3776.490     3776.620     3776.890     3777.430     3777.520
   290:     3777.650     3777.800     3780.530     3782.000     3786.760
   295:     3790.630     3791.400     3793.170     3793.830     3793.940
   300:     3798.210     3798.430     3798.710     3798.780     3798.950
   305:     3801.380     3829.420     3834.560     3852.880     3854.090
   310:     3855.680     3858.510     4876.060     4877.370     4877.610
   315:     4878.110     4878.300     4880.900     4881.450     4926.300
   320:     4928.020     4928.170     5075.320     5090.410     6295.130
   325:     8402.850     8409.910     8410.650     8421.280     9130.340
   330:     9133.240     9133.320     9133.820     9180.090     9258.280
   335:     9258.350     9259.190     9259.340     9260.940     9261.160
   340:     9261.380     9262.000     9262.950     9264.520     9264.880
   345:     9283.460     9283.870     9284.090     9299.140     9299.140
   350:     9299.140     9299.150     9299.150     9299.150     9299.150
   355:     9299.150     9299.150     9301.040     9303.150     9303.480
   360:     9303.690     9304.150     9304.150     9309.140     9309.150
   365:     9317.750     9318.060     9318.740     9318.950     9318.980
   370:     9319.080     9322.530     9323.800     9324.280     9324.440
   375:     9324.670     9325.840     9326.510     9326.580     9327.500
   380:     9329.140     9338.940     9339.160     9343.230     9343.350
   385:     9366.900     9419.090     9419.110     9421.280     9422.010
   390:     9422.370     9424.030     9424.270     9424.780     9424.890
   395:     9425.260     9425.420     9425.640     9427.470     9427.570
   400:     9429.930     9430.350     9430.430     9433.350     9433.650
   405:     9433.790     9434.190     9434.690     9434.800     9434.900
   410:     9435.050     9456.730     9456.860     9457.020     9457.220
   415:     9457.920     9459.140     9460.070     9460.350     9460.560
   420:     9460.760     9461.350     9462.000     9462.800     9463.460
   425:     9463.750     9463.860     9463.960     9464.050     9464.400
   430:     9464.440     9474.080     9474.330     9474.440     9474.910
   435:     9475.020     9475.160     9475.260     9475.360     9475.430
   440:     9476.030     9476.120     9476.250     9478.100     9482.780
   445:     9482.870     9483.830     9483.930     9505.800     9519.840
   450:     9558.270     9561.880     9562.000     9574.390     9576.150
   455:     9576.220     9576.610     9576.910     9578.310     9582.550
   460:     9584.250     9585.370     9585.720     9585.800     9585.880
   465:     9586.320     9587.010     9588.380     9589.360     9589.440
   470:     9589.500     9592.190     9594.610     9594.920     9595.010
   475:     9595.310     9729.560     9729.560     9729.560     9729.570
   480:     9729.570     9729.570     9729.570     9729.570     9729.570
   485:     9733.570     9734.570     9734.570     9739.560     9739.570
   490:     9748.940     9750.100     9750.150     9754.100     9776.400
   495:     9776.400     9776.400     9776.410     9776.410     9776.410
   500:     9776.410     9776.410     9776.410     9780.410     9781.410
   505:     9781.410     9781.550     9781.860     9786.400     9786.410
   510:     9786.850     9786.850     9786.850     9786.860     9786.860
   515:     9786.860     9786.860     9786.860     9786.860     9790.860
   520:     9791.860     9791.860     9796.850     9796.860     9798.880
   525:     9799.210     9802.580     9805.520     9805.520     9805.520
   530:     9805.530     9805.530     9805.530     9805.530     9805.530
   535:     9805.530     9809.530     9810.530     9810.530     9815.520
   540:     9815.530     9817.820     9818.850     9821.130     9822.940
   545:     9836.130     9847.000     9847.620     9862.250     9862.320
   550:     9862.550     9863.350     9863.400     9863.490     9863.560
   555:     9864.390     9864.700     9864.940     9865.100     9868.810
   560:     9868.930     9871.210     9873.030     9877.620     9879.750
   565:     9880.060     9886.470     9886.680    10027.010    10027.590
   570:    10077.290    10097.960    10098.160    10098.470    10099.020
   575:    10099.260    10099.870    10100.650    10164.530    10210.850
   580:    10211.040    10211.270    10535.130    10539.090    10539.420
   585:    10539.490    10539.570    10539.710    10555.390    10556.220
   590:    10684.970    10800.010
