File: C:\MED-PC IV\DATA\!2025-09-01_14h17m.Subject T17



Start Date: 09/01/25
End Date: 09/01/25
Subject: T17
Experiment: OralFentSA
Group: One
Box: 5
Start Time: 14:17:53
End Time: 17:17:58
MSN: Golden_Liq_SelfAdmin_LIT
F:       0.000
G:     629.000
H:   10800.010
I:       0.000
J:       0.000
K:       0.000
L:       0.000
M:       0.000
N:       0.000
O:       0.000
P:       0.000
Q:       0.000
R:       0.000
S:       0.000
U:       0.000
V:       0.000
W:       0.000
X:       0.000
Y:       0.000
Z:       0.000
A:
     0:        0.000        0.000      180.000        4.000        0.000
     5:        5.000        0.000        5.000        0.000        0.000
    10:        1.000        0.000       10.000 30000000.000       22.000
    15:       11.000      320.000        0.000        0.000        0.000
    20:        0.000
B:
     0:        0.000        0.000        0.000      400.000        0.000
     5:      500.000        0.000      500.000        0.000        0.000
    10:        0.000        0.000     1000.000 3000000000.0        0.000
    15:        0.000        0.000        0.000        0.000        0.000
    20:        0.000
C:
     0:       19.000       20.000        0.000       23.000      298.000
     5:     9393.940        3.910       19.000      514.570       27.083
    10:       23.000       91.000        0.000        0.000        0.000
    15:        0.000        0.000        0.000        0.000        0.000
    20:        0.000
D:
     0:        2.090        1.650        1.510        1.820        1.720
     5:        8.900        1.500        1.470       23.660        1.800
    10:        1.720        8.750        1.040        1.390        1.310
    15:      248.140      200.670        1.520        3.910
E:
     0:       19.000       11.000       26.000       27.000        6.000
     5:        6.000        6.000       23.000        6.000        6.000
    10:        6.000        6.000        6.000        6.000       23.000
    15:        6.000        6.000        6.000        6.000        6.000
    20:        6.000        6.000        6.000        6.000        6.000
    25:        6.000        6.000        6.000        6.000        6.000
    30:        6.000        6.000        6.000        6.000        6.000
    35:        6.000        6.000        6.000        6.000        6.000
    40:        6.000        6.000        6.000       23.000       23.000
    45:       23.000        6.000        6.000        6.000        6.000
    50:        6.000        6.000        6.000        6.000        6.000
    55:        6.000        6.000        6.000        6.000        6.000
    60:       23.000       23.000        6.000        2.000        4.000
    65:       22.000       24.000       13.000        8.000        5.000
    70:       17.000        6.000       18.000        6.000       14.000
    75:       10.000        6.000       19.000        6.000        6.000
    80:        2.000        4.000       22.000       24.000       13.000
    85:        8.000        5.000       17.000        6.000        6.000
    90:       18.000       14.000       10.000       19.000       23.000
    95:        6.000        6.000        6.000        6.000        6.000
   100:        6.000        2.000        4.000       22.000       24.000
   105:       13.000        8.000        5.000       17.000        6.000
   110:        6.000        6.000        6.000        6.000       18.000
   115:       14.000       10.000       19.000        6.000        6.000
   120:        6.000       23.000       23.000        6.000        6.000
   125:        6.000        6.000        6.000        6.000        6.000
   130:        6.000        2.000        4.000       22.000       24.000
   135:       13.000        8.000        5.000       17.000        6.000
   140:       18.000       14.000       10.000       19.000       23.000
   145:       23.000        6.000        6.000       23.000       23.000
   150:       23.000       23.000       23.000        6.000        6.000
   155:        6.000        6.000        6.000        6.000        6.000
   160:        6.000        6.000        6.000        6.000        6.000
   165:        6.000        6.000        6.000        6.000        6.000
   170:        6.000       23.000       23.000       23.000       23.000
   175:        6.000        6.000        6.000        6.000        2.000
   180:        4.000       22.000       24.000       13.000        8.000
   185:        5.000       17.000        6.000        6.000       18.000
   190:       14.000       10.000       19.000       23.000       23.000
   195:       23.000        6.000        6.000        6.000       23.000
   200:       23.000       23.000        2.000        4.000       22.000
   205:       24.000       13.000        8.000        5.000       17.000
   210:       21.000       22.000       18.000       14.000       10.000
   215:       21.000       22.000        6.000       19.000        6.000
   220:        6.000        6.000        6.000        6.000        6.000
   225:        2.000        4.000       22.000       24.000       13.000
   230:        8.000        5.000       17.000        6.000        6.000
   235:        6.000       18.000       14.000       10.000       21.000
   240:       22.000       19.000        6.000       23.000       23.000
   245:       23.000       23.000       23.000       23.000       23.000
   250:       23.000       23.000        6.000        6.000        6.000
   255:        6.000        6.000        6.000        6.000        6.000
   260:        6.000        6.000        6.000        6.000        6.000
   265:        6.000        6.000        6.000        6.000        6.000
   270:        2.000        4.000       22.000       24.000       13.000
   275:        8.000        5.000       17.000        6.000       18.000
   280:       14.000       10.000        6.000        6.000       19.000
   285:        6.000        6.000        6.000        6.000        6.000
   290:        6.000        6.000        6.000        6.000        6.000
   295:        6.000        6.000        6.000        6.000        2.000
   300:        4.000       22.000       24.000       13.000        8.000
   305:        5.000       17.000       21.000       22.000       18.000
   310:       14.000       10.000       19.000        6.000        6.000
   315:        2.000        4.000       22.000       24.000       13.000
   320:        8.000        5.000       17.000        6.000        6.000
   325:       18.000        6.000       14.000       10.000       19.000
   330:        6.000       23.000       23.000       23.000        6.000
   335:        6.000        6.000        6.000        6.000        6.000
   340:        6.000        6.000        6.000        6.000        6.000
   345:        6.000        6.000        6.000        6.000        6.000
   350:        6.000        6.000        6.000        6.000        6.000
   355:        6.000        6.000        6.000        6.000        6.000
   360:       23.000       23.000        6.000        6.000        6.000
   365:        6.000        2.000        4.000       22.000       24.000
   370:       13.000        8.000        5.000       17.000        6.000
   375:        6.000        6.000       18.000        6.000       14.000
   380:       10.000        6.000        6.000       19.000        6.000
   385:        6.000        6.000        6.000        6.000        6.000
   390:        6.000        6.000        6.000        6.000        6.000
   395:        6.000        6.000       23.000       23.000        6.000
   400:        6.000        6.000        6.000        2.000        4.000
   405:       22.000       24.000       13.000        8.000        5.000
   410:       17.000       18.000       14.000       10.000        6.000
   415:        6.000       19.000        2.000        4.000       22.000
   420:       24.000       13.000        8.000        5.000       17.000
   425:        6.000       18.000       14.000       10.000       19.000
   430:        2.000        4.000       22.000       24.000       13.000
   435:        8.000        5.000       17.000        6.000        6.000
   440:       18.000        6.000       14.000       10.000       19.000
   445:        2.000        4.000       22.000       24.000       13.000
   450:        8.000        5.000       17.000        6.000       18.000
   455:       14.000       10.000        6.000       19.000       23.000
   460:       23.000       23.000       23.000       23.000       23.000
   465:       23.000       23.000       23.000       23.000       23.000
   470:       23.000       23.000       23.000       23.000        6.000
   475:        6.000        6.000        6.000        6.000        6.000
   480:        6.000        6.000        6.000        6.000        6.000
   485:        6.000        2.000        4.000       22.000       24.000
   490:       13.000        8.000        5.000       17.000       18.000
   495:       14.000       10.000       19.000        6.000        6.000
   500:       23.000       23.000       23.000       23.000       23.000
   505:        6.000        6.000        6.000        6.000        6.000
   510:        6.000        6.000        6.000        6.000        6.000
   515:        6.000        6.000        6.000       23.000        6.000
   520:        6.000        6.000       23.000       23.000       23.000
   525:       23.000       23.000       23.000        6.000        6.000
   530:        6.000        6.000        6.000        6.000        6.000
   535:        6.000       23.000       23.000       23.000        6.000
   540:        6.000        6.000       23.000       23.000       23.000
   545:       23.000       23.000       23.000       23.000       23.000
   550:        6.000        2.000        4.000       22.000       24.000
   555:       13.000        8.000        5.000       17.000       18.000
   560:       14.000       10.000       23.000       19.000       23.000
   565:       23.000        6.000        6.000        2.000        4.000
   570:       22.000       24.000       13.000        8.000        5.000
   575:       17.000        6.000        6.000        6.000       18.000
   580:       14.000       10.000       23.000       19.000        2.000
   585:        4.000       22.000       24.000       13.000        8.000
   590:        5.000       17.000        6.000       18.000        6.000
   595:       14.000       10.000        6.000        6.000        6.000
   600:        6.000        6.000       19.000        6.000        6.000
   605:        6.000        6.000        6.000        6.000        6.000
   610:        6.000        6.000        6.000        6.000        6.000
   615:        6.000        6.000        6.000        6.000        6.000
   620:       23.000       23.000       23.000       23.000       23.000
   625:       23.000        6.000        6.000        6.000      100.000
T:
     0:        0.000        0.000        0.000        0.000        0.920
     5:        2.200        7.480       62.350       69.570       72.580
    10:      101.250      106.230      114.430      151.720      174.100
    15:      186.490      187.720      187.770      187.790      189.200
    20:      189.240      189.320      189.610      189.760      196.400
    25:      200.680      200.800      226.450      227.960      233.740
    30:      233.890      234.990      236.330      274.080      274.330
    35:      314.770      315.090      316.980      317.010      324.990
    40:      326.040      326.100      331.000      335.990      338.360
    45:      359.290      387.570      389.140      389.250      389.340
    50:      389.400      389.510      392.610      392.890      394.540
    55:      394.760      426.980      427.560      437.050      458.660
    60:      486.920      491.440      497.340      500.080      500.080
    65:      500.080      500.090      500.090      500.090      500.090
    70:      500.090      502.180      504.090      505.030      505.090
    75:      505.090      508.510      510.080      534.700      551.190
    80:      587.280      587.280      587.280      587.290      587.290
    85:      587.290      587.290      587.290      588.940      589.010
    90:      591.290      592.290      592.290      597.280      598.230
    95:      625.100      625.840      626.020      646.140      660.180
   100:      660.380      670.750      670.750      670.750      670.760
   105:      670.760      670.760      670.760      670.760      672.270
   110:      672.940      674.010      674.570      674.620      674.760
   115:      675.760      675.760      680.750      695.840      711.890
   120:      740.410      749.570      750.430      780.820      780.850
   125:      804.510      840.710      880.110      880.280      915.480
   130:      916.690      924.170      924.170      924.170      924.180
   135:      924.180      924.180      924.180      924.180      926.000
   140:      928.180      929.180      929.180      934.170      943.140
   145:      946.820      967.610      970.000      973.360      985.930
   150:      991.240      993.600      995.110     1013.370     1013.600
   155:     1014.690     1113.080     1113.410     1113.880     1113.960
   160:     1123.600     1123.800     1124.020     1296.260     1418.200
   165:     1418.550     1425.450     1558.210     1821.880     1823.720
   170:     1905.690     1999.350     2001.790     2002.000     2002.870
   175:     2029.220     2029.880     2105.500     2108.260     2127.560
   180:     2127.560     2127.560     2127.570     2127.570     2127.570
   185:     2127.570     2127.570     2129.290     2129.990     2131.570
   190:     2132.570     2132.570     2137.560     2145.010     2147.920
   195:     2150.040     2181.870     2186.190     2187.650     2196.660
   200:     2224.500     2224.690     2231.980     2231.980     2231.980
   205:     2231.990     2231.990     2231.990     2231.990     2231.990
   210:     2234.190     2234.190     2235.990     2236.990     2236.990
   215:     2238.100     2238.100     2240.890     2241.980     2255.010
   220:     2283.730     2283.970     2290.090     2294.960     2295.030
   225:     2301.660     2301.660     2301.660     2301.670     2301.670
   230:     2301.670     2301.670     2301.670     2303.170     2303.730
   235:     2305.150     2305.670     2306.670     2306.670     2308.880
   240:     2308.880     2311.660     2314.080     2323.350     2326.530
   245:     2327.970     2333.150     2336.750     2345.850     2350.580
   250:     2350.870     2385.790     2583.470     2584.620     2873.420
   255:     3033.160     3160.660     3222.860     3223.150     3269.170
   260:     3321.010     3321.940     3321.960     3322.000     3329.770
   265:     3329.990     3341.530     3397.410     3544.760     3546.310
   270:     3548.540     3548.540     3548.540     3548.550     3548.550
   275:     3548.550     3548.550     3548.550     3550.020     3552.550
   280:     3553.550     3553.550     3554.110     3556.180     3558.540
   285:     3559.200     3562.260     3562.810     3564.490     3564.530
   290:     3564.650     3565.240     3567.190     3585.890     3592.210
   295:     3593.250     3594.120     3596.630     3596.950     3615.620
   300:     3615.620     3615.620     3615.630     3615.630     3615.630
   305:     3615.630     3615.630     3617.480     3617.480     3619.630
   310:     3620.630     3620.630     3625.620     3639.290     3640.060
   315:     3644.390     3644.390     3644.390     3644.400     3644.400
   320:     3644.400     3644.400     3644.400     3646.200     3647.790
   325:     3648.400     3649.070     3649.400     3649.400     3654.390
   330:     3660.370     3673.160     3675.480     3677.890     3685.850
   335:     3740.260     3744.270     3749.140     3749.400     3750.890
   340:     3760.440     3762.000     3762.240     3792.010     3792.110
   345:     3793.570     3794.940     3796.310     3796.370     4285.300
   350:     4338.950     4513.760     4709.950     4821.320     4853.220
   355:     4853.870     4895.770     4930.260     5130.610     5151.380
   360:     5174.900     5174.990     5204.710     5205.170     5206.900
   365:     5213.600     5220.120     5220.120     5220.120     5220.130
   370:     5220.130     5220.130     5220.130     5220.130     5221.850
   375:     5222.330     5222.380     5224.130     5225.120     5225.130
   380:     5225.130     5225.640     5229.720     5230.120     5272.420
   385:     5277.470     5279.580     5279.690     5292.000     5292.570
   390:     5338.670     5338.840     5339.090     5368.360     5368.490
   395:     5419.360     5419.600     5448.050     5449.040     5463.640
   400:     5463.820     5503.740     5504.150     5574.530     5574.530
   405:     5574.530     5574.540     5574.540     5574.540     5574.540
   410:     5574.540     5578.540     5579.540     5579.540     5583.290
   415:     5583.550     5584.530     5980.600     5980.600     5980.600
   420:     5980.610     5980.610     5980.610     5980.610     5980.610
   425:     5981.650     5984.610     5985.610     5985.610     5990.600
   430:     6142.300     6142.300     6142.300     6142.310     6142.310
   435:     6142.310     6142.310     6142.310     6143.700     6144.260
   440:     6146.310     6146.770     6147.310     6147.310     6152.300
   445:     6185.690     6185.690     6185.690     6185.700     6185.700
   450:     6185.700     6185.700     6185.700     6187.010     6189.700
   455:     6190.700     6190.700     6191.170     6195.690     6203.630
   460:     6207.430     6211.830     6212.010     6216.280     6217.540
   465:     6225.570     6239.920     6241.890     6245.360     6245.910
   470:     6249.670     6283.680     6289.040     6290.460     6717.250
   475:     6722.260     6799.890     7071.670     7174.030     7184.930
   480:     7260.530     7261.900     7428.200     7529.940     7530.340
   485:     8064.050     8067.870     8067.870     8067.870     8067.880
   490:     8067.880     8067.880     8067.880     8067.880     8071.880
   495:     8072.880     8072.880     8077.870     8316.020     8347.390
   500:     8422.680     8423.770     8425.710     8429.750     8430.890
   505:     8555.390     8555.680     8555.880     8556.190     8564.490
   510:     8564.790     8565.360     8565.520     8567.680     8567.990
   515:     8568.070     8568.820     8569.160     8585.170     8590.220
   520:     8590.680     8608.790     8633.270     8648.230     8650.400
   525:     8651.190     8653.520     8654.030     8659.690     8684.980
   530:     8823.620     8823.840     8827.040     8829.220     8846.640
   535:     8846.810     8973.640     8975.620     8976.680     8990.680
   540:     8991.360     8994.420     9011.870     9017.220     9017.970
   545:     9018.620     9018.970     9020.020     9023.900     9033.890
   550:     9041.050     9045.650     9045.650     9045.650     9045.660
   555:     9045.660     9045.660     9045.660     9045.660     9049.660
   560:     9050.660     9050.660     9051.630     9055.650     9064.270
   565:     9066.100     9246.330     9246.570     9253.250     9253.250
   570:     9253.250     9253.260     9253.260     9253.260     9253.260
   575:     9253.260     9254.780     9255.440     9256.210     9257.260
   580:     9258.260     9258.260     9261.300     9263.250     9393.930
   585:     9393.930     9393.930     9393.940     9393.940     9393.940
   590:     9393.940     9393.940     9397.850     9397.940     9398.110
   595:     9398.940     9398.940     9400.790     9402.840     9403.250
   600:     9403.800     9403.890     9403.930     9404.680     9414.800
   605:     9415.410     9417.390     9419.150     9420.960     9530.290
   610:     9532.420     9532.830    10265.130    10265.650    10266.060
   615:    10641.960    10642.150    10646.000    10646.610    10656.470
   620:    10684.640    10684.900    10685.680    10688.840    10691.410
   625:    10692.570    10709.740    10733.020    10733.240    10800.010
