File: C:\MED-PC IV\DATA\!2025-05-15_13h05m.Subject T11



Start Date: 05/15/25
End Date: 05/15/25
Subject: T11
Experiment: OralFentSA
Group: One
Box: 5
Start Time: 13:05:06
End Time: 16:05:24
MSN: Golden_Liq_SelfAdmin
F:       0.000
G:     831.000
H:   10800.010
I:       0.000
J:       0.000
K:       0.000
L:       0.000
M:       0.000
N:       0.000
O:       0.000
P:       0.000
Q:       0.000
R:       0.000
S:       0.000
U:       0.000
V:       0.000
W:       0.000
X:       0.000
Y:       0.000
Z:       0.000
A:
     0:        0.000        0.000      180.000        4.000        0.000
     5:        5.000        0.000        5.000        0.000        0.000
    10:        1.000        0.000       10.000     1800.000       24.000
    15:        3.000      640.000        0.000        0.000        0.000
    20:        0.000
B:
     0:        0.000        0.000        0.000      400.000        0.000
     5:      500.000        0.000      500.000        0.000        0.000
    10:        0.000        0.000     1000.000   180000.000        0.000
    15:        0.000        0.000        0.000        0.000        0.000
    20:        0.000
C:
     0:       19.000       20.000        0.000        6.000      583.000
     5:    10521.220        6.300       17.000      282.340       16.608
    10:        6.000        4.000       13.000        0.000        0.000
    15:        0.000        0.000        0.000        0.000        0.000
    20:        0.000
D:
     0:        3.600        4.710        5.550        4.110        3.550
     5:       17.750       12.140        5.720        2.870        3.010
    10:        8.860        1.260       45.560        6.380       63.520
    15:       87.450        6.300
E:
     0:       19.000       11.000       26.000       27.000        6.000
     5:        6.000       23.000        6.000        6.000        6.000
    10:        6.000        6.000        6.000        6.000        6.000
    15:        6.000        6.000        6.000        6.000        6.000
    20:        6.000        6.000        6.000        6.000        6.000
    25:        6.000        6.000        6.000        6.000        6.000
    30:        6.000        6.000        6.000        6.000       23.000
    35:        6.000        6.000        6.000        6.000        6.000
    40:        6.000        6.000        6.000       23.000        6.000
    45:        6.000        6.000        6.000        6.000        6.000
    50:        6.000        6.000        6.000        6.000        6.000
    55:        6.000        6.000        6.000        6.000        6.000
    60:        6.000        6.000        6.000        6.000        6.000
    65:        6.000        6.000        6.000        6.000        6.000
    70:        6.000        6.000        6.000        6.000        6.000
    75:        6.000        6.000        6.000        6.000        6.000
    80:        6.000        6.000        6.000        6.000        6.000
    85:        6.000        6.000        6.000        6.000        6.000
    90:        6.000        6.000        6.000        6.000        6.000
    95:        6.000        6.000        6.000        6.000        6.000
   100:        6.000        6.000        6.000        6.000        6.000
   105:        6.000        6.000        6.000        6.000        6.000
   110:        6.000        6.000        6.000        2.000        4.000
   115:       22.000       24.000       12.000       13.000        8.000
   120:        5.000       17.000        6.000       18.000       14.000
   125:       10.000       19.000       11.000        6.000        6.000
   130:        6.000        6.000        6.000        6.000        6.000
   135:        6.000        6.000        6.000        6.000        6.000
   140:       23.000        6.000        6.000        6.000        6.000
   145:        6.000        6.000        6.000        2.000        4.000
   150:       22.000       24.000       12.000       13.000        8.000
   155:        5.000       17.000       18.000        6.000       14.000
   160:       10.000       19.000       11.000        6.000        6.000
   165:        6.000        6.000        6.000        6.000        6.000
   170:        6.000        6.000        6.000        6.000        6.000
   175:        6.000        6.000        6.000        6.000        6.000
   180:        6.000        6.000        6.000        6.000        6.000
   185:        6.000        6.000        6.000        6.000        6.000
   190:        6.000        6.000        6.000        6.000        6.000
   195:        6.000        6.000        6.000        6.000        6.000
   200:        6.000        6.000        6.000        6.000        6.000
   205:        6.000        6.000        6.000        6.000        6.000
   210:        6.000        6.000        6.000        6.000        6.000
   215:        6.000        6.000        6.000        6.000        6.000
   220:        6.000        6.000        6.000        6.000        6.000
   225:        6.000        6.000        6.000        6.000        6.000
   230:        6.000        6.000        6.000        6.000        6.000
   235:        6.000        6.000        6.000        6.000        6.000
   240:        6.000        6.000        6.000        6.000        6.000
   245:        6.000        6.000        6.000        6.000        6.000
   250:        6.000        6.000        6.000        6.000        6.000
   255:        6.000        6.000        6.000        6.000        6.000
   260:        6.000        6.000        6.000        6.000        6.000
   265:        6.000        6.000        6.000        6.000        6.000
   270:        6.000        6.000        6.000        6.000        6.000
   275:        6.000        6.000       25.000       24.000       12.000
   280:       13.000        8.000        5.000       17.000       18.000
   285:       14.000       10.000        6.000       19.000       11.000
   290:        6.000        6.000        6.000        6.000        6.000
   295:        6.000        6.000        6.000        6.000        6.000
   300:        6.000        6.000        6.000        6.000        6.000
   305:        6.000        6.000        6.000        6.000        6.000
   310:        6.000        6.000        6.000        6.000        6.000
   315:        6.000        6.000        6.000        6.000        6.000
   320:        6.000        6.000        6.000        6.000        6.000
   325:        6.000        6.000        6.000        6.000        6.000
   330:        6.000        6.000        6.000        6.000        6.000
   335:        6.000        6.000        6.000        6.000        6.000
   340:        6.000        6.000        6.000        6.000        6.000
   345:        6.000        6.000        6.000        6.000        6.000
   350:        6.000        6.000        6.000        6.000        6.000
   355:        6.000        6.000        6.000        2.000        4.000
   360:       22.000       24.000       12.000       13.000        8.000
   365:        5.000       17.000       18.000        6.000       14.000
   370:       10.000       19.000       11.000        6.000        6.000
   375:        6.000        6.000        6.000        6.000        2.000
   380:        4.000       22.000       24.000       12.000       13.000
   385:        8.000        5.000       17.000        6.000        6.000
   390:       18.000       14.000       10.000       19.000       11.000
   395:        6.000        6.000        6.000        6.000        6.000
   400:        6.000        6.000        6.000        6.000        6.000
   405:        2.000        4.000       22.000       24.000       12.000
   410:       13.000        8.000        5.000       17.000       18.000
   415:       14.000       10.000       19.000       11.000        6.000
   420:        6.000        6.000        6.000        6.000        6.000
   425:        6.000        6.000        6.000        6.000        6.000
   430:        2.000        4.000       22.000       24.000       12.000
   435:       13.000        8.000        5.000       17.000       18.000
   440:       14.000       10.000       19.000       11.000        6.000
   445:        6.000        6.000        6.000        6.000        6.000
   450:        6.000        6.000        6.000        6.000        6.000
   455:        6.000        6.000        6.000        6.000        6.000
   460:        6.000        6.000        6.000        6.000        6.000
   465:        6.000        6.000        6.000        6.000        6.000
   470:        6.000        6.000        6.000        6.000        6.000
   475:        6.000        6.000        6.000        6.000        6.000
   480:        6.000        6.000        6.000        6.000        6.000
   485:        6.000        6.000        6.000        6.000        6.000
   490:        6.000        6.000        6.000        6.000        6.000
   495:        6.000        6.000        6.000        6.000        6.000
   500:        6.000        6.000        6.000        6.000        6.000
   505:        6.000        6.000        6.000        6.000        6.000
   510:        6.000        6.000        6.000        6.000        6.000
   515:        6.000        6.000        6.000        6.000        6.000
   520:        6.000       30.000       24.000       12.000       13.000
   525:        8.000        5.000       17.000       18.000       14.000
   530:       10.000        6.000       19.000       11.000        6.000
   535:        6.000        6.000        6.000        6.000        6.000
   540:        6.000        6.000        6.000        6.000        6.000
   545:        6.000        6.000        6.000        6.000       30.000
   550:       24.000       12.000       13.000        8.000        5.000
   555:       17.000        6.000       18.000       14.000       10.000
   560:        6.000       19.000       11.000        6.000        6.000
   565:        6.000        6.000        6.000        6.000        6.000
   570:        6.000       25.000       24.000       12.000       13.000
   575:        8.000        5.000       17.000        6.000       18.000
   580:       14.000       10.000       19.000       11.000        6.000
   585:        6.000        6.000        6.000        6.000        6.000
   590:        6.000        6.000        6.000        6.000        6.000
   595:        6.000        6.000        6.000        6.000       30.000
   600:       24.000       12.000       13.000        8.000        5.000
   605:       17.000       18.000       14.000       10.000        6.000
   610:       19.000       11.000        6.000        6.000        6.000
   615:        6.000        6.000        6.000        6.000        6.000
   620:        6.000        6.000        6.000        6.000        6.000
   625:        6.000        6.000        6.000        6.000       30.000
   630:       24.000       12.000       13.000        8.000        5.000
   635:       17.000        6.000       18.000       14.000       10.000
   640:        6.000       19.000       11.000        6.000        6.000
   645:        6.000        6.000        6.000        6.000        6.000
   650:        6.000        6.000        6.000        6.000        6.000
   655:       30.000       24.000       12.000       13.000        8.000
   660:        5.000       17.000       18.000       14.000       10.000
   665:       19.000       11.000        6.000        6.000        6.000
   670:       30.000       24.000       12.000       13.000        8.000
   675:        5.000       17.000       18.000       14.000       10.000
   680:        6.000        6.000       19.000       11.000        6.000
   685:       30.000       24.000       12.000       13.000        8.000
   690:        5.000       17.000       18.000       14.000       10.000
   695:       19.000       11.000       30.000       24.000       12.000
   700:       13.000        8.000        5.000       17.000       18.000
   705:       14.000       10.000       19.000       11.000       30.000
   710:       24.000       12.000       13.000        8.000        5.000
   715:       17.000       18.000       14.000       10.000       19.000
   720:       11.000        6.000        6.000        6.000        6.000
   725:        6.000        6.000        6.000        6.000        6.000
   730:        6.000        6.000        6.000        6.000        6.000
   735:        6.000        6.000        6.000        6.000        6.000
   740:        6.000        6.000        6.000        6.000        6.000
   745:        6.000        6.000        6.000        6.000        6.000
   750:        6.000        6.000        6.000        6.000        6.000
   755:        6.000        6.000       25.000       24.000       12.000
   760:       13.000        8.000        5.000       17.000       18.000
   765:       14.000       10.000       19.000       11.000        6.000
   770:        6.000        6.000        6.000        6.000        6.000
   775:        6.000        6.000        6.000        6.000        6.000
   780:        6.000        6.000        6.000        6.000        6.000
   785:        6.000        6.000        6.000        6.000        6.000
   790:        6.000        6.000        6.000        6.000        6.000
   795:        6.000        6.000        6.000        6.000        6.000
   800:        6.000        6.000        6.000        6.000        6.000
   805:        6.000        6.000        6.000        6.000        6.000
   810:       25.000       24.000       12.000       13.000        8.000
   815:        5.000       17.000       18.000       14.000       10.000
   820:        6.000       19.000       11.000        6.000        6.000
   825:        6.000        6.000        6.000        6.000        6.000
   830:        6.000      100.000
T:
     0:        0.000        0.000        0.000        0.000        6.860
     5:       15.930       56.560       66.860      150.560      151.710
    10:      151.940      196.500      216.870      218.510      220.470
    15:      220.550      220.970      283.980      285.460      287.230
    20:      288.440      288.540      292.610      292.790      293.150
    25:      295.240      311.360      337.890      395.630      396.370
    30:      397.800      400.350      401.170      401.630      443.760
    35:      453.050      462.550      475.630      516.080      516.180
    40:      516.250      516.390      588.700      628.900      670.190
    45:      670.560      675.570      677.350      677.430      677.530
    50:      677.630      677.750      677.830      678.290      678.380
    55:      678.490      678.590      678.700      678.810      678.920
    60:      679.030      679.140      679.270      679.780      679.920
    65:      680.020      680.120      680.240      680.370      680.510
    70:      751.910      784.210      785.090      785.230      786.360
    75:      789.440      794.530      825.040      876.030      876.160
    80:      916.530      916.900      918.890      918.980      919.080
    85:      919.190      919.290      919.570      919.860      921.280
    90:     1119.050     1119.200     1119.220     1119.550     1120.280
    95:     1120.370     1183.940     1192.040     1194.450     1194.980
   100:     1201.490     1201.860     1201.880     1201.950     1201.980
   105:     1203.700     1203.720     1207.250     1207.520     1207.920
   110:     1210.310     1210.440     1210.720     1279.220     1279.220
   115:     1279.220     1279.230     1279.230     1279.230     1279.230
   120:     1279.230     1279.230     1282.830     1283.230     1284.230
   125:     1284.230     1289.220     1289.230     1297.730     1304.750
   130:     1304.780     1308.620     1309.480     1310.090     1310.190
   135:     1310.200     1312.040     1312.240     1323.320     1324.320
   140:     1349.780     1377.020     1377.160     1383.000     1383.930
   145:     1384.130     1385.060     1385.110     1417.150     1417.150
   150:     1417.150     1417.160     1417.160     1417.160     1417.160
   155:     1417.160     1417.160     1421.160     1421.870     1422.160
   160:     1422.160     1427.150     1427.160     1427.580     1428.130
   165:     1438.960     1456.780     1458.910     1460.550     1462.990
   170:     1718.830     1723.170     1737.220     1737.340     1737.360
   175:     1737.560     1738.990     1739.290     1795.970     1796.040
   180:     1796.840     1796.880     1801.650     1801.890     1803.280
   185:     1971.460     1971.670     1972.050     1972.600     1972.660
   190:     1972.960     1993.110     2008.060     2008.410     2008.430
   195:     2009.150     2009.380     2010.410     2010.480     2138.360
   200:     2139.790     2142.290     2153.690     2254.690     2257.420
   205:     2257.500     2299.300     2318.980     2324.290     2324.500
   210:     2331.650     2337.940     2338.730     2338.910     2338.970
   215:     2381.530     2455.160     2459.630     2460.660     2460.720
   220:     2469.160     2469.230     2628.830     2630.540     2639.260
   225:     2639.420     2792.110     2841.250     2843.340     2846.560
   230:     2846.590     2846.610     2846.760     2846.860     2892.630
   235:     2909.920     2918.000     2945.050     2945.220     2945.310
   240:     2973.470     2973.930     2975.030     3004.880     3007.060
   245:     3008.230     3010.340     3014.980     3029.280     3029.580
   250:     3039.110     3039.460     3042.420     3042.860     3050.010
   255:     3099.570     3100.550     3110.380     3119.110     3134.570
   260:     3136.240     3137.680     3138.030     3139.710     3140.650
   265:     3170.050     3170.210     3170.260     3173.450     3173.470
   270:     3173.880     3174.040     3174.190     3181.570     3187.100
   275:     3196.120     3196.280     3227.150     3227.160     3227.160
   280:     3227.160     3227.160     3227.160     3227.160     3231.160
   285:     3232.160     3232.160     3232.710     3237.150     3237.160
   290:     3238.710     3239.740     3351.590     3352.840     3457.880
   295:     3458.230     3458.480     3459.270     3461.600     3470.640
   300:     3543.180     3802.110     3803.170     3803.360     3851.810
   305:     3895.520     3933.100     3934.040     3935.360     3945.980
   310:     3946.750     3950.690     3950.850     3989.640     3991.930
   315:     4021.110     4021.390     4022.310     4028.500     4028.770
   320:     4046.750     4046.990     4118.770     4118.990     4119.940
   325:     4121.070     4122.530     4122.580     4143.070     4143.620
   330:     4147.380     4166.810     4223.340     4281.670     4282.020
   335:     4328.590     4364.200     4431.400     4432.290     4432.950
   340:     4434.060     4435.020     4569.930     4586.180     4588.490
   345:     4597.070     4597.240     4598.760     4599.740     4601.670
   350:     4669.290     4710.460     4710.660     4741.070     4742.610
   355:     4801.770     4801.800     4865.830     4872.230     4872.230
   360:     4872.230     4872.240     4872.240     4872.240     4872.240
   365:     4872.240     4872.240     4876.240     4876.350     4877.240
   370:     4877.240     4882.230     4882.240     4883.400     4884.950
   375:     4885.120     4885.180     4895.140     4909.260     4945.770
   380:     4945.770     4945.770     4945.780     4945.780     4945.780
   385:     4945.780     4945.780     4945.780     4949.330     4949.450
   390:     4949.780     4950.780     4950.780     4955.770     4955.780
   395:     4987.760     4990.240     4994.230     4994.680     4996.760
   400:     5002.730     5003.360     5004.830     5005.160     5008.280
   405:     5013.450     5013.450     5013.450     5013.460     5013.460
   410:     5013.460     5013.460     5013.460     5013.460     5017.460
   415:     5018.460     5018.460     5023.450     5023.460     5031.210
   420:     5053.490     5059.720     5063.420     5066.780     5070.130
   425:     5076.630     5083.150     5084.750     5084.780     5087.240
   430:     5091.210     5091.210     5091.210     5091.220     5091.220
   435:     5091.220     5091.220     5091.220     5091.220     5095.220
   440:     5096.220     5096.220     5101.210     5101.220     5103.360
   445:     5108.670     5109.060     5109.170     5109.270     5110.600
   450:     5110.720     5113.530     5114.380     5117.880     5118.800
   455:     5122.830     5127.790     5203.610     5204.230     5232.180
   460:     5232.420     5240.150     5397.520     5440.700     5440.930
   465:     5441.210     5519.140     5629.430     5630.000     5630.220
   470:     5630.410     5705.390     5730.240     5730.400     5867.910
   475:     5932.710     6069.920     6070.080     6182.420     6182.510
   480:     6272.780     6273.680     6283.810     6326.350     6328.020
   485:     6338.360     6338.650     6339.060     6355.920     6356.140
   490:     6356.760     6357.220     6359.790     6360.250     6364.620
   495:     6373.950     6375.090     6375.610     6388.960     6389.410
   500:     6400.840     6401.000     6406.570     6417.480     6436.380
   505:     6436.480     6436.820     6443.700     6444.520     6480.150
   510:     6480.810     6485.390     6489.700     6491.910     6508.360
   515:     6508.670     6524.750     6537.970     6540.780     6548.300
   520:     6551.930     6557.870     6557.870     6557.870     6557.870
   525:     6557.870     6557.870     6557.870     6561.870     6562.870
   530:     6562.870     6563.590     6567.860     6567.870     6576.140
   535:     6588.120     6588.740     6609.760     6633.380     6639.300
   540:     6664.900     6665.170     6665.500     6665.980     6683.260
   545:     6702.880     6742.250     6742.760     6749.780     6768.430
   550:     6768.430     6768.430     6768.430     6768.430     6768.430
   555:     6768.430     6771.300     6772.430     6773.430     6773.430
   560:     6774.120     6778.420     6778.430     6784.340     6788.450
   565:     6808.320     6809.020     6844.320     6845.180     6853.180
   570:     6892.320     6901.210     6901.220     6901.220     6901.220
   575:     6901.220     6901.220     6901.220     6904.230     6905.220
   580:     6906.220     6906.220     6911.210     6911.220     6927.750
   585:     6942.380     7024.150     7024.270     7024.670     7089.360
   590:     7094.950     7110.310     7131.090     7131.360     7132.480
   595:     7132.970     7159.760     7166.150     7166.960     7168.620
   600:     7168.620     7168.620     7168.620     7168.620     7168.620
   605:     7168.620     7172.620     7173.620     7173.620     7177.480
   610:     7178.610     7178.620     7185.470     7194.410     7195.830
   615:     7206.160     7207.460     7208.070     7208.220     7209.260
   620:     7222.900     7223.700     7231.540     7232.290     7232.420
   625:     7232.660     7232.820     7233.030     7233.410     7253.040
   630:     7253.040     7253.040     7253.040     7253.040     7253.040
   635:     7253.040     7254.300     7257.040     7258.040     7258.040
   640:     7262.190     7263.030     7263.040     7273.470     7274.380
   645:     7288.950     7289.140     7290.060     7290.320     7297.660
   650:     7300.060     7307.600     7307.820     7307.860     7307.980
   655:     7321.960     7321.960     7321.960     7321.960     7321.960
   660:     7321.960     7321.960     7325.960     7326.960     7326.960
   665:     7331.950     7331.960     7367.520     7370.120     7385.770
   670:     7390.890     7390.890     7390.890     7390.890     7390.890
   675:     7390.890     7390.890     7394.890     7395.890     7395.890
   680:     7397.270     7397.400     7400.880     7400.890     7451.760
   685:     7465.640     7465.640     7465.640     7465.640     7465.640
   690:     7465.640     7465.640     7469.640     7470.640     7470.640
   695:     7475.630     7475.640     7492.240     7492.240     7492.240
   700:     7492.240     7492.240     7492.240     7492.240     7496.240
   705:     7497.240     7497.240     7502.230     7502.240     7504.000
   710:     7504.000     7504.000     7504.000     7504.000     7504.000
   715:     7504.000     7508.000     7509.000     7509.000     7513.990
   720:     7514.000     7567.520     7632.150     7674.020     7674.370
   725:     7683.800     7684.340     7689.590     7737.610     7737.650
   730:     7760.900     7765.670     7770.430     7811.440     7812.240
   735:     7821.060     7962.850     7985.400     8101.230     8107.390
   740:     8107.440     8113.250     8113.570     8149.540     8156.530
   745:     8179.380     8186.840     8254.970     8420.210     8428.510
   750:     8459.280     8459.540     8505.780     8533.580     8572.460
   755:     8573.050     8670.410     8711.210     8711.220     8711.220
   760:     8711.220     8711.220     8711.220     8711.220     8715.220
   765:     8716.220     8716.220     8721.210     8721.220     8798.670
   770:     8836.920     8938.330     8950.270     9026.470     9052.500
   775:     9057.220     9125.660     9125.860     9160.320     9214.960
   780:     9227.690     9396.890     9418.290     9452.460     9452.880
   785:     9480.420     9480.580     9483.870     9484.110     9498.490
   790:     9534.590     9541.350     9541.510     9571.830     9625.020
   795:     9635.830     9691.750     9854.240     9917.990     9941.140
   800:     9942.390     9977.750    10011.760    10019.250    10063.570
   805:    10082.320    10157.590    10189.670    10397.890    10404.250
   810:    10521.210    10521.220    10521.220    10521.220    10521.220
   815:    10521.220    10521.220    10525.220    10526.220    10526.220
   820:    10527.520    10531.210    10531.220    10538.020    10553.590
   825:    10563.730    10563.790    10609.790    10620.150    10620.170
   830:    10624.190    10800.010
