File: C:\MED-PC IV\DATA\!2025-05-21_14h06m.Subject T11



Start Date: 05/21/25
End Date: 05/21/25
Subject: T11
Experiment: OralFentSA
Group: One
Box: 5
Start Time: 14:06:12
End Time: 17:06:15
MSN: Golden_Liq_SelfAdmin
F:       0.000
G:     398.000
H:   10800.010
I:       0.000
J:       0.000
K:       0.000
L:       0.000
M:       0.000
N:       0.000
O:       0.000
P:       0.000
Q:       0.000
R:       0.000
S:       0.000
U:       0.000
V:       0.000
W:       0.000
X:       0.000
Y:       0.000
Z:       0.000
A:
     0:        0.000        0.000      180.000        4.000        0.000
     5:        5.000        0.000        5.000        0.000        0.000
    10:        1.000        0.000       10.000  3000000.000       25.000
    15:        7.000      640.000        0.000        0.000        0.000
    20:        0.000
B:
     0:        0.000        0.000        0.000      400.000        0.000
     5:      500.000        0.000      500.000        0.000        0.000
    10:        0.000        0.000     1000.000 300000000.00        0.000
    15:        0.000        0.000        0.000        0.000        0.000
    20:        0.000
C:
     0:        8.000        9.000        0.000       10.000      272.000
     5:     9233.490       20.710        8.000       70.080        8.760
    10:       10.000        6.000        0.000        0.000        0.000
    15:        0.000        0.000        0.000        0.000        0.000
    20:        0.000
D:
     0:       10.060        7.450        4.410        4.820        8.890
     5:        9.910        3.830       20.710
E:
     0:       19.000       11.000       26.000       27.000        6.000
     5:        6.000        2.000        4.000       22.000       24.000
    10:       12.000       13.000        8.000        5.000       17.000
    15:       18.000       14.000       10.000       19.000       11.000
    20:        6.000        6.000        6.000        6.000        6.000
    25:        6.000        6.000       23.000        6.000        6.000
    30:        6.000        6.000        6.000        6.000       23.000
    35:        6.000        6.000        6.000        6.000        6.000
    40:        6.000        6.000        6.000        6.000        6.000
    45:        6.000        6.000        6.000        6.000        6.000
    50:        6.000        6.000        6.000        6.000        6.000
    55:        6.000        6.000        6.000        6.000        6.000
    60:        6.000        6.000        6.000        6.000        6.000
    65:        6.000        6.000        6.000        6.000        6.000
    70:        6.000        6.000        6.000        6.000        6.000
    75:        6.000        6.000        6.000        6.000        6.000
    80:        6.000        6.000        6.000        6.000        6.000
    85:        6.000        6.000        6.000        6.000        6.000
    90:        6.000        6.000        6.000        6.000        6.000
    95:        6.000        2.000        4.000       22.000       24.000
   100:       12.000       13.000        8.000        5.000       17.000
   105:       21.000       22.000       18.000       14.000       10.000
   110:        6.000       19.000       11.000        6.000        6.000
   115:        6.000        6.000        6.000        6.000       23.000
   120:        6.000        6.000        6.000        6.000        6.000
   125:        6.000        6.000        6.000        6.000        6.000
   130:        6.000        6.000        6.000        6.000        6.000
   135:        6.000        2.000        4.000       22.000       24.000
   140:       12.000       13.000        8.000        5.000       17.000
   145:       18.000        6.000       14.000       10.000       19.000
   150:       11.000        6.000        2.000        4.000       22.000
   155:       24.000       12.000       13.000        8.000        5.000
   160:       17.000       18.000        6.000       14.000       10.000
   165:        6.000       19.000       11.000        6.000        6.000
   170:        6.000        6.000        6.000        6.000        6.000
   175:        6.000        6.000        6.000        6.000        6.000
   180:        6.000        6.000        6.000        6.000        6.000
   185:        6.000        6.000        6.000        6.000        2.000
   190:        4.000       22.000       24.000       12.000       13.000
   195:        8.000        5.000       17.000       18.000       14.000
   200:       10.000        6.000       19.000       11.000        6.000
   205:        6.000        6.000        6.000        6.000        6.000
   210:        6.000       23.000       23.000        6.000        6.000
   215:        6.000        6.000        6.000        6.000        6.000
   220:        6.000        6.000        6.000        6.000        6.000
   225:        6.000        6.000        6.000        6.000        6.000
   230:        6.000        6.000        6.000        6.000        6.000
   235:        6.000        6.000        6.000        6.000        6.000
   240:        2.000        4.000       22.000       24.000       12.000
   245:       13.000        8.000        5.000       17.000       18.000
   250:       14.000       10.000        6.000       19.000       11.000
   255:        6.000        6.000        6.000        6.000        6.000
   260:        6.000        6.000        6.000        6.000        6.000
   265:        6.000        6.000        6.000        6.000        6.000
   270:        6.000        6.000        6.000        6.000        6.000
   275:        6.000        6.000        6.000        6.000        6.000
   280:        6.000        6.000        6.000        6.000        6.000
   285:        6.000        6.000        6.000        6.000       23.000
   290:        6.000        6.000        6.000        6.000        6.000
   295:        6.000        2.000        4.000       22.000       24.000
   300:       12.000       13.000        8.000        5.000       17.000
   305:       21.000       22.000        6.000       18.000       14.000
   310:       10.000        6.000        6.000        6.000       19.000
   315:       11.000        6.000        6.000        6.000        2.000
   320:        4.000       22.000       24.000       12.000       13.000
   325:        8.000        5.000       17.000       18.000       14.000
   330:       10.000       19.000       11.000        6.000        6.000
   335:        6.000        6.000        6.000        6.000        6.000
   340:        6.000        6.000        6.000        6.000        6.000
   345:        6.000        6.000        6.000        6.000        6.000
   350:        6.000        6.000        6.000        6.000        6.000
   355:        6.000        6.000        6.000        6.000        6.000
   360:        6.000        6.000        6.000        6.000        6.000
   365:        6.000        6.000        6.000        6.000        6.000
   370:        6.000        6.000        6.000        6.000        6.000
   375:        6.000        6.000        6.000        6.000        6.000
   380:        6.000        6.000        6.000        6.000        6.000
   385:        6.000        6.000        6.000        6.000        6.000
   390:        6.000        6.000        6.000        6.000        6.000
   395:        6.000        6.000        6.000      100.000
T:
     0:        0.000        0.000        0.000        0.000        4.670
     5:       13.010       51.850       51.850       51.850       51.860
    10:       51.860       51.860       51.860       51.860       51.860
    15:       55.860       56.860       56.860       61.850       61.860
    20:       61.920       63.790       74.400      118.260      120.790
    25:      121.360      129.310      171.600      202.360      203.610
    30:      277.190      277.400      277.770      360.520      368.510
    35:      399.110      399.780      416.230      417.470      423.020
    40:      423.960      465.730      465.940      475.260      475.480
    45:      478.410     1025.030     1025.050     1062.770     1063.480
    50:     1072.390     1072.710     1072.780     1072.810     1072.950
    55:     1080.870     1080.950     1103.450     1103.650     1167.870
    60:     1397.430     1397.850     1397.940     1398.010     1398.380
    65:     1400.490     1400.510     1400.900     1403.810     1406.300
    70:     1406.490     1504.620     1504.930     1505.500     1514.540
    75:     1514.580     1514.640     1522.430     1522.800     1522.980
    80:     1547.370     1548.000     1549.330     1549.380     1550.640
    85:     1608.550     1608.660     1608.870     1608.910     1608.980
    90:     1658.190     1668.110     1668.420     1669.270     1669.590
    95:     1712.960     1732.000     1732.000     1732.000     1732.010
   100:     1732.010     1732.010     1732.010     1732.010     1732.010
   105:     1733.470     1733.470     1736.010     1737.010     1737.010
   110:     1739.460     1742.000     1742.010     1754.560     1868.280
   115:     1894.300     1922.190     1922.250     1923.570     1931.790
   120:     2903.600     2904.030     2904.140     2914.000     2916.480
   125:     2918.960     2919.820     2920.620     2923.800     2925.030
   130:     2925.100     2953.440     3021.550     3021.720     3024.250
   135:     3047.190     3054.180     3054.180     3054.180     3054.190
   140:     3054.190     3054.190     3054.190     3054.190     3054.190
   145:     3058.190     3058.600     3059.190     3059.190     3064.180
   150:     3064.190     3083.930     3092.720     3092.720     3092.720
   155:     3092.730     3092.730     3092.730     3092.730     3092.730
   160:     3092.730     3096.730     3097.550     3097.730     3097.730
   165:     3098.880     3102.720     3102.730     3111.010     3129.260
   170:     3253.080     3253.330     3255.770     3293.570     3430.620
   175:     3478.690     3516.640     3517.230     3580.760     3595.850
   180:     3595.910     3597.270     4219.900     4768.980     4769.190
   185:     4925.210     4981.160     5074.530     5075.150     5076.580
   190:     5076.580     5076.580     5076.590     5076.590     5076.590
   195:     5076.590     5076.590     5076.590     5080.590     5081.590
   200:     5081.590     5085.480     5086.580     5086.590     5087.450
   205:     5104.560     5142.320     5150.100     5152.130     5189.760
   210:     5202.250     5216.170     5217.290     5298.630     5300.420
   215:     5300.610     5300.650     5334.600     5924.040     5928.810
   220:     5928.870     5929.600     5930.070     5975.980     6169.200
   225:     6181.120     6181.560     6409.050     6409.190     6412.910
   230:     6412.930     6413.320     6413.620     6904.610     6989.950
   235:     6990.810     6990.860     6991.270     6993.410     7004.640
   240:     7055.560     7055.560     7055.560     7055.570     7055.570
   245:     7055.570     7055.570     7055.570     7055.570     7059.570
   250:     7060.570     7060.570     7065.480     7065.560     7065.570
   255:     7068.580     7091.580     7097.860     7111.110     7155.570
   260:     7169.320     7170.590     7173.310     7180.630     7185.500
   265:     7187.510     7189.110     7267.930     7281.840     7456.840
   270:     7461.280     7461.290     7462.060     7462.550     8248.200
   275:     8356.410     8397.500     8543.520     8619.380     8736.130
   280:     8782.500     8782.740     8804.730     8806.060     8806.110
   285:     8806.360     8806.390     8806.460     8806.500     8825.760
   290:     8834.210     8842.470     8869.840     8873.000     8931.430
   295:     9199.840     9204.840     9204.840     9204.840     9204.850
   300:     9204.850     9204.850     9204.850     9204.850     9204.850
   305:     9204.960     9204.960     9208.680     9208.850     9209.850
   310:     9209.850     9212.020     9213.520     9213.650     9214.840
   315:     9214.850     9223.820     9230.880     9231.080     9233.480
   320:     9233.480     9233.480     9233.490     9233.490     9233.490
   325:     9233.490     9233.490     9233.490     9237.490     9238.490
   330:     9238.490     9243.480     9243.490     9254.200     9257.770
   335:     9281.570     9282.940     9283.050     9285.500     9286.160
   340:     9287.120     9290.770     9290.850     9291.050     9291.340
   345:     9291.400     9317.940     9323.430     9328.390     9328.460
   350:     9328.860     9354.850     9446.840     9510.210     9610.860
   355:     9679.140     9822.410     9968.620    10008.010    10035.130
   360:    10095.570    10095.620    10105.520    10105.900    10108.540
   365:    10109.000    10131.580    10132.110    10132.470    10132.580
   370:    10178.840    10204.550    10204.590    10229.920    10257.780
   375:    10259.980    10260.250    10356.130    10439.820    10440.060
   380:    10517.980    10557.640    10558.370    10560.010    10592.080
   385:    10596.070    10596.520    10597.120    10597.280    10598.240
   390:    10598.470    10598.590    10598.730    10598.860    10621.670
   395:    10698.030    10797.280    10797.890    10800.010
